Chr,Index,Beta,Pval.,Pval_adj.,Statistical_Power
chr2,58821307,-0.002950290460215764,0.892,0.955655992681,0.526
chr2,58821308,-0.002950290458456566,0.892,0.955655992681,0.5616
chr2,58821309,-0.002950290456358947,0.892,0.955655992681,0.5786
chr2,58821310,-0.002950290453887223,0.892,0.955655992681,0.577
chr2,58821311,-0.002950290451006901,0.892,0.955655992681,0.5571
chr2,58821312,-0.0029502904476853033,0.892,0.955655992681,0.5212
chr2,58821313,-0.002950290443892021,0.8914,0.955655992681,0.4698
chr2,58821314,-0.0029502904395991452,0.8914,0.955655992681,0.4085
chr2,58821315,-0.0029502904347812903,0.8892,0.954852797459,0.3412
chr2,58821316,-0.00295029042941539,0.8874,0.954278253949,0.2826
chr2,58821317,-0.002950290423480569,0.8876,0.954376469148,0.2316
chr2,58821318,-0.0029502904169583116,0.8882,0.954612555834,0.1858
chr2,58821319,-0.0029502904098333014,0.8874,0.954278253949,0.1465
chr2,58821320,-0.002950290402095262,0.8878,0.954416243344,0.1115
chr2,58821321,-0.0029502903937418377,0.888,0.954514411603,0.0879
chr2,58821322,-0.0029502903847820647,0.8884,0.954710676048,0.058
chr2,58821323,-0.0029502903752392706,0.889,0.954829705271,0.0497
chr2,58821324,-0.0029502903651518375,0.89,0.954852797459,0.0392
chr2,58821325,-0.00295029035457048,0.8894,0.954852797459,0.0361
chr2,58821326,-0.0029502903435517764,0.8866,0.953709902627,0.0325
chr2,58821327,-0.0029502903321496797,0.8834,0.951083113699,0.0315
chr2,58821328,-0.0029502903204049503,0.8806,0.94960511782,0.0324
chr2,58821329,-0.00295029030833612,0.8792,0.949004363055,0.0379
chr2,58821330,-0.0029502902959307417,0.878,0.948408461964,0.0408
chr2,58821331,-0.002950290283135608,0.8754,0.947581253466,0.0436
chr2,58821332,-0.0029502902698427098,0.8754,0.947581253466,0.0472
chr2,58821333,-0.0029502902558655925,0.8744,0.946965657562,0.0536
chr2,58821334,-0.002950290240896951,0.8738,0.946490934879,0.0589
chr2,58821335,-0.0029502902244283764,0.8738,0.946490934879,0.0686
chr2,58821336,-0.0029502902055948865,0.875,0.947323409763,0.077
chr2,58821337,-0.0029502901828497973,0.8746,0.947123859433,0.0841
chr2,58821338,-0.002950290153156529,0.8742,0.946865819819,0.0902
chr2,58821339,-0.002950290107936472,0.8736,0.946490934879,0.0937
chr2,58821340,-0.0029502899692392297,0.8744,0.946965657562,0.0985
chr2,58821341,-0.0029502674385261563,0.875,0.947323409763,0.0998
chr2,58821342,-0.00034182449295346414,0.9634,0.977761657133,0.1001
chr2,58821343,-0.0003418243746659738,0.9664,0.979674265597,0.1007
chr2,58821344,-0.00034182434290299984,0.9648,0.978617081481,0.0999
chr2,58821345,-0.0003418243265243148,0.9622,0.976882434541,0.1025
chr2,58821346,-0.00034182431793502446,0.9648,0.978617081481,0.1016
chr2,58821347,-0.0003418243140368846,0.9642,0.978121455386,0.0876
chr2,58821348,-0.0003418243133855608,0.9642,0.978121455386,0.0897
chr2,58821349,-0.0003418243152626399,0.9654,0.978943020436,0.0898
chr2,58821350,-0.00034182431927962825,0.9666,0.97976392175,0.0884
chr2,58821351,-0.00034182432520214626,0.966,0.979381818182,0.0865
chr2,58821352,-0.0003418243328657763,0.966,0.979381818182,0.0798
chr2,58821353,-0.00034182434213368007,0.9664,0.979674265597,0.0758
chr2,58821354,-0.00034182435287510746,0.9656,0.979089303238,0.0696
chr2,58821355,-0.00034182436495609986,0.965,0.978763425338,0.0648
chr2,58821356,-0.000341824378237525,0.9652,0.978796720744,0.0575
chr2,58821357,-0.00034182439257781223,0.9652,0.978796720744,0.051
chr2,58821358,-0.00034182440783860925,0.964,0.978088031423,0.0477
chr2,58821359,-0.00034182442389205255,0.9636,0.977851637876,0.0469
chr2,58821360,-0.00034182444062862035,0.9638,0.977941597828,0.0485
chr2,58821361,-0.00034182445796471786,0.9634,0.977761657133,0.0456
chr2,58821362,-0.0003418244758493152,0.9642,0.978121455386,0.0481
chr2,58821363,-0.023239525802842515,0.0862,0.466883441258,0.0517
chr2,58821364,-0.023239526666847032,0.0836,0.459459949937,0.0637
chr2,58821365,-0.023239526870594385,0.0806,0.450012396694,0.0756
chr2,58821366,-0.023239526957885722,0.0798,0.447394510054,0.0946
chr2,58821367,-0.02323952700455037,0.0786,0.442928777671,0.1459
chr2,58821368,-0.023239527033208956,0.0772,0.438840776699,0.1961
chr2,58821369,-0.023239527052388423,0.0762,0.435269268293,0.2641
chr2,58821370,-0.023239527065968404,0.0758,0.434113791979,0.34
chr2,58821371,-0.023239527075990852,0.0746,0.432173153034,0.3295
chr2,58821372,-0.023239527083639695,0.0746,0.432173153034,0.3945
chr2,58821373,-0.02323952708964385,0.074,0.43082863772,0.449
chr2,58821374,-0.023239527094470292,0.0744,0.432011900826,0.4842
chr2,58821375,-0.02323952709842707,0.074,0.43082863772,0.4991
chr2,58821376,-0.02323952710172216,0.0734,0.428614029255,0.4915
chr2,58821377,-0.02323952710449883,0.073,0.427130246502,0.4583
chr2,58821378,-0.023239527106857727,0.0728,0.426244,0.4063
chr2,58821379,-0.02323952710887173,0.0716,0.422173212487,0.353
chr2,58821380,-0.023239527110596004,0.0716,0.422173212487,0.2866
chr2,58821381,-0.023239527112075192,0.0716,0.422173212487,0.2244
chr2,58821382,-0.02323952711334836,0.0712,0.421370619946,0.1701
chr2,58821383,-0.023239527114451895,0.0708,0.420419878296,0.1297
chr2,58821384,-0.02323952711542091,0.0698,0.417303267529,0.101
chr2,58821385,-0.023239527116289432,0.0692,0.414562755798,0.0821
chr2,58821386,-0.023239527117090035,0.0688,0.413718589524,0.0632
chr2,58821387,-0.023239527117853393,0.0682,0.411660824742,0.0561
chr2,58821388,-0.02323952711860817,0.0668,0.40797705146,0.0489
chr2,58821389,-0.023239527119381168,0.0646,0.406556431387,0.0448
chr2,58821390,-0.02323952712019778,0.0628,0.405980498375,0.0442
chr2,58821391,-0.023239527121082435,0.0614,0.405980498375,0.0485
chr2,58821392,-0.023239527122058845,0.0598,0.403529389166,0.0519
chr2,58821393,-0.02323952712314994,0.0592,0.402106728538,0.0566
chr2,58821394,-0.023239527124377463,0.0596,0.402953810624,0.0611
chr2,58821395,-0.023239527125761234,0.0592,0.402106728538,0.0669
chr2,58821396,-0.02323952712731828,0.059,0.402106728538,0.0708
chr2,58821397,-0.02323952712906196,0.059,0.402106728538,0.0746
chr2,58821398,-0.02323952713100117,0.0588,0.402106728538,0.0771
chr2,58821399,-0.02323952713314003,0.0588,0.402106728538,0.0787
chr2,58821400,-0.02323952713547784,0.0578,0.398922200393,0.0788
chr2,58821401,-0.02323952713800948,0.0576,0.397698113208,0.0781
chr2,58821402,-0.02323952714072625,0.058,0.399831240188,0.0768
chr2,58821403,-0.023239527143616705,0.057,0.39479692429,0.0826
chr2,58821404,-0.023239527146667813,0.0558,0.388476813317,0.0815
chr2,58821405,-0.023239527149865935,0.0564,0.391103829451,0.0807
chr2,58821406,-0.02323952715319752,0.055,0.383667593328,0.081
chr2,58821407,-0.02323952715664936,0.0532,0.373633746501,0.0837
chr2,58821408,-0.023239527160208485,0.0528,0.372163723917,0.0872
chr2,58821409,-0.023239527163861625,0.0512,0.364100404858,0.0898
chr2,58821410,-0.023239527167594275,0.0498,0.357593648208,0.0833
chr2,58821411,-0.02323952717138965,0.0496,0.357593648208,0.0794
chr2,58821412,-0.02323952717522756,0.0502,0.358586010573,0.0818
chr2,58821413,-0.02323952717908349,0.0498,0.357593648208,0.0778
chr2,58821414,-0.023239527182928103,0.0498,0.357593648208,0.079
chr2,58821415,-0.023239527186727255,0.0492,0.357593648208,0.0793
chr2,58821416,-0.02323952719044275,0.049,0.357427325581,0.0799
chr2,58821417,-0.02323952719403367,0.0488,0.357006247397,0.0796
chr2,58821418,-0.023239527197458226,0.0492,0.357593648208,0.0794
chr2,58821419,-0.02323952720067587,0.0496,0.357593648208,0.0791
chr2,58821420,-0.023239527203649177,0.0472,0.352794893617,0.0781
chr2,58821421,-0.023239527206345555,0.0464,0.351752900731,0.0764
chr2,58821422,-0.023239527208738564,0.0474,0.35308778626,0.0744
chr2,58821423,-0.02323952721080892,0.047,0.352794893617,0.0729
chr2,58821424,-0.023239527212545366,0.047,0.352794893617,0.0703
chr2,58821425,-0.023239527213945323,0.046,0.350234070221,0.0758
chr2,58821426,-0.007836120956460572,0.537,0.886504229323,0.0751
chr2,58821427,-0.007836119015714162,0.5346,0.884954198473,0.0837
chr2,58821428,-0.007836118437356163,0.5342,0.884458761429,0.0801
chr2,58821429,-0.00783611814807475,0.5358,0.885771952941,0.1011
chr2,58821430,-0.007836117972407776,0.5336,0.884215471698,0.1047
chr2,58821431,-0.007836117854054372,0.5328,0.883223103058,0.1114
chr2,58821432,-0.00783611776926789,0.5328,0.883223103058,0.1411
chr2,58821433,-0.007836117706011269,0.5312,0.8823997354,0.1782
chr2,58821434,-0.00783611765728925,0.5298,0.881828579551,0.223
chr2,58821435,-0.007836117618624903,0.5298,0.881828579551,0.2897
chr2,58821436,-0.007836117586974861,0.527,0.879167537278,0.3794
chr2,58821437,-0.007836117560201467,0.528,0.879916508539,0.4638
chr2,58821438,-0.007836117536780709,0.5278,0.879750142342,0.5229
chr2,58821439,-0.007836117515623998,0.5268,0.879167537278,0.5458
chr2,58821440,-0.007836117495959,0.5258,0.878584189498,0.5352
chr2,58821441,-0.007836117477249913,0.5264,0.879167537278,0.4877
chr2,58821442,-0.007836117459137164,0.5268,0.879167537278,0.4094
chr2,58821443,-0.007836117441391935,0.5248,0.877915428571,0.3156
chr2,58821444,-0.007836117423880322,0.5264,0.879167537278,0.2443
chr2,58821445,-0.007836117406534568,0.5266,0.879167537278,0.1694
chr2,58821446,-0.007836117389330061,0.5268,0.879167537278,0.1319
chr2,58821447,-0.007836117372267493,0.5282,0.880082811611,0.1075
chr2,58821448,-0.007836117355360056,0.53,0.88199431549,0.0864
chr2,58821449,-0.00783611733862537,0.5308,0.8823997354,0.0731
chr2,58821450,-0.007836117322081622,0.5314,0.8823997354,0.0707
chr2,58821451,-0.007836117305746714,0.531,0.8823997354,0.0674
chr2,58821452,-0.007836117289639087,0.53,0.88199431549,0.068
chr2,58821453,-0.007836117273778736,0.5312,0.8823997354,0.0731
chr2,58821454,-0.007836117258187428,0.538,0.887487791134,0.0861
chr2,58821455,-0.007836117242887469,0.5374,0.886914497792,0.1008
chr2,58821456,-0.007836117227899007,0.5356,0.885691395217,0.113
chr2,58821457,-0.007836117213236295,0.5342,0.884458761429,0.1245
chr2,58821458,-0.007836117198903718,0.533,0.883387903378,0.1482
chr2,58821459,-0.00783611718489202,0.5312,0.8823997354,0.1684
chr2,58821460,-0.007836117171175537,0.531,0.8823997354,0.1918
chr2,58821461,-0.0078361171577102,0.5294,0.881413364929,0.2053
chr2,58821462,-0.00783611714443183,0.5266,0.879167537278,0.215
chr2,58821463,-0.007836117131254159,0.5252,0.878166396954,0.1926
chr2,58821464,-0.007836117118066192,0.5244,0.877413412078,0.2015
chr2,58821465,-0.007836117104729076,0.5232,0.876156735628,0.1885
chr2,58821466,-0.007836117091072835,0.5234,0.876241040793,0.1696
chr2,58821467,-0.007836117076892446,0.5234,0.876241040793,0.1513
chr2,58821468,-0.00783611706194388,0.523,0.87598884333,0.134
chr2,58821469,-0.007836117045939664,0.5242,0.877245903201,0.1223
chr2,58821470,-0.007836117028541367,0.5292,0.881163901792,0.1122
chr2,58821471,-0.007836117009347963,0.531,0.8823997354,0.1057
chr2,58821472,-0.007836116987876156,0.5308,0.8823997354,0.1071
chr2,58821473,-0.007836116963523617,0.5328,0.883223103058,0.111
chr2,58821474,-0.007836116935503097,0.5316,0.8823997354,0.1286
chr2,58821475,-0.007836116902721645,0.5316,0.8823997354,0.1389
chr2,58821476,-0.007836116863557037,0.5322,0.882811691378,0.1607
chr2,58821477,-0.007836116815429478,0.529,0.880997914099,0.1619
chr2,58821478,-0.00783611675392841,0.5254,0.878417126546,0.1802
chr2,58821479,-0.007836116670867067,0.524,0.876994759409,0.1946
chr2,58821480,-0.00783611654942501,0.525,0.878082746144,0.2058
chr2,58821481,-0.007836116350049526,0.5252,0.878166396954,0.2053
chr2,58821482,-0.007836115957236059,0.527,0.879167537278,0.1968
chr2,58821483,-0.007836114781985615,0.526,0.878834775992,0.1841
chr2,58821484,0.001961080197884518,0.7742,0.897402573175,0.166
chr2,58821485,0.0019610801945695658,0.7734,0.897402573175,0.149
chr2,58821486,0.00196108019127199,0.7732,0.897402573175,0.13
chr2,58821487,0.0019610801880119194,0.7732,0.897402573175,0.1115
chr2,58821488,0.0019610801848124857,0.7738,0.897402573175,0.0977
chr2,58821489,0.001961080181699274,0.775,0.897402573175,0.0936
chr2,58821490,0.0019610801786994867,0.7742,0.897402573175,0.0862
chr2,58821491,0.0019610801758410575,0.7728,0.897402573175,0.0906
chr2,58821492,0.00196108017315178,0.7706,0.897402573175,0.0974
chr2,58821493,0.0019610801706588096,0.7736,0.897402573175,0.1058
chr2,58821494,0.001961080168388429,0.7718,0.897402573175,0.1057
chr2,58821495,0.0019610801663661115,0.7734,0.897402573175,0.1076
chr2,58821496,0.0019610801646167118,0.7746,0.897402573175,0.1122
chr2,58821497,0.001961080163164568,0.7732,0.897402573175,0.1175
chr2,58821498,0.001961080162033251,0.776,0.897402573175,0.1126
chr2,58821499,0.00196108016124474,0.7778,0.897402573175,0.1203
chr2,58821500,0.001961080160817949,0.7764,0.897402573175,0.128
chr2,58821501,0.001961080160766811,0.7778,0.897402573175,0.1257
chr2,58821502,0.001961080161098451,0.7758,0.897402573175,0.1204
chr2,58821503,0.001961080161812276,0.774,0.897402573175,0.1303
chr2,58821504,0.0019610801629007316,0.775,0.897402573175,0.1445
chr2,58821505,0.0019610801643516864,0.7764,0.897402573175,0.1573
chr2,58821506,0.0019610801661518796,0.776,0.897402573175,0.1709
chr2,58821507,0.0019610801682900534,0.7766,0.897402573175,0.1839
chr2,58821508,0.0019610801707587,0.7772,0.897402573175,0.1883
chr2,58821509,0.001961080173554052,0.7778,0.897402573175,0.1889
chr2,58821510,0.001961080176674758,0.7774,0.897402573175,0.1858
chr2,58821511,0.001961080180119966,0.7798,0.897402573175,0.1756
chr2,58821512,0.0019610801838875424,0.78,0.897402573175,0.1676
chr2,58821513,0.001961080187972907,0.7782,0.897402573175,0.1529
chr2,58821514,0.001961080192368646,0.7788,0.897402573175,0.1519
chr2,58821515,0.0019610801970648918,0.779,0.897402573175,0.1327
chr2,58821516,0.0019610802020503227,0.7794,0.897402573175,0.1297
chr2,58821517,0.001961080207313576,0.7804,0.897402573175,0.1158
chr2,58821518,0.0019610802128448264,0.782,0.897402573175,0.1036
chr2,58821519,0.0019610802186373066,0.7782,0.897402573175,0.093
chr2,58821520,0.0019610802246885187,0.7752,0.897402573175,0.083
chr2,58821521,0.0019610802310009484,0.776,0.897402573175,0.072
chr2,58821522,0.001961080237582123,0.776,0.897402573175,0.0677
chr2,58821523,0.001961080244443933,0.7782,0.897402573175,0.0671
chr2,58821524,0.00196108025160133,0.7772,0.897402573175,0.068
chr2,58821525,0.0019610802590704158,0.7782,0.897402573175,0.0687
chr2,58821526,0.001961080266866168,0.7774,0.897402573175,0.064
chr2,58821527,0.0019610802750001806,0.7774,0.897402573175,0.0636
chr2,58821528,0.0019610802834786937,0.7776,0.897402573175,0.0627
chr2,58821529,0.0019610802923011204,0.7778,0.897402573175,0.061
chr2,58821530,0.0019610803014593107,0.7764,0.897402573175,0.0578
chr2,58821531,0.0019610803109377213,0.7784,0.897402573175,0.0571
chr2,58821532,0.0019610803207144195,0.7784,0.897402573175,0.0518
chr2,58821533,0.00196108033076281,0.7792,0.897402573175,0.0507
chr2,58821534,0.00196108034105389,0.7806,0.897402573175,0.0495
chr2,58821535,0.001961080351558873,0.7802,0.897402573175,0.0452
chr2,58821536,0.0019610803622518566,0.7804,0.897402573175,0.0435
chr2,58821537,0.00196108037311243,0.7788,0.897402573175,0.0432
chr2,58821538,0.0019610803841280697,0.7812,0.897402573175,0.0435
chr2,58821539,0.0019610803952962207,0.7794,0.897402573175,0.0444
chr2,58821540,0.0019610804066260124,0.782,0.897402573175,0.0493
chr2,58821541,0.001961080418139475,0.7822,0.897402573175,0.0568
chr2,58821542,0.0019610804298722437,0.782,0.897402573175,0.0672
chr2,58821543,0.001961080441873471,0.7832,0.897402573175,0.0804
chr2,58821544,0.001961080454204839,0.7834,0.897402573175,0.099
chr2,58821545,0.0019610804669384844,0.7842,0.897402573175,0.1244
chr2,58821546,0.001961080480153764,0.7838,0.897402573175,0.1544
chr2,58821547,0.001961080493932944,0.7856,0.897402573175,0.1901
chr2,58821548,0.001961080508356141,0.7854,0.897402573175,0.2582
chr2,58821549,0.0019610805234958487,0.7836,0.897402573175,0.2966
chr2,58821550,0.0019610805394117805,0.7826,0.897402573175,0.3283
chr2,58821551,0.001961080556146534,0.7828,0.897402573175,0.3427
chr2,58821552,0.001961080573722591,0.785,0.897402573175,0.3483
chr2,58821553,0.001961080592140971,0.786,0.897402573175,0.3416
chr2,58821554,0.001961080611381638,0.7866,0.897402573175,0.3249
chr2,58821555,0.001961080631405501,0.7868,0.897402573175,0.3034
chr2,58821556,0.001961080652157802,0.7896,0.897402573175,0.2744
chr2,58821557,0.001961080673572353,0.7884,0.897402573175,0.244
chr2,58821558,0.001961080695576337,0.7888,0.897402573175,0.1847
chr2,58821559,0.0019610807180953007,0.79,0.897402573175,0.1926
chr2,58821560,0.0019610807410580713,0.7846,0.897402573175,0.2069
chr2,58821561,0.0019610807644014306,0.7838,0.897402573175,0.1896
chr2,58821562,0.0019610807880744165,0.7824,0.897402573175,0.1805
chr2,58821563,0.0019610808120420035,0.7836,0.897402573175,0.1755
chr2,58821564,0.001961080836287593,0.7832,0.897402573175,0.1745
chr2,58821565,0.00196108086081333,0.7862,0.897402573175,0.1732
chr2,58821566,0.001961080885637197,0.7892,0.897402573175,0.2129
chr2,58821567,0.001961080910786574,0.7872,0.897402573175,0.2203
chr2,58821568,0.001961080936289578,0.7862,0.897402573175,0.2293
chr2,58821569,0.0019610809621668506,0.7858,0.897402573175,0.1968
chr2,58821570,0.0019610809884263473,0.7904,0.897402573175,0.2042
chr2,58821571,0.0019610810150621394,0.7884,0.897402573175,0.2092
chr2,58821572,0.001961081042056313,0.7862,0.897402573175,0.2116
chr2,58821573,0.0019610810693822993,0.7866,0.897402573175,0.2114
chr2,58821574,0.001961081097008217,0.7856,0.897402573175,0.2065
chr2,58821575,0.0019610811248995013,0.7878,0.897402573175,0.197
chr2,58821576,0.001961081153020721,0.7888,0.897402573175,0.1876
chr2,58821577,0.00196108118133685,0.791,0.897402573175,0.175
chr2,58821578,0.0019610812098141295,0.788,0.897402573175,0.1575
chr2,58821579,0.0019610812384207726,0.7874,0.897402573175,0.143
chr2,58821580,0.0019610812671276064,0.7908,0.897402573175,0.1493
chr2,58821581,0.0019610812959085693,0.7902,0.897402573175,0.1337
chr2,58821582,0.001961081324740983,0.7902,0.897402573175,0.1065
chr2,58821583,0.001961081353605645,0.7944,0.897455364034,0.0884
chr2,58821584,0.00196108138248674,0.7914,0.897402573175,0.087
chr2,58821585,0.0019610814113715305,0.7942,0.897402573175,0.0847
chr2,58821586,0.0019610814402500508,0.791,0.897402573175,0.0831
chr2,58821587,0.0019610814691146876,0.789,0.897402573175,0.0808
chr2,58821588,0.001961081497959775,0.787,0.897402573175,0.079
chr2,58821589,0.0019610815267812345,0.7896,0.897402573175,0.0781
chr2,58821590,0.0019610815555762434,0.7886,0.897402573175,0.0763
chr2,58821591,0.001961081584342896,0.787,0.897402573175,0.0733
chr2,58821592,0.001961081613079879,0.7882,0.897402573175,0.0681
chr2,58821593,0.001961081641786037,0.7896,0.897402573175,0.0637
chr2,58821594,0.001961081670459874,0.7898,0.897402573175,0.0587
chr2,58821595,0.001961081699098952,0.7914,0.897402573175,0.054
chr2,58821596,0.001961081727699124,0.7914,0.897402573175,0.0497
chr2,58821597,0.00196108175625387,0.7898,0.897402573175,0.0479
chr2,58821598,0.0019610817847534974,0.793,0.897402573175,0.0441
chr2,58821599,0.0019610818131844247,0.7918,0.897402573175,0.0415
chr2,58821600,0.001961081841528671,0.7926,0.897402573175,0.0397
chr2,58821601,0.0019610818697634678,0.7938,0.897402573175,0.0408
chr2,58821602,0.001961081897861138,0.7906,0.897402573175,0.0407
chr2,58821603,0.0019610819257891822,0.7922,0.897402573175,0.0417
chr2,58821604,0.0019610819535104984,0.792,0.897402573175,0.0437
chr2,58821605,0.0019610819809835643,0.7914,0.897402573175,0.0478
chr2,58821606,0.001961082008162457,0.7902,0.897402573175,0.051
chr2,58821607,0.001961082034996496,0.7896,0.897402573175,0.055
chr2,58821608,0.0019610820614294287,0.7886,0.897402573175,0.0577
chr2,58821609,0.0019610820873979837,0.7886,0.897402573175,0.0604
chr2,58821610,0.0019610821128301587,0.7868,0.897402573175,0.0622
chr2,58821611,0.0019610821376433796,0.7856,0.897402573175,0.0638
chr2,58821612,0.0019610821617427536,0.7856,0.897402573175,0.0647
chr2,58821613,0.0019610821850202863,0.7856,0.897402573175,0.0652
chr2,58821614,0.0019610822073558606,0.7836,0.897402573175,0.0654
chr2,58821615,0.002232665865310163,0.764,0.897402573175,0.0658
chr2,58821616,0.0022326733244038685,0.762,0.897402573175,0.0696
chr2,58821617,0.002232673712702634,0.7624,0.897402573175,0.0707
chr2,58821618,0.0022326738527952156,0.7602,0.897402573175,0.0709
chr2,58821619,0.002232673927898374,0.7596,0.897402573175,0.0706
chr2,58821620,0.002232673975759998,0.7572,0.897402573175,0.0703
chr2,58821621,0.002232674009318229,0.7586,0.897402573175,0.0703
chr2,58821622,0.0022326740343029594,0.76,0.897402573175,0.0706
chr2,58821623,0.0022326740536764682,0.7614,0.897402573175,0.071
chr2,58821624,0.0022326740691379957,0.761,0.897402573175,0.0791
chr2,58821625,0.00223267408173867,0.7614,0.897402573175,0.082
chr2,58821626,0.0022326740921665947,0.76,0.897402573175,0.0871
chr2,58821627,0.002232674100890388,0.7628,0.897402573175,0.0924
chr2,58821628,0.002232674108239255,0.766,0.897402573175,0.1005
chr2,58821629,0.0022326741144486637,0.7648,0.897402573175,0.1235
chr2,58821630,0.002232674119689254,0.7628,0.897402573175,0.1335
chr2,58821631,0.0022326741240862986,0.7636,0.897402573175,0.1409
chr2,58821632,0.0022326741277345396,0.7652,0.897402573175,0.1432
chr2,58821633,0.0022326741307088743,0.7628,0.897402573175,0.148
chr2,58821634,0.0022326741330726922,0.763,0.897402573175,0.1485
chr2,58821635,0.002232674134883911,0.7638,0.897402573175,0.1484
chr2,58821636,0.002232674136198669,0.7632,0.897402573175,0.1439
chr2,58821637,0.002232674137073278,0.7624,0.897402573175,0.1395
chr2,58821638,0.002232674137563547,0.7642,0.897402573175,0.1383
chr2,58821639,0.002232674137722502,0.7628,0.897402573175,0.1412
chr2,58821640,0.00011622808177689,0.9034,0.961240108893,0.1503
chr2,58821641,0.00011622789287429803,0.902,0.961240108893,0.1596
chr2,58821642,0.00011622778389948029,0.8982,0.959547682764,0.2188
chr2,58821643,0.00011622773141122507,0.8974,0.95910136903,0.2743
chr2,58821644,0.00011622770012816078,0.8954,0.957954744792,0.3502
chr2,58821645,0.00011622767792212466,0.9006,0.961117868643,0.4414
chr2,58821646,0.00011622766072091965,0.9,0.960827812557,0.5439
chr2,58821647,0.0001162276468111833,0.901,0.961240108893,0.7015
chr2,58821648,0.00011622763528653518,0.8996,0.960517536928,0.8392
chr2,58821649,0.00011622762559900832,0.8982,0.959547682764,0.9175
chr2,58821650,0.00011622761739279265,0.8988,0.959838399805,0.9527
chr2,58821651,0.00011622761042405879,0.9004,0.961079606223,0.9674
chr2,58821652,0.00011622760451601526,0.9004,0.961079606223,0.9731
chr2,58821653,0.00011622759953220372,0.9008,0.961214507017,0.9684
chr2,58821654,0.00011622759536040343,0.9006,0.961117868643,0.9571
chr2,58821655,0.00011622759190304872,0.9006,0.961117868643,0.9294
chr2,58915934,0.008537525924127844,0.8362,0.916844756554,0.3572
chr2,58916022,-0.0014459389634360132,0.9814,0.990137334865,0.2922
chr2,58916023,-0.0014459389616258847,0.9814,0.990137334865,0.3158
chr2,58916024,-0.0014459389596183888,0.9814,0.990137334865,0.3366
chr2,58916025,-0.0014459389574442148,0.9814,0.990137334865,0.3503
chr2,58916026,-0.0014459389551482406,0.9814,0.990137334865,0.3577
chr2,58916027,-0.0014459389527871882,0.9814,0.990137334865,0.3591
chr2,58916028,-0.0014459389504246569,0.9824,0.990463551831,0.3573
chr2,58916029,-0.0014459389481244205,0.9824,0.990463551831,0.3499
chr2,58916030,-0.0014459389459436733,0.9824,0.990463551831,0.3362
chr2,58916031,-0.0014459389439279453,0.9824,0.990463551831,0.3155
chr2,58916032,-0.0014459389421086128,0.9824,0.990463551831,0.2919
chr2,58916085,0.011484345578701515,0.3776,0.774902630365,0.1612
chr2,58916086,0.011484345576732419,0.3776,0.774902630365,0.157
chr2,58916087,0.01148434557445497,0.3776,0.774902630365,0.1466
chr2,58916088,0.011484345571858347,0.3776,0.774902630365,0.1316
chr2,58916089,0.011484345568939097,0.3776,0.774902630365,0.1131
chr2,58916090,0.011484345565702325,0.3776,0.774902630365,0.0966
chr2,58916091,0.011484345562162221,0.3776,0.774902630365,0.0789
chr2,58916092,0.011484345558341682,0.3776,0.774902630365,0.0666
chr2,58916093,0.011484345554270815,0.3776,0.774902630365,0.0549
chr2,58916094,0.011484345549984568,0.3776,0.774902630365,0.0474
chr2,58916095,0.011484345545519832,0.3776,0.774902630365,0.0418
chr2,58916096,0.01148434554091263,0.3776,0.774902630365,0.0353
chr2,58916097,0.011484345536195836,0.3776,0.774902630365,0.0325
chr2,58916098,0.0114843455313977,0.3776,0.774902630365,0.0306
chr2,58916099,0.011484345526541243,0.3776,0.774902630365,0.0285
chr2,58916100,0.011484345521644339,0.3776,0.774902630365,0.0276
chr2,58916101,0.011484345516720259,0.3776,0.774902630365,0.0266
chr2,58916102,0.011484345511778503,0.3776,0.774902630365,0.0259
chr2,58916103,0.011484345506825587,0.3776,0.774902630365,0.0256
chr2,58916104,0.011484345501865842,0.3776,0.774902630365,0.0252
chr2,58916105,0.011484345496902061,0.3776,0.774902630365,0.0252
chr2,58916106,0.01148434549193601,0.372,0.768817507942,0.0254
chr2,58916107,0.01148434548696879,0.3586,0.750662495531,0.026
chr2,58916108,0.011484345482001137,0.3562,0.746795535927,0.0262
chr2,58916109,0.011484345477033597,0.353,0.740970960803,0.0271
chr2,58916110,0.011484345472066684,0.3512,0.737633385149,0.0277
chr2,58916111,0.011484345467100964,0.3502,0.735885034095,0.0294
chr2,58916112,0.011484345462137186,0.3496,0.735640780184,0.0335
chr2,58916113,0.011484345457176116,0.3494,0.735612010068,0.0368
chr2,58916114,0.011484345452218473,0.3494,0.735612010068,0.041
chr2,58916115,0.011484345447264567,0.3494,0.735612010068,0.0503
chr2,58916116,0.011484345442313627,0.3494,0.735612010068,0.062
chr2,58916117,0.01148434543736273,0.3496,0.735640780184,0.0802
chr2,58916118,0.011484345432405405,0.3488,0.734877293991,0.1086
chr2,58916119,0.011484345427430048,0.3492,0.735612010068,0.1214
chr2,58916120,0.01148434542241851,0.3484,0.734210677864,0.1571
chr2,58916121,0.011484345417345372,0.3478,0.733826666667,0.2055
chr2,58916122,0.01148434541217836,0.3472,0.733000961538,0.2083
chr2,58916123,0.01148434540688011,0.3466,0.732350415013,0.2923
chr2,58916124,0.011484345401411186,0.3462,0.732033586132,0.3762
chr2,58916125,0.011484345395733874,0.3454,0.731222249006,0.4403
chr2,58916126,0.01148434538981603,0.3442,0.730619093656,0.4616
chr2,58916127,0.011484345383634312,0.3432,0.730404695631,0.4429
chr2,58916128,0.01148434537717623,0.3426,0.730404695631,0.3826
chr2,58916129,0.011484345370440826,0.3424,0.730404695631,0.2987
chr2,58916130,0.01148434536343793,0.3428,0.730404695631,0.2115
chr2,58916131,0.011484345356186362,0.3426,0.730404695631,0.1726
chr2,58916132,0.011484345348711523,0.3416,0.730129471891,0.1367
chr2,58916133,0.011484345341042661,0.3418,0.73037919708,0.1077
chr2,58916134,0.011484345333210369,0.3412,0.72980735509,0.0838
chr2,58916135,0.011484345325244427,0.3408,0.729218175174,0.065
chr2,58916136,0.011484345317172216,0.3398,0.728231698389,0.0496
chr2,58916137,0.011484345309017699,0.339,0.727656082071,0.0444
chr2,58916138,0.011484345300800865,0.3382,0.727656082071,0.0386
chr2,58916139,0.011484345292537603,0.3384,0.727656082071,0.0362
chr2,58916140,0.011484345284239854,0.3388,0.727656082071,0.0337
chr2,58916141,0.011484345275915932,0.3358,0.727656082071,0.0324
chr2,58916142,0.011484345267570929,0.3308,0.725587162837,0.0324
chr2,58916143,0.01148434525920712,0.3292,0.723251782364,0.0341
chr2,58916144,0.011484345250824382,0.3234,0.719594104308,0.0362
chr2,58916145,0.01148434524242058,0.3202,0.717112456968,0.0405
chr2,58916146,0.011484345233991935,0.3194,0.715777111508,0.0475
chr2,58916147,0.011484345225533552,0.3174,0.71357109945,0.0588
chr2,58916148,0.011484345217039947,0.3162,0.713148466573,0.0727
chr2,58916149,0.011484345208505754,0.316,0.712795685116,0.0919
chr2,58916150,0.011484345199926485,0.316,0.712795685116,0.116
chr2,58916151,0.01148434519129945,0.315,0.711728196553,0.1449
chr2,58916152,0.01148434518262474,0.3144,0.711642471042,0.1804
chr2,58916153,0.011484345173906126,0.313,0.711142801707,0.2229
chr2,58916154,0.01148434516515195,0.312,0.710698873203,0.2626
chr2,58916155,0.011484345156375687,0.3124,0.710698873203,0.2964
chr2,58916156,0.011484345147596168,0.3102,0.710698873203,0.3245
chr2,58916157,0.011484345138837197,0.3094,0.710698873203,0.34
chr2,58916158,0.011484345130126227,0.3088,0.710698873203,0.3504
chr2,58916159,0.011484345121491848,0.3096,0.710698873203,0.3504
chr2,58916160,0.011484345112959787,0.3084,0.710698873203,0.3399
chr2,58916161,0.01148434510454751,0.3104,0.710698873203,0.3254
chr2,58916162,0.011484345096257948,0.3112,0.710698873203,0.3056
chr2,58916163,0.011484345088073868,0.3106,0.710698873203,0.293
chr2,58916164,0.011484345079955117,0.3108,0.710698873203,0.2778
chr2,58916165,0.01148434507184084,0.3098,0.710698873203,0.2649
chr2,58916166,0.011484345063657421,0.308,0.710698873203,0.2567
chr2,58916167,0.011484345055330282,0.3032,0.708865699454,0.254
chr2,58916168,0.011484345046795845,0.303,0.708865699454,0.2532
chr2,58916169,0.011484345038009897,0.3016,0.708232064128,0.2502
chr2,58916170,0.011484345028950644,0.3,0.707315436242,0.2447
chr2,58916171,0.011484345019617006,0.3,0.707315436242,0.2347
chr2,58916172,0.011484345010024096,0.3012,0.708053800857,0.2217
chr2,58916173,0.011484345000197542,0.3006,0.707773092369,0.1805
chr2,58916174,0.011484344990167981,0.2992,0.70675739645,0.164
chr2,58916175,-0.010087415354828657,0.4336,0.788203304078,0.1475
chr2,58916176,-0.010087415349363119,0.4342,0.788203304078,0.1301
chr2,58916177,-0.01008741534433627,0.4338,0.788203304078,0.1345
chr2,58916178,-0.010087415339683095,0.435,0.788684454996,0.1446
chr2,58916179,-0.010087415335354006,0.4372,0.791529375387,0.1568
chr2,58916180,-0.010087415331310417,0.4354,0.789083883615,0.1432
chr2,58916181,-0.010087415327521075,0.4336,0.788203304078,0.1325
chr2,58916182,-0.01008741532395923,0.4316,0.786253266957,0.1272
chr2,58916183,-0.010087415320600706,0.4306,0.785735404114,0.1271
chr2,58916184,-0.010087415317422821,0.429,0.785735404114,0.1245
chr2,58916185,-0.010087415314404073,0.431,0.786057003426,0.1239
chr2,58916186,-0.010087415311524309,0.429,0.785735404114,0.1237
chr2,58916187,-0.010087415308765111,0.4288,0.785735404114,0.121
chr2,58916188,-0.010087415306110117,0.4292,0.785735404114,0.1131
chr2,58916189,-0.010087415303545184,0.4276,0.785735404114,0.1047
chr2,58916190,-0.010087415301058276,0.4276,0.785735404114,0.0935
chr2,58916191,-0.010087415298639135,0.4274,0.785735404114,0.083
chr2,58916192,-0.010087415296278865,0.4274,0.785735404114,0.0714
chr2,58916193,-0.010087415293969478,0.4276,0.785735404114,0.0611
chr2,58916194,-0.010087415291703575,0.4274,0.785735404114,0.053
chr2,58916195,-0.010087415289474197,0.427,0.785735404114,0.0468
chr2,58916196,-0.010087415287274804,0.4272,0.785735404114,0.0406
chr2,58916197,-0.010087415285099379,0.4278,0.785735404114,0.0355
chr2,58916198,-0.010087415282942557,0.4278,0.785735404114,0.0323
chr2,58916199,-0.010087415280799742,0.4284,0.785735404114,0.0303
chr2,58916200,-0.010087415278667114,0.4286,0.785735404114,0.0282
chr2,58916201,-0.01008741527654165,0.4288,0.785735404114,0.0273
chr2,58916202,-0.010087415274421016,0.4286,0.785735404114,0.0262
chr2,58916203,-0.010087415272303436,0.4284,0.785735404114,0.0262
chr2,58916204,-0.010087415270187524,0.4294,0.785735404114,0.026
chr2,58916205,-0.010087415268072114,0.4296,0.785735404114,0.0256
chr2,58916206,-0.010087415265956062,0.4338,0.788203304078,0.0255
chr2,58916207,-0.010087415263838032,0.4318,0.786454479469,0.0254
chr2,58916208,-0.010087415261716241,0.4338,0.788203304078,0.0258
chr2,58916209,-0.01008741525958817,0.433,0.787660004143,0.0264
chr2,58916210,-0.01008741525745022,0.4342,0.788203304078,0.0276
chr2,58916211,-0.010087415255297338,0.4348,0.788403220811,0.0287
chr2,58916212,-0.010087415253122619,0.4344,0.788203304078,0.0299
chr2,58916213,-0.010087415250916934,0.4346,0.788203304078,0.0348
chr2,58916214,-0.010087415248668637,0.4338,0.788203304078,0.0397
chr2,58916215,-0.010087415246363423,0.433,0.787660004143,0.044
chr2,58916216,-0.010087415243984344,0.4326,0.787503264587,0.0526
chr2,58916217,-0.010087415241511972,0.4316,0.786253266957,0.0615
chr2,58916218,-0.010087415238924648,0.4314,0.786215086117,0.0743
chr2,58916219,-0.01008741523619863,0.432,0.786492537313,0.0881
chr2,58916220,-0.01008741523330795,0.4314,0.786215086117,0.1053
chr2,58916221,-0.01008741523022379,0.4306,0.785735404114,0.1209
chr2,58916222,-0.01008741522691316,0.4302,0.785735404114,0.1796
chr2,58916223,-0.010087415223336775,0.4298,0.785735404114,0.1922
chr2,58916224,-0.010087415219445861,0.4296,0.785735404114,0.1976
chr2,58916225,-0.010087415215177701,0.4298,0.785735404114,0.1921
chr2,58916226,-0.010087415210449494,0.43,0.785735404114,0.1358
chr2,58916227,-0.010087415205149906,0.4304,0.785735404114,0.1205
chr2,58916228,-0.010087415199127583,0.43,0.785735404114,0.1052
chr2,58916229,-0.010087415192175661,0.43,0.785735404114,0.088
chr2,58916230,-0.01008741518401142,0.4302,0.785735404114,0.0749
chr2,58916231,-0.010087415174250994,0.4306,0.785735404114,0.0621
chr2,58916232,-0.010087415162381182,0.4302,0.785735404114,0.0527
chr2,58916233,-0.010087415147735227,0.4312,0.786095277634,0.0444
chr2,58916234,-0.010087415129488039,0.4316,0.786253266957,0.0405
chr2,58916235,-0.010087415106697488,0.4302,0.785735404114,0.0351
chr2,58916236,-0.01008741507842337,0.4304,0.785735404114,0.0321
chr2,58916237,-0.010087415043933201,0.4306,0.785735404114,0.03
chr2,58916238,-0.01008741500294172,0.4308,0.785855436702,0.0288
chr2,58916239,-0.010087414955760774,0.4296,0.785735404114,0.0284
chr2,58916240,-0.010087414903247875,0.4304,0.785735404114,0.028
chr2,58916241,-0.010087414846567127,0.4302,0.785735404114,0.0283
chr2,58916242,-0.010087414786899694,0.4248,0.785735404114,0.0306
chr2,58916243,-0.010087414725238294,0.4168,0.782333511263,0.0313
chr2,58916244,-0.01008741466230548,0.4152,0.782333511263,0.0343
chr2,58916245,-0.010087414598559451,0.4144,0.782333511263,0.039
chr2,58916246,-0.01008741453423446,0.4142,0.782333511263,0.045
chr2,58916247,-0.010087414469379725,0.4144,0.782333511263,0.0568
chr2,58916248,-0.010087414403880515,0.414,0.782333511263,0.077
chr2,58916249,-0.010087414337456373,0.4144,0.782333511263,0.1056
chr2,58916250,-0.010087414269634465,0.414,0.782333511263,0.1466
chr2,58916251,-0.010087414199711339,0.4134,0.782333511263,0.1991
chr2,58916252,-0.010087414126635389,0.414,0.782333511263,0.2725
chr2,58916253,-0.01008741404885618,0.4134,0.782333511263,0.3573
chr2,58916254,-0.010087413964025722,0.4118,0.782333511263,0.4516
chr2,58916255,-0.01008741386844908,0.4118,0.782333511263,0.5283
chr2,58916256,-0.010087413755939849,0.4114,0.782333511263,0.588
chr2,58916257,-0.01008741361519258,0.4122,0.782333511263,0.624
chr2,58916258,-0.010087413422778507,0.4116,0.782333511263,0.6428
chr2,58916259,-0.010087413119841833,0.4116,0.782333511263,0.6346
chr2,58916260,-0.010087412499680546,0.4118,0.782333511263,0.6067
chr2,58916261,-0.010087410017792887,0.4126,0.782333511263,0.4131
chr2,58916262,0.0019135350120168134,0.7972,0.898506919528,0.3625
chr2,58916263,0.0019135362247024174,0.797,0.898506919528,0.3088
chr2,58916264,0.001913536525779614,0.7972,0.898506919528,0.2644
chr2,58916265,0.0019135366478908308,0.801,0.900509792627,0.225
chr2,58916266,0.0023733466492673995,0.768,0.897402573175,0.1623
chr2,58916267,0.002373346808925382,0.7724,0.897402573175,0.1257
chr2,58916268,0.002373346856469435,0.7764,0.897402573175,0.1054
chr2,58916269,0.0023733468789738,0.7752,0.897402573175,0.0982
chr2,58916270,0.002373346891847403,0.7754,0.897402573175,0.1105
chr2,58916271,0.0023733468999943066,0.772,0.897402573175,0.1287
chr2,58916272,0.002373346905427134,0.771,0.897402573175,0.1465
chr2,58916273,0.0023733469091274263,0.7714,0.897402573175,0.1685
chr2,58916274,0.0023733469116288966,0.7714,0.897402573175,0.1875
chr2,58916275,0.002373346913237985,0.774,0.897402573175,0.2023
chr2,58916276,0.002373346914131254,0.7742,0.897402573175,0.211
chr2,58916277,0.00237334691440296,0.7748,0.897402573175,0.1826
chr2,58916278,0.002373346914088682,0.7726,0.897402573175,0.1741
chr2,58916279,0.002373346913175329,0.7714,0.897402573175,0.1582
chr2,58916280,0.002373346911601723,0.7726,0.897402573175,0.1376
chr2,58916281,0.002373346909250823,0.7724,0.897402573175,0.1164
chr2,58916282,0.0023733469059322534,0.7714,0.897402573175,0.0974
chr2,58916283,0.0023733469013507936,0.771,0.897402573175,0.081
chr2,58916284,0.0023733468950516102,0.7704,0.897402573175,0.067
chr2,58916285,0.0023733468863239913,0.77,0.897402573175,0.0544
chr2,58916286,0.0023733468740319294,0.7698,0.897402573175,0.0453
chr2,58916287,0.002373346856329587,0.7702,0.897402573175,0.0397
chr2,58916288,0.002373346830230949,0.7706,0.897402573175,0.0359
chr2,58916289,0.002373346791018284,0.7706,0.897402573175,0.0319
chr2,58916290,0.002373346731107836,0.77,0.897402573175,0.0299
chr2,58916291,0.002373346635987498,0.769,0.897402573175,0.0286
chr2,58916292,0.002373346472826023,0.7688,0.897402573175,0.0278
chr2,58916293,0.002373346196872835,0.7688,0.897402573175,0.027
chr2,58916294,0.0023733458921311886,0.7686,0.897402573175,0.0261
chr2,58916295,0.0023733353938877274,0.7736,0.897402573175,0.0264
chr2,58916296,0.0019135367889895514,0.809,0.90250796876,0.0262
chr2,58916297,0.0019135367878447551,0.8096,0.902782122905,0.0266
chr2,58916298,0.0019135367866986743,0.8082,0.902137328419,0.0267
chr2,58916299,0.0019135367855509248,0.809,0.90250796876,0.0276
chr2,58916300,0.0019135367844007399,0.8082,0.902137328419,0.0289
chr2,58916301,0.0019135367832468651,0.8082,0.902137328419,0.0313
chr2,58916302,0.0019135367820873892,0.809,0.90250796876,0.0342
chr2,58916303,0.0019135367809195694,0.8082,0.902137328419,0.0395
chr2,58916304,0.0019135367797394824,0.8068,0.901548571792,0.0475
chr2,58916305,0.0019135367785416619,0.8062,0.901548571792,0.0592
chr2,58916306,0.001913536777318654,0.8042,0.901395762874,0.0769
chr2,58916307,0.00191353677606043,0.8034,0.901286616887,0.0978
chr2,58916308,0.0019135367747536004,0.8018,0.901166730622,0.1291
chr2,58916309,0.0019135367733802812,0.8028,0.901286616887,0.2013
chr2,58916310,0.0019135367719163082,0.8028,0.901286616887,0.2772
chr2,58916311,0.0019135367703282872,0.805,0.901548571792,0.4269
chr2,58916312,0.0019135367685684929,0.806,0.901548571792,0.5303
chr2,58916313,0.0019135367665657948,0.8042,0.901395762874,0.6246
chr2,58916314,0.0019135367642089337,0.8062,0.901548571792,0.7137
chr2,58916315,0.0019135367613139233,0.8082,0.902137328419,0.7796
chr2,58916316,0.0019135367575551416,0.8092,0.90250796876,0.7476
chr2,58916317,0.0019135367523018748,0.8092,0.90250796876,0.7814
chr2,58916318,0.0019135367441623615,0.8072,0.901754116077,0.8051
chr2,58916319,0.0019135367293627514,0.8118,0.903342857143,0.8136
chr2,58916320,0.0019135366929901607,0.8138,0.905511022425,0.809
chr2,58916321,0.0019135364727036915,0.8116,0.903177521541,0.7911
chr2,58916322,-0.0049297837076297535,0.7102,0.897402573175,0.7528
chr2,58916323,-0.004929783710196132,0.7122,0.897402573175,0.711
chr2,58916324,-0.004929783712950185,0.7158,0.897402573175,0.6561
chr2,58916325,-0.004929783716003869,0.7188,0.897402573175,0.5888
chr2,58916326,-0.00492978371949394,0.7184,0.897402573175,0.5253
chr2,58916327,-0.004929783723595093,0.7196,0.897402573175,0.4526
chr2,58916328,-0.0049297837285423255,0.7206,0.897402573175,0.4452
chr2,58916329,-0.00492978373467053,0.7256,0.897402573175,0.4362
chr2,58916330,-0.004929783742488737,0.7268,0.897402573175,0.3458
chr2,58916331,-0.004929783752832841,0.7286,0.897402573175,0.2704
chr2,58916332,-0.004929783767225037,0.73,0.897402573175,0.2107
chr2,58916333,-0.004929783788890878,0.7308,0.897402573175,0.1578
chr2,58916334,-0.0049297838264376614,0.7332,0.897402573175,0.1213
chr2,58916335,-0.00492978391182623,0.7346,0.897402573175,0.0957
chr2,58916336,-0.004929784199599426,0.7346,0.897402573175,0.0799
chr2,58916337,-0.014674271227881081,0.2512,0.676967756585,0.0688
chr2,58916338,-0.014674271782583794,0.258,0.679833483348,0.0626
chr2,58916339,-0.01467427190979801,0.267,0.688288540445,0.0575
chr2,58916340,-0.014674271955839828,0.2726,0.694991670137,0.0568
chr2,58916341,-0.014674271980003263,0.2756,0.694991670137,0.0568
chr2,58916342,-0.01467427199526722,0.2768,0.694991670137,0.056
chr2,58916343,-0.014674272005848196,0.2784,0.694991670137,0.0597
chr2,58916344,-0.014674272013584,0.2808,0.694991670137,0.0621
chr2,58916345,-0.014674272019437622,0.2816,0.694991670137,0.0641
chr2,58916346,-0.014674272023974594,0.2822,0.694991670137,0.066
chr2,58916347,-0.014674272027550866,0.2828,0.694991670137,0.0672
chr2,58916348,-0.01467427203040247,0.2844,0.694991670137,0.0663
chr2,58916349,-0.01467427203269249,0.2856,0.695392847241,0.0638
chr2,58916350,-0.014674272034537996,0.2868,0.696576603982,0.0599
chr2,58916351,-0.01467427203602627,0.2876,0.697362506902,0.056
chr2,58916352,-0.014674272037224888,0.2892,0.699118909992,0.0517
chr2,58916353,-0.014674272038187964,0.2902,0.700200409836,0.0478
chr2,58916354,-0.014674272038960006,0.294,0.702313341493,0.0449
chr2,58916355,-0.01467427203957829,0.2978,0.706202104695,0.0426
chr2,58916356,-0.01467427204007407,0.3032,0.708865699454,0.0397
chr2,58916357,-0.01467427204047332,0.311,0.710698873203,0.0384
chr2,58916358,-0.014674272040797201,0.3244,0.719594104308,0.0391
chr2,58916359,-0.014674272041062468,0.3244,0.719594104308,0.0398
chr2,58916360,-0.01467427204128196,0.3242,0.719594104308,0.0411
chr2,58916361,-0.014674272041465151,0.3242,0.719594104308,0.0439
chr2,58916362,-0.014674272041618789,0.3242,0.719594104308,0.0458
chr2,58916363,-0.01467427204174756,0.3242,0.719594104308,0.05
chr2,58916364,-0.014674272041854723,0.3242,0.719594104308,0.0591
chr2,58916365,-0.014674272041942635,0.3242,0.719594104308,0.062
chr2,58916366,-0.014674272042013187,0.3242,0.719594104308,0.0647
chr2,58916367,-0.014674272042068134,0.3242,0.719594104308,0.0654
chr2,58958640,0.020581923381389672,0.2418,0.676967756585,0.2973
chr2,58958641,0.020581923382157013,0.2418,0.676967756585,0.3222
chr2,58958642,0.020581923383016055,0.2418,0.676967756585,0.3424
chr2,58958643,0.02058192338396394,0.2418,0.676967756585,0.3558
chr2,58958644,0.020581923384996235,0.2418,0.676967756585,0.3645
chr2,58958645,0.02058192338610735,0.2418,0.676967756585,0.3685
chr2,58958646,0.020581923387290983,0.2416,0.676967756585,0.3671
chr2,58958647,0.02058192338854056,0.2412,0.676967756585,0.3627
chr2,58958648,0.020581923389849547,0.2398,0.676967756585,0.3549
chr2,58958649,0.020581923391211805,0.2388,0.676967756585,0.3419
chr2,58958650,0.020581923392621708,0.2388,0.676967756585,0.3242
chr2,58958651,0.020581923394074258,0.2384,0.676967756585,0.305
chr2,58958652,0.020581923395565194,0.2384,0.676967756585,0.285
chr2,58958653,0.020581923397090973,0.237,0.676967756585,0.263
chr2,58958654,0.020581923398648817,0.2354,0.676967756585,0.2416
chr2,58958655,0.020581923400236766,0.2356,0.676967756585,0.2277
chr2,58958656,0.020581923401853622,0.236,0.676967756585,0.2166
chr2,58958657,0.020581923403498955,0.2348,0.676967756585,0.2111
chr2,58958658,0.020581923405173046,0.233,0.676967756585,0.2143
chr2,58958659,0.020581923406876736,0.233,0.676967756585,0.2205
chr2,58958660,0.020581923408611275,0.23,0.676967756585,0.2301
chr2,58958661,0.020581923410378095,0.23,0.676967756585,0.2402
chr2,58958662,0.02058192341217853,0.2286,0.676967756585,0.244
chr2,58958663,0.020581923414013645,0.2286,0.676967756585,0.1501
chr2,58958664,0.02058192341588396,0.2288,0.676967756585,0.1469
chr2,58958665,0.020581923417789305,0.2286,0.676967756585,0.1391
chr2,58958666,0.02058192341972876,0.2298,0.676967756585,0.1286
chr2,58958667,0.020581923421700617,0.2298,0.676967756585,0.1157
chr2,58958668,0.02058192342370247,0.2298,0.676967756585,0.1001
chr2,58958669,0.02058192342573142,0.2292,0.676967756585,0.0866
chr2,58958670,0.02058192342778414,0.229,0.676967756585,0.0735
chr2,58958671,0.02058192342985717,0.2298,0.676967756585,0.0604
chr2,58958672,0.020581923431947084,0.229,0.676967756585,0.0532
chr2,58958673,0.020581923434050645,0.2288,0.676967756585,0.046
chr2,58958674,0.02058192343616492,0.2286,0.676967756585,0.0403
chr2,58958675,0.020581923438287388,0.2288,0.676967756585,0.0343
chr2,58958676,0.02058192344041594,0.229,0.676967756585,0.0312
chr2,58958677,0.02058192344254888,0.2292,0.676967756585,0.0294
chr2,58958678,0.020581923444684905,0.2292,0.676967756585,0.0274
chr2,58958679,0.020581923446823035,0.2292,0.676967756585,0.0267
chr2,58958680,0.020581923448962564,0.2292,0.676967756585,0.0262
chr2,58958681,0.020581923451102994,0.2292,0.676967756585,0.0257
chr2,58958682,0.020581923453243986,0.2292,0.676967756585,0.0257
chr2,58958683,0.02058192345538532,0.2292,0.676967756585,0.0254
chr2,58958684,0.020581923457526862,0.2292,0.676967756585,0.0253
chr2,58958685,0.02058192345966852,0.2292,0.676967756585,0.0252
chr2,58958686,0.020581923461810245,0.2292,0.676967756585,0.0252
chr2,58958687,0.020581923463952007,0.2292,0.676967756585,0.0252
chr2,58958688,0.020581923466093787,0.229,0.676967756585,0.0252
chr2,58958689,0.020581923468235574,0.229,0.676967756585,0.0252
chr2,58958690,0.020581923470377364,0.2262,0.676967756585,0.0251
chr2,58958691,0.020581923472519144,0.2304,0.676967756585,0.0251
chr2,58958692,0.020581923474660913,0.2304,0.676967756585,0.0251
chr2,58958693,0.02058192347680265,0.2304,0.676967756585,0.0252
chr2,58958694,0.020581923478944338,0.2302,0.676967756585,0.0254
chr2,58958695,0.02058192348108593,0.2302,0.676967756585,0.0255
chr2,58958696,0.02058192348322736,0.2304,0.676967756585,0.0255
chr2,58958697,0.020581923485368515,0.2304,0.676967756585,0.0257
chr2,58958698,0.02058192348750922,0.2304,0.676967756585,0.0258
chr2,58958699,0.020581923489649205,0.2304,0.676967756585,0.0262
chr2,58958700,0.020581923491788078,0.2304,0.676967756585,0.0277
chr2,58958701,0.020581923493925267,0.2304,0.676967756585,0.0285
chr2,58958702,0.020581923496059987,0.2304,0.676967756585,0.0314
chr2,58958703,0.02058192349819118,0.2304,0.676967756585,0.0341
chr2,58958704,0.020581923500317473,0.2304,0.676967756585,0.0397
chr2,58958705,0.02058192350243713,0.23,0.676967756585,0.0453
chr2,58958706,0.020581923504548034,0.2302,0.676967756585,0.0535
chr2,58958707,0.020581923506647684,0.2298,0.676967756585,0.0614
chr2,58958708,0.020581923508733217,0.2296,0.676967756585,0.072
chr2,58958709,0.020581923510801424,0.2302,0.676967756585,0.086
chr2,58958710,0.020581923512848845,0.23,0.676967756585,0.0991
chr2,58958711,0.0205819235148718,0.23,0.676967756585,0.1122
chr2,58958712,0.020581923516866434,0.23,0.676967756585,0.1236
chr2,58958713,0.02058192351882878,0.2298,0.676967756585,0.1349
chr2,58958714,0.020581923520754775,0.2304,0.676967756585,0.1445
chr2,58958715,0.020581923522640204,0.2302,0.676967756585,0.147
chr2,58958716,0.02058192352448087,0.2314,0.676967756585,0.2327
chr2,58958717,0.02058192352627272,0.2332,0.676967756585,0.2195
chr2,58958718,0.020581923528012382,0.2348,0.676967756585,0.2077
chr2,58958719,0.02058192352969818,0.2356,0.676967756585,0.1976
chr2,58958720,0.020581923531331446,0.2372,0.676967756585,0.1885
chr2,58958721,0.020581923532917882,0.2394,0.676967756585,0.184
chr2,58958722,0.020581923534467795,0.2396,0.676967756585,0.1809
chr2,58958723,0.02058192353599431,0.2426,0.676967756585,0.1834
chr2,58958724,0.020581923537509983,0.2448,0.676967756585,0.1878
chr2,58958725,0.020581923539023668,0.246,0.676967756585,0.1977
chr2,58958726,0.02058192354053934,0.2472,0.676967756585,0.2106
chr2,58958727,0.020581923542056735,0.247,0.676967756585,0.2166
chr2,58958728,0.02058192354357307,0.2472,0.676967756585,0.2203
chr2,58958729,0.020581923545084545,0.2478,0.676967756585,0.2198
chr2,58958730,0.020581923546587434,0.2484,0.676967756585,0.2087
chr2,58958731,0.02058192354807872,0.2486,0.676967756585,0.1924
chr2,58958732,0.020581923549556284,0.248,0.676967756585,0.1726
chr2,58958733,0.020581923551018847,0.248,0.676967756585,0.1505
chr2,58958734,0.02058192355246582,0.2486,0.676967756585,0.127
chr2,58958735,0.020581923553896913,0.25,0.676967756585,0.1091
chr2,58958736,0.020581923555311833,0.2506,0.676967756585,0.0947
chr2,58958737,0.020581923556709895,0.2518,0.676967756585,0.0838
chr2,58958738,0.020581923558089684,0.253,0.676967756585,0.076
chr2,58958739,0.02058192355944875,0.2588,0.680512275449,0.0723
chr2,58958740,0.020581923560783397,0.265,0.687562804428,0.0719
chr2,58958741,0.020581923562088583,0.2652,0.687562804428,0.0767
chr2,58958742,0.020581923563357894,0.2652,0.687562804428,0.0864
chr2,58958743,0.020581923564583732,0.2652,0.687562804428,0.0993
chr2,58958744,0.020581923565757578,0.2652,0.687562804428,0.1168
chr2,58958745,0.020581923566870462,0.2652,0.687562804428,0.1345
chr2,58958746,0.02058192356791349,0.2652,0.687562804428,0.154
chr2,58958747,0.020581923568878436,0.2652,0.687562804428,0.1708
chr2,58958748,0.020581923569758426,0.2652,0.687562804428,0.1822
chr2,58958749,0.020581923570548485,0.2652,0.687562804428,0.1852
chr2,58958802,-0.008339237641048762,0.6482,0.897402573175,0.7046
chr2,58958803,-0.008339237644124581,0.6482,0.897402573175,0.761
chr2,58958804,-0.008339237647577687,0.6482,0.897402573175,0.7922
chr2,58958805,-0.008339237651395603,0.6482,0.897402573175,0.8047
chr2,58958806,-0.00833923765555755,0.6482,0.897402573175,0.7967
chr2,58958807,-0.00833923766003586,0.6482,0.897402573175,0.7678
chr2,58958808,-0.008339237664797857,0.6482,0.897402573175,0.7154
chr2,58958809,-0.008339237669807858,0.6484,0.897402573175,0.6383
chr2,58958810,-0.008339237675029204,0.6484,0.897402573175,0.5454
chr2,58958811,-0.008339237680426137,0.648,0.897402573175,0.4377
chr2,58958812,-0.008339237685965346,0.6468,0.897402573175,0.3286
chr2,58958813,-0.008339237691617053,0.647,0.897402573175,0.2355
chr2,58958814,-0.008339237697355676,0.6472,0.897402573175,0.164
chr2,58958815,-0.008339237703159995,0.6468,0.897402573175,0.1185
chr2,58958816,-0.008339237709012962,0.648,0.897402573175,0.086
chr2,58958817,-0.008339237714901268,0.6462,0.897402573175,0.0624
chr2,58958818,-0.008339237720814779,0.6458,0.897402573175,0.0488
chr2,58958819,-0.008339237726745937,0.6454,0.897402573175,0.0411
chr2,58958820,-0.008339237732689238,0.6454,0.897402573175,0.0359
chr2,58958821,-0.008339237738640733,0.6456,0.897402573175,0.0318
chr2,58958822,-0.008339237744597647,0.6458,0.897402573175,0.0297
chr2,58958823,-0.008339237750558075,0.6452,0.897402573175,0.0271
chr2,58958824,-0.00833923775652073,0.6458,0.897402573175,0.0264
chr2,58958825,-0.008339237762484682,0.6454,0.897402573175,0.0256
chr2,58958826,-0.0083392377684493,0.6456,0.897402573175,0.0255
chr2,58958827,-0.008339237774414076,0.6452,0.897402573175,0.0253
chr2,58958828,-0.008339237780378496,0.6414,0.897402573175,0.0253
chr2,58958829,-0.008339237786341894,0.6446,0.897402573175,0.0252
chr2,58958830,-0.008339237792303297,0.644,0.897402573175,0.0252
chr2,58958831,-0.008339237798261146,0.6442,0.897402573175,0.0257
chr2,58958832,-0.008339237804212944,0.6428,0.897402573175,0.0258
chr2,58958833,-0.008339237810154795,0.641,0.897402573175,0.026
chr2,58958834,-0.008339237816080747,0.6416,0.897402573175,0.0269
chr2,58958835,-0.008339237821982043,0.6416,0.897402573175,0.0278
chr2,58958836,-0.008339237827846152,0.6422,0.897402573175,0.0298
chr2,58958837,-0.008339237833655732,0.6418,0.897402573175,0.0311
chr2,58958838,-0.008339237839387555,0.642,0.897402573175,0.0344
chr2,58958839,-0.008339237845011525,0.6412,0.897402573175,0.0383
chr2,58958840,-0.008339237850489963,0.641,0.897402573175,0.0428
chr2,58958841,-0.008339237855777303,0.641,0.897402573175,0.0496
chr2,58958842,-0.008339237860820385,0.6408,0.897402573175,0.0598
chr2,58958843,-0.008339237865559401,0.6402,0.897402573175,0.0719
chr2,58958844,-0.008339237869929522,0.6406,0.897402573175,0.0848
chr2,58958845,-0.00833923787386309,0.64,0.897402573175,0.0978
chr2,58958846,-0.008339237877292053,0.6398,0.897402573175,0.1105
chr2,58958847,-0.008339237880150228,0.6398,0.897402573175,0.122
chr2,58958848,-0.008339237882374829,0.6394,0.897402573175,0.1291
chr2,58958849,-0.008339237883906489,0.639,0.897402573175,0.1309
chr2,58958850,-0.008339237884687049,0.635,0.897402573175,0.1297
chr2,58958851,-0.008339237884653603,0.634,0.897402573175,0.1227
chr2,58958852,-0.008339237883727476,0.6334,0.897402573175,0.111
chr2,58958853,-0.008339237881794841,0.633,0.897402573175,0.0981
chr2,58958854,-0.008339237878672941,0.6324,0.897402573175,0.1102
chr2,58958855,-0.008339237874048656,0.6334,0.897402573175,0.0926
chr2,58958856,-0.008339237867359135,0.6326,0.897402573175,0.0755
chr2,58958857,-0.008339237857538687,0.6324,0.897402573175,0.064
chr2,58958858,-0.008339237842402971,0.6328,0.897402573175,0.0701
chr2,58958859,-0.00833923781645928,0.6318,0.897402573175,0.0855
chr2,58958860,-0.008339237754060558,0.6322,0.897402573175,0.0723
chr2,58958861,-0.008339236532439407,0.6308,0.897402573175,0.0668
chr2,58958862,-0.006702914888829663,0.7088,0.897402573175,0.0665
chr2,58958863,-0.006702914750331753,0.7106,0.897402573175,0.0719
chr2,58958864,-0.006702914713320507,0.7072,0.897402573175,0.0855
chr2,58958865,-0.006702914694303428,0.7058,0.897402573175,0.1062
chr2,58958866,-0.006702914682607092,0.707,0.897402573175,0.0844
chr2,58958867,-0.006702914674914461,0.7062,0.897402573175,0.1049
chr2,58958868,-0.006702914669730811,0.707,0.897402573175,0.1369
chr2,58958869,-0.006702914666304655,0.7068,0.897402573175,0.111
chr2,58958870,-0.006702914664238298,0.7078,0.897402573175,0.0975
chr2,58958871,-0.00670291466331417,0.7074,0.897402573175,0.1102
chr2,58958872,-0.006702914663408904,0.7074,0.897402573175,0.1236
chr2,58958873,-0.006702914664447195,0.7068,0.897402573175,0.1306
chr2,58958874,-0.006702914666375321,0.706,0.897402573175,0.134
chr2,58958875,-0.006702914669145552,0.7074,0.897402573175,0.131
chr2,58958876,-0.006702914672707355,0.707,0.897402573175,0.1262
chr2,58958877,-0.00670291467700295,0.7078,0.897402573175,0.0921
chr2,58958878,-0.00670291468196635,0.7076,0.897402573175,0.0828
chr2,58958879,-0.00670291468752457,0.708,0.897402573175,0.0712
chr2,58958880,-0.0067029146936002605,0.708,0.897402573175,0.0628
chr2,58958881,-0.006702914700115036,0.7086,0.897402573175,0.0537
chr2,58958882,-0.006702914706992862,0.709,0.897402573175,0.0457
chr2,58958883,-0.006702914714162998,0.709,0.897402573175,0.0407
chr2,58958884,-0.006702914721562213,0.7086,0.897402573175,0.037
chr2,58958885,-0.006702914729136105,0.7086,0.897402573175,0.0334
chr2,58958886,-0.006702914736839568,0.71,0.897402573175,0.0309
chr2,58958887,-0.006702914744636506,0.7106,0.897402573175,0.0287
chr2,58958888,-0.006702914752499021,0.7104,0.897402573175,0.0277
chr2,58958889,-0.006702914760406273,0.7104,0.897402573175,0.0269
chr2,58958890,-0.006702914768343194,0.7106,0.897402573175,0.0264
chr2,58958891,-0.006702914776299248,0.7112,0.897402573175,0.0257
chr2,58958892,-0.006702914784267297,0.712,0.897402573175,0.0254
chr2,58958893,-0.00670291479224264,0.7126,0.897402573175,0.0253
chr2,58958894,-0.006702914800222283,0.7112,0.897402573175,0.0252
chr2,58958895,-0.006702914808204361,0.7144,0.897402573175,0.0251
chr2,58958896,-0.0067029148161877015,0.7136,0.897402573175,0.0253
chr2,58958897,-0.0067029148241715426,0.7182,0.897402573175,0.0252
chr2,58958898,-0.00670291483215531,0.7236,0.897402573175,0.0255
chr2,58958899,-0.006702914840138442,0.7236,0.897402573175,0.0256
chr2,58958900,-0.006702914848120227,0.7248,0.897402573175,0.0257
chr2,58958901,-0.00670291485609957,0.7242,0.897402573175,0.0264
chr2,58958902,-0.00670291486407492,0.7228,0.897402573175,0.0276
chr2,58958903,-0.006702914872043908,0.7228,0.897402573175,0.0296
chr2,58958904,-0.006702914880003012,0.7228,0.897402573175,0.0331
chr2,58958905,-0.006702914887947155,0.7224,0.897402573175,0.0369
chr2,58958906,-0.006702914895869246,0.7218,0.897402573175,0.0418
chr2,58958907,-0.006702914903759674,0.7216,0.897402573175,0.0496
chr2,58958908,-0.006702914911605784,0.721,0.897402573175,0.064
chr2,58958909,-0.0067029149193914336,0.7216,0.897402573175,0.086
chr2,58958910,-0.006702914927096663,0.7208,0.897402573175,0.1163
chr2,58958911,-0.006702914934697577,0.721,0.897402573175,0.1665
chr2,58958912,-0.006702914942166503,0.7184,0.897402573175,0.2285
chr2,58958913,-0.006702914949472487,0.7182,0.897402573175,0.3132
chr2,58958914,-0.006702914956582144,0.7184,0.897402573175,0.4113
chr2,58958915,-0.006702914963460823,0.7182,0.897402573175,0.5123
chr2,58958916,-0.006702914970074059,0.7192,0.897402573175,0.605
chr2,58958917,-0.006702914976389139,0.7174,0.897402573175,0.6825
chr2,58958918,-0.006702914982376617,0.7204,0.897402573175,0.7386
chr2,58958919,-0.006702914988011674,0.7232,0.897402573175,0.7767
chr2,58958920,-0.006702914993275048,0.7234,0.897402573175,0.7959
chr2,58958921,-0.0067029149981535,0.7254,0.897402573175,0.7969
chr2,58958922,-0.006702915002639773,0.7254,0.897402573175,0.7797
chr2,58958923,-0.006702915006732156,0.725,0.897402573175,0.7505
chr2,58958924,-0.006702915010433772,0.7254,0.897402573175,0.7078
chr2,58958925,-0.006702915013751904,0.724,0.897402573175,0.6494
chr2,58958926,-0.006702915016697413,0.724,0.897402573175,0.7705
chr2,58958927,-0.006702915019284402,0.724,0.897402573175,0.6876
chr2,58958928,-0.006702915021530027,0.724,0.897402573175,0.5912
chr2,58985075,-0.0060388328850506864,0.777,0.897402573175,0.1709
chr2,58985076,-0.006038832885140867,0.777,0.897402573175,0.1817
chr2,58985077,-0.006038832885241576,0.777,0.897402573175,0.1857
chr2,58985078,-0.006038832885352352,0.777,0.897402573175,0.183
chr2,58985079,-0.006038832885472486,0.777,0.897402573175,0.1732
chr2,58985080,-0.006038832885601015,0.777,0.897402573175,0.1586
chr2,58985081,-0.0060388328857367375,0.777,0.897402573175,0.1419
chr2,58985082,-0.006038832885878169,0.777,0.897402573175,0.1244
chr2,58985083,-0.006038832886023492,0.7772,0.897402573175,0.1077
chr2,58985084,-0.0060388328861704955,0.7776,0.897402573175,0.0941
chr2,58985085,-0.006038832886316461,0.7764,0.897402573175,0.0868
chr2,58985086,-0.006038832886458072,0.7768,0.897402573175,0.079
chr2,58985087,-0.006038832886591314,0.7754,0.897402573175,0.0753
chr2,58985088,-0.006038832886711404,0.7766,0.897402573175,0.0776
chr2,58985089,-0.006038832886812767,0.7726,0.897402573175,0.0822
chr2,58985090,-0.006038832886889094,0.774,0.897402573175,0.0923
chr2,58985091,-0.006038832886933491,0.7714,0.897402573175,0.1072
chr2,58985092,-0.006038832886938747,0.774,0.897402573175,0.1267
chr2,58985093,-0.006038832886897719,0.775,0.897402573175,0.1465
chr2,58985094,-0.006038832886803816,0.775,0.897402573175,0.1732
chr2,58985095,-0.006038832886651557,0.7736,0.897402573175,0.1935
chr2,58985096,-0.006038832886437149,0.773,0.897402573175,0.2121
chr2,58985097,-0.006038832886159029,0.7746,0.897402573175,0.2198
chr2,58985098,-0.006038832885818279,0.7738,0.897402573175,0.2171
chr2,58985099,-0.006038832885418916,0.7728,0.897402573175,0.2087
chr2,58985100,-0.00603883288496794,0.772,0.897402573175,0.1915
chr2,58985101,-0.006038832884475098,0.7718,0.897402573175,0.1714
chr2,58985102,-0.006038832883952312,0.773,0.897402573175,0.1463
chr2,58985103,-0.0060388328834126166,0.772,0.897402573175,0.1272
chr2,58985104,-0.006038832882868433,0.7728,0.897402573175,0.1095
chr2,58985105,-0.00603883288232913,0.7718,0.897402573175,0.0935
chr2,58985106,-0.006038832881798325,0.7708,0.897402573175,0.0833
chr2,58985107,-0.006038832881272363,0.7714,0.897402573175,0.0766
chr2,58985108,-0.006038832880741751,0.7686,0.897402573175,0.075
chr2,58985109,-0.006038832880195825,0.772,0.897402573175,0.0746
chr2,58985110,-0.006038832879628074,0.7742,0.897402573175,0.0772
chr2,58985111,-0.006038832879038858,0.778,0.897402573175,0.0842
chr2,58985112,-0.006038832878434745,0.7782,0.897402573175,0.0938
chr2,58985113,-0.006038832877826109,0.7794,0.897402573175,0.1062
chr2,58985114,-0.0060388328772246576,0.7808,0.897402573175,0.1171
chr2,58985115,-0.006038832876641738,0.7822,0.897402573175,0.1308
chr2,58985116,-0.006038832876087306,0.7812,0.897402573175,0.143
chr2,58985117,-0.006038832875569392,0.7814,0.897402573175,0.1533
chr2,58985118,-0.006038832875093899,0.781,0.897402573175,0.1608
chr2,58985119,-0.0060388328746645865,0.7808,0.897402573175,0.1632
chr2,58985120,-0.006038832874283199,0.7808,0.897402573175,0.1603
chr2,58985121,-0.006038832873949717,0.7808,0.897402573175,0.1522
chr2,58985122,-0.006038832873662641,0.7808,0.897402573175,0.1411
chr2,58985257,-0.014103531108276321,0.35,0.735640780184,0.1789
chr2,58985258,-0.014103531112874561,0.35,0.735640780184,0.1825
chr2,58985259,-0.014103531117985476,0.35,0.735640780184,0.1805
chr2,58985260,-0.014103531123583007,0.35,0.735640780184,0.1763
chr2,58985261,-0.014103531129632852,0.35,0.735640780184,0.1716
chr2,58985262,-0.014103531136096291,0.35,0.735640780184,0.1696
chr2,58985263,-0.014103531142934188,0.35,0.735640780184,0.1739
chr2,58985264,-0.014103531150110931,0.35,0.735640780184,0.185
chr2,58985265,-0.014103531157597717,0.3498,0.735640780184,0.1417
chr2,58985266,-0.014103531165374909,0.3484,0.734210677864,0.164
chr2,58985267,-0.0141035311734332,0.3424,0.730404695631,0.196
chr2,58985268,-0.014103531181773503,0.336,0.727656082071,0.238
chr2,58985269,-0.014103531190405584,0.3342,0.727656082071,0.285
chr2,58985270,-0.014103531199345674,0.3326,0.727656082071,0.3358
chr2,58985271,-0.014103531208613289,0.3306,0.725329627779,0.3823
chr2,58985272,-0.014103531218227756,0.3302,0.724723603649,0.4199
chr2,58985273,-0.014103531228204817,0.3296,0.723768471059,0.4344
chr2,58985274,-0.01410353123855374,0.329,0.723083708709,0.4316
chr2,58985275,-0.014103531249275372,0.3276,0.72145110331,0.4104
chr2,58985276,-0.014103531260361247,0.3268,0.720773731793,0.3689
chr2,58985277,-0.014103531271793797,0.3258,0.720105322763,0.313
chr2,58985278,-0.014103531283547558,0.326,0.720184882405,0.255
chr2,58985279,-0.014103531295591097,0.3256,0.719844430459,0.2002
chr2,58985280,-0.014103531307889196,0.3252,0.719594104308,0.1136
chr2,58985281,-0.014103531320405134,0.3248,0.719594104308,0.0907
chr2,58985282,-0.014103531333102725,0.3246,0.719594104308,0.0721
chr2,58985283,-0.014103531345947879,0.3244,0.719594104308,0.0506
chr2,58985284,-0.014103531358909866,0.3242,0.719594104308,0.042
chr2,58985285,-0.014103531371962023,0.3242,0.719594104308,0.0365
chr2,58985286,-0.014103531385082078,0.324,0.719594104308,0.0316
chr2,58985287,-0.014103531398252184,0.3236,0.719594104308,0.0292
chr2,58985288,-0.014103531411458686,0.323,0.719594104308,0.0283
chr2,58985289,-0.014103531424691796,0.323,0.719594104308,0.0277
chr2,58985290,-0.014103531437945205,0.3198,0.716490688776,0.0272
chr2,58985291,-0.014103531451215758,0.3124,0.710698873203,0.0268
chr2,58985292,-0.014103531464503296,0.3022,0.708594720704,0.0272
chr2,58985293,-0.014103531477810509,0.297,0.70554571274,0.0276
chr2,58985294,-0.014103531491143038,0.294,0.702313341493,0.0287
chr2,58985295,-0.014103531504509634,0.2934,0.701643430905,0.0305
chr2,58985296,-0.014103531517922381,0.293,0.701164168937,0.0324
chr2,58985297,-0.014103531531396866,0.293,0.701164168937,0.0349
chr2,58985298,-0.014103531544952254,0.293,0.701164168937,0.0369
chr2,58985299,-0.01410353155861115,0.2928,0.701163190184,0.0413
chr2,58985300,-0.014103531572399247,0.2922,0.700681638225,0.0463
chr2,58985301,-0.01410353158634464,0.2916,0.700200409836,0.0494
chr2,58985302,-0.014103531600477105,0.2912,0.700200409836,0.0531
chr2,58985303,-0.014103531614827096,0.29,0.700200409836,0.0585
chr2,58985304,-0.01410353162942477,0.289,0.698923998348,0.0635
chr2,58985305,-0.014103531644299182,0.2888,0.698536491325,0.0642
chr2,58985306,-0.014103531659477643,0.2894,0.699409878921,0.0677
chr2,58985307,-0.014103531674985306,0.2882,0.69785401158,0.0708
chr2,58985308,-0.014103531690845201,0.2862,0.695889119601,0.0724
chr2,58985309,-0.014103531707078185,0.2844,0.694991670137,0.0815
chr2,58985310,-0.014103531723703064,0.2812,0.694991670137,0.085
chr2,58985311,-0.014103531740736237,0.2792,0.694991670137,0.0766
chr2,58985312,-0.014103531758191158,0.278,0.694991670137,0.0781
chr2,58985313,-0.014103531776077479,0.277,0.694991670137,0.0779
chr2,58985314,-0.014103531794399599,0.2782,0.694991670137,0.0775
chr2,58985315,-0.014103531813154907,0.2772,0.694991670137,0.0758
chr2,58985316,-0.01410353183233217,0.274,0.694991670137,0.0728
chr2,58985317,-0.014103531851910111,0.2724,0.694991670137,0.0712
chr2,58985318,-0.014103531871856525,0.2696,0.691822352082,0.068
chr2,58985319,-0.014103531892128054,0.2668,0.688288540445,0.0661
chr2,58985320,-0.014103531912670738,0.264,0.687088457549,0.0641
chr2,58985321,-0.01410353193342136,0.2626,0.684967181467,0.0635
chr2,58985322,-0.014103531954309108,0.2618,0.683997768853,0.064
chr2,58985323,-0.01410353197525739,0.2592,0.681156193896,0.0673
chr2,58985324,-0.014103531996184913,0.2544,0.676967756585,0.0764
chr2,58985325,-0.014103532017005461,0.2526,0.676967756585,0.0879
chr2,58985326,-0.01410353203762693,0.2514,0.676967756585,0.1168
chr2,58985327,-0.014103532057952749,0.2514,0.676967756585,0.1494
chr2,58985328,-0.014103532077899269,0.2466,0.676967756585,0.1846
chr2,58985329,-0.014103532097463681,0.2458,0.676967756585,0.1959
chr2,58985330,-0.014103532116889089,0.2434,0.676967756585,0.2423
chr2,58985331,-0.014103532136868605,0.2414,0.676967756585,0.2867
chr2,58985332,-0.014103532158457143,0.2406,0.676967756585,0.3608
chr2,58985333,-0.014103532182541121,0.2392,0.676967756585,0.4289
chr2,58985334,-0.014103532209485719,0.2372,0.676967756585,0.4753
chr2,58985335,-0.01410353223928294,0.2342,0.676967756585,0.4942
chr2,58985336,-0.014103532271800872,0.231,0.676967756585,0.4845
chr2,58985337,-0.014103532306896706,0.2312,0.676967756585,0.4398
chr2,58985338,-0.014103532344432743,0.2304,0.676967756585,0.3879
chr2,58985339,-0.014103532384262636,0.2276,0.676967756585,0.3594
chr2,58985340,-0.014103532426217778,0.2258,0.676967756585,0.3272
chr2,58985341,-0.014103532470101288,0.224,0.676967756585,0.301
chr2,58985342,-0.014103532515689686,0.2228,0.676967756585,0.2737
chr2,58985343,-0.014103532562740325,0.2196,0.676967756585,0.2524
chr2,58985344,-0.014103532611002563,0.2196,0.676967756585,0.2426
chr2,58985345,-0.014103532660230685,0.2222,0.676967756585,0.2374
chr2,58985346,-0.014103532710196955,0.2212,0.676967756585,0.2437
chr2,58985347,-0.014103532760703103,0.2216,0.676967756585,0.2587
chr2,58985348,-0.01410353281158896,0.2218,0.676967756585,0.2729
chr2,58985349,-0.014103532862737357,0.221,0.676967756585,0.2845
chr2,58985350,-0.014103532914075333,0.2208,0.676967756585,0.3005
chr2,58985351,-0.014103532965572188,0.219,0.676967756585,0.3118
chr2,58985352,-0.014103533017234993,0.2176,0.676967756585,0.3249
chr2,58985353,-0.014103533069102513,0.2158,0.676967756585,0.3256
chr2,58985354,-0.014103533121237815,0.2178,0.676967756585,0.3243
chr2,58985355,-0.014103533173719918,0.2158,0.676967756585,0.3098
chr2,58985356,-0.014103533226634853,0.2134,0.676967756585,0.2988
chr2,58985357,-0.014103533280066582,0.2136,0.676967756585,0.2468
chr2,58985358,-0.014103533334088807,0.2158,0.676967756585,0.232
chr2,58985359,-0.014103533388758272,0.214,0.676967756585,0.1851
chr2,58985360,-0.014103533444110616,0.2146,0.676967756585,0.168
chr2,58985361,-0.014103533500158612,0.215,0.676967756585,0.149
chr2,58985362,-0.014103533556892655,0.214,0.676967756585,0.1323
chr2,58985363,-0.014103533614282637,0.2126,0.676967756585,0.1167
chr2,58985364,-0.014103533672280887,0.212,0.676967756585,0.104
chr2,58985365,-0.014103533730825797,0.2122,0.676967756585,0.0896
chr2,58985366,-0.014103533789845643,0.2116,0.676967756585,0.0826
chr2,58985367,-0.01410353384926223,0.2116,0.676967756585,0.0794
chr2,58985368,-0.01410353390899437,0.211,0.676967756585,0.0829
chr2,58985369,-0.014103533968961067,0.2078,0.676967756585,0.082
chr2,58985370,-0.014103534029084146,0.2064,0.676967756585,0.0842
chr2,58985371,-0.014103534089290356,0.2068,0.676967756585,0.0916
chr2,58985372,-0.0141035341495128,0.2064,0.676967756585,0.0979
chr2,58985373,-0.014103534209691697,0.207,0.676967756585,0.0989
chr2,58985374,-0.014103534269774357,0.2064,0.676967756585,0.0983
chr2,58985375,-0.014103534329714517,0.206,0.676967756585,0.1054
chr2,58985376,-0.014103534389470885,0.2074,0.676967756585,0.1117
chr2,58985377,-0.014103534449004907,0.2074,0.676967756585,0.1059
chr2,58985378,-0.01410353450827801,0.207,0.676967756585,0.0997
chr2,58985379,-0.014103534567248084,0.2072,0.676967756585,0.0976
chr2,58985380,-0.014103534625865406,0.2072,0.676967756585,0.0934
chr2,58985381,-0.014103534684068128,0.2082,0.676967756585,0.0846
chr2,58985382,-0.014103534741777625,0.209,0.676967756585,0.0721
chr2,58985383,-0.01410353479889414,0.2078,0.676967756585,0.0679
chr2,58985384,-0.014103534855294163,0.209,0.676967756585,0.0611
chr2,58985385,-0.014103534910830823,0.2096,0.676967756585,0.0542
chr2,58985386,-0.014103534965340666,0.2092,0.676967756585,0.0479
chr2,58985387,-0.014103535018658749,0.2084,0.676967756585,0.0412
chr2,58985388,-0.014103535070644498,0.2082,0.676967756585,0.0371
chr2,58985389,-0.01410353512121579,0.208,0.676967756585,0.0355
chr2,58985390,-0.014103535170382863,0.2082,0.676967756585,0.0335
chr2,58985391,-0.014103535218269944,0.2088,0.676967756585,0.0311
chr2,58985392,-0.014103535265113725,0.211,0.676967756585,0.0297
chr2,58985393,-0.014103535311239375,0.2132,0.676967756585,0.0294
chr2,58985394,-0.014103535357026518,0.2124,0.676967756585,0.0291
chr2,58985395,-0.014103535402873664,0.2122,0.676967756585,0.0298
chr2,58985396,-0.01410353544916384,0.2084,0.676967756585,0.0325
chr2,58985397,-0.014103535496227207,0.2076,0.676967756585,0.035
chr2,58985398,-0.01410353554430024,0.2074,0.676967756585,0.0379
chr2,58985399,-0.014103535593492485,0.2072,0.676967756585,0.0444
chr2,58985400,-0.014103535643773427,0.2068,0.676967756585,0.0503
chr2,58985401,-0.014103535694987913,0.2058,0.676967756585,0.0612
chr2,58985402,-0.014103535746892614,0.2054,0.676967756585,0.073
chr2,58985403,-0.014103535799197417,0.2052,0.676967756585,0.093
chr2,58985404,-0.014103535851601415,0.205,0.676967756585,0.1217
chr2,58985405,-0.014103535903819244,0.2054,0.676967756585,0.1405
chr2,58985406,-0.014103535955598042,0.2052,0.676967756585,0.1638
chr2,58985407,-0.01410353600672716,0.2048,0.676967756585,0.1976
chr2,58985408,-0.014103536057042817,0.2054,0.676967756585,0.3095
chr2,58985409,-0.014103536106429136,0.2072,0.676967756585,0.3248
chr2,58985410,-0.014103536154816028,0.2078,0.676967756585,0.3154
chr2,58985411,-0.014103536202174171,0.2098,0.676967756585,0.2715
chr2,58985412,-0.01410353624850738,0.2122,0.676967756585,0.2156
chr2,58985413,-0.014103536293842893,0.2128,0.676967756585,0.1756
chr2,58985414,-0.014103536338220412,0.2132,0.676967756585,0.1773
chr2,58985415,-0.014103536381680912,0.2172,0.676967756585,0.164
chr2,58985416,-0.014103536424256366,0.2224,0.676967756585,0.1574
chr2,58985417,-0.014103536465961367,0.2268,0.676967756585,0.1549
chr2,58985418,-0.014103536506787546,0.2284,0.676967756585,0.1569
chr2,58985419,-0.014103536546701193,0.2234,0.676967756585,0.1686
chr2,58985420,-0.014103536585644217,0.2224,0.676967756585,0.1948
chr2,58985421,-0.014103536623538054,0.2228,0.676967756585,0.2284
chr2,58985422,-0.014103536660290144,0.222,0.676967756585,0.2764
chr2,58985423,-0.014103536695801912,0.2246,0.676967756585,0.3302
chr2,58985424,-0.014103536729977453,0.2228,0.676967756585,0.3815
chr2,58985425,-0.014103536762731997,0.2244,0.676967756585,0.4298
chr2,58985426,-0.014103536793999467,0.2274,0.676967756585,0.4698
chr2,58985427,-0.014103536823738331,0.2286,0.676967756585,0.5198
chr2,58985428,-0.014103536851935152,0.229,0.676967756585,0.5994
chr2,58985429,-0.014103536878605197,0.2318,0.676967756585,0.6211
chr2,58985430,-0.014103536903789526,0.2324,0.676967756585,0.6341
chr2,58985431,-0.0141035369275485,0.235,0.676967756585,0.6468
chr2,58985432,-0.014103536949952622,0.2422,0.676967756585,0.6898
chr2,58985433,-0.014103536971072908,0.244,0.676967756585,0.6719
chr2,58985434,-0.014103536990972863,0.2476,0.676967756585,0.6634
chr2,58985435,-0.014103537009703826,0.252,0.676967756585,0.6424
chr2,58985436,-0.014103537027303664,0.2554,0.677287760024,0.627
chr2,58985437,-0.014103537043798183,0.2596,0.681493648184,0.6349
chr2,58985438,-0.014103537059204347,0.2656,0.687889118254,0.618
chr2,58985439,-0.01410353707353413,0.2702,0.692653677758,0.5837
chr2,58985440,-0.014103537086798422,0.2728,0.694991670137,0.534
chr2,58985441,-0.014103537099010636,0.2778,0.694991670137,0.4591
chr2,58985442,-0.02825379105780868,0.038,0.311029822926,0.3631
chr2,58985443,-0.028253791332783974,0.04,0.32258953168,0.2613
chr2,58985444,-0.02825379142769592,0.0412,0.329543715847,0.2117
chr2,58985445,-0.028253791479193338,0.043,0.339611061151,0.1699
chr2,58985446,-0.028253791514432466,0.045,0.347592348285,0.1352
chr2,58985447,-0.028253791542205173,0.0456,0.348548302872,0.1094
chr2,58985448,-0.028253791566083368,0.0474,0.35308778626,0.0887
chr2,58985449,-0.02825379158770784,0.0482,0.356027333894,0.075
chr2,58985450,-0.028253791607881655,0.0498,0.357593648208,0.0657
chr2,58985451,-0.028253791627004164,0.0536,0.37554208217,0.0585
chr2,58985452,-0.028253791645265546,0.055,0.383667593328,0.0538
chr2,58985453,-0.028253791662740915,0.059,0.402106728538,0.0499
chr2,58985454,-0.02825379167943886,0.06,0.404412893323,0.0482
chr2,58985455,-0.0282537916953277,0.0604,0.405397783722,0.0479
chr2,58985456,-0.02825379171035114,0.0604,0.405397783722,0.0489
chr2,58985457,-0.02825379172443913,0.0604,0.405397783722,0.0498
chr2,58985458,-0.028253791737517162,0.0604,0.405397783722,0.0509
chr2,58985459,-0.028253791749514874,0.0604,0.405397783722,0.0512
chr2,58985460,-0.028253791760374434,0.0604,0.405397783722,0.0546
chr2,58985461,-0.02825379177005786,0.0604,0.405397783722,0.0587
chr2,58989376,-0.01795726994946155,0.7,0.897402573175,0.3449
chr2,58989431,-0.012531765371269665,0.3822,0.774902630365,0.4995
chr2,58989432,-0.01253176537239867,0.3822,0.774902630365,0.5725
chr2,58989433,-0.012531765373592985,0.3822,0.774902630365,0.6059
chr2,58989434,-0.0125317653748242,0.3822,0.774902630365,0.6854
chr2,58989435,-0.012531765376058981,0.3822,0.774902630365,0.6942
chr2,58989436,-0.012531765377259332,0.3824,0.774902630365,0.6915
chr2,58989437,-0.012531765378382452,0.3824,0.774902630365,0.679
chr2,58989438,-0.01253176537938025,0.3818,0.774902630365,0.6684
chr2,58989439,-0.012531765380198503,0.3796,0.774902630365,0.6534
chr2,58989440,-0.012531765380775415,0.3778,0.774902630365,0.6271
chr2,58989441,-0.012531765381039239,0.3704,0.766864214993,0.5794
chr2,58989442,-0.019689963942582628,0.1468,0.608003301108,0.5242
chr2,58989443,-0.019689963981936183,0.1438,0.601822015726,0.4567
chr2,58989444,-0.01968996399431465,0.1386,0.589748911466,0.3922
chr2,58989445,-0.019689964000525643,0.1384,0.589748911466,0.3399
chr2,58989446,-0.019689964004205314,0.137,0.588790129489,0.2845
chr2,58989447,-0.019689964006521343,0.1366,0.58837150564,0.2328
chr2,58989448,-0.0196899640079742,0.1364,0.587798331698,0.1617
chr2,58989449,-0.019689964008823547,0.135,0.583770310192,0.1302
chr2,58989450,-0.019689964009225392,0.1354,0.585211860236,0.1051
chr2,58989451,-0.01968996400928481,0.135,0.583770310192,0.0827
chr2,58989452,-0.019689964009078745,0.1338,0.581875959396,0.068
chr2,58989453,-0.019689964008666468,0.1336,0.581150074294,0.0577
chr2,58989454,-0.01968996400809473,0.1326,0.580104358655,0.0488
chr2,58989455,-0.01968996400740048,0.1306,0.574934586466,0.0437
chr2,58989456,-0.019689964006612402,0.1298,0.573280613528,0.0399
chr2,58989457,-0.019689964005752073,0.1274,0.568975591152,0.0391
chr2,58989458,-0.01968996400483488,0.1248,0.561935913868,0.0378
chr2,58989459,-0.01968996400387101,0.1234,0.558495490853,0.0376
chr2,58989460,-0.019689964002866423,0.1226,0.557027677186,0.0397
chr2,58989461,-0.019689964001823823,0.1214,0.554443837754,0.0394
chr2,58989462,-0.019689964000743694,0.1216,0.554492211838,0.0422
chr2,58989463,-0.019689963999625328,0.121,0.553818418314,0.0466
chr2,58989464,-0.019689963998467768,0.1206,0.553669367486,0.0496
chr2,58989465,-0.01968996399727066,0.1212,0.553818418314,0.0545
chr2,58989466,-0.019689963996034943,0.122,0.555451010886,0.0584
chr2,58989467,-0.019689963994763467,0.1222,0.555929292929,0.0582
chr2,58989468,-0.019689963993461446,0.1216,0.554492211838,0.0586
chr2,58989469,-0.0196899639921368,0.1212,0.553818418314,0.0598
chr2,58989470,-0.019689963990800464,0.1208,0.553818418314,0.0624
chr2,58989471,-0.019689963989466562,0.121,0.553818418314,0.066
chr2,58989472,-0.01968996398815253,0.1212,0.553818418314,0.0696
chr2,58989473,-0.019689963986879114,0.1208,0.553818418314,0.0752
chr2,58989474,-0.01968996398567026,0.1188,0.550876979937,0.0814
chr2,58989475,-0.01968996398455276,0.1196,0.551963741461,0.0872
chr2,58989476,-0.019689963983555988,0.1208,0.553818418314,0.0986
chr2,58989477,-0.0196899639827113,0.1214,0.554443837754,0.1111
chr2,58989478,-0.019689963982051525,0.1198,0.55259637605,0.1215
chr2,58989479,-0.0196899639816105,0.1178,0.54957689243,0.1347
chr2,58989480,-0.019689963981422837,0.117,0.549199625869,0.1462
chr2,58989481,-0.019689963981524398,0.116,0.549199625869,0.1545
chr2,58989482,-0.019689963981953634,0.1148,0.547208141113,0.1607
chr2,58989483,-0.01968996398275502,0.1146,0.54655145262,0.1621
chr2,58989484,-0.019689963983986092,0.1142,0.545235933678,0.1565
chr2,58989485,-0.01968996398573168,0.1126,0.53920910578,0.1477
chr2,58989486,-0.019689963988134072,0.1118,0.536841716785,0.1555
chr2,58989487,-0.01968996399146153,0.1114,0.536240339819,0.1592
chr2,58989488,-0.019689963996284778,0.1108,0.535259075908,0.1398
chr2,58989489,-0.019689964004028622,0.1104,0.534355469826,0.1218
chr2,58989490,-0.019689964019357516,0.1112,0.535718047175,0.1059
chr2,58989491,-0.019689964068693704,0.1102,0.534355469826,0.1016
chr2,58989492,-0.022188151114356357,0.0734,0.428614029255,0.0859
chr2,58989493,-0.022188151211691744,0.0726,0.425498498498,0.0812
chr2,58989494,-0.02218815123292378,0.0708,0.420419878296,0.0747
chr2,58989495,-0.02218815124194135,0.0694,0.415335945486,0.0737
chr2,58989496,-0.022188151246718288,0.0684,0.412159862779,0.0804
chr2,58989497,-0.02218815124934333,0.0666,0.40797705146,0.0942
chr2,58989498,-0.0221881512505866,0.0666,0.40797705146,0.0952
chr2,58989499,-0.022188151250791648,0.0676,0.409587443946,0.1001
chr2,58989500,-0.022188151250133542,0.0678,0.409950774527,0.1075
chr2,58989501,-0.022188151248713005,0.068,0.410735900963,0.1135
chr2,58989502,-0.02218815124659546,0.0674,0.409081202488,0.1261
chr2,58989503,-0.022188151243828252,0.0674,0.409081202488,0.1212
chr2,58989504,-0.022188151240448185,0.0684,0.412159862779,0.1201
chr2,58989505,-0.022188151236484335,0.0678,0.409950774527,0.1376
chr2,58989506,-0.022188151231958945,0.0658,0.40797705146,0.1542
chr2,58989507,-0.022188151226887536,0.0678,0.409950774527,0.1773
chr2,58989508,-0.02218815122127903,0.0684,0.412159862779,0.2036
chr2,58989509,-0.02218815121513628,0.0688,0.413718589524,0.2378
chr2,58989510,-0.022188151208456998,0.0686,0.413081590675,0.2752
chr2,58989511,-0.02218815120123508,0.068,0.410735900963,0.3155
chr2,58989512,-0.022188151193462295,0.0674,0.409081202488,0.3558
chr2,58989513,-0.022188151185129897,0.067,0.408063453537,0.3881
chr2,58989514,-0.022188151176230256,0.0644,0.406170915619,0.4163
chr2,58989515,-0.02218815116675823,0.0628,0.405980498375,0.442
chr2,58989516,-0.02218815115671236,0.062,0.405980498375,0.4673
chr2,58989517,-0.022188151146095823,0.0622,0.405980498375,0.4723
chr2,58989518,-0.022188151134917147,0.0628,0.405980498375,0.4569
chr2,58989519,-0.02218815112319069,0.062,0.405980498375,0.4257
chr2,58989520,-0.022188151110936888,0.0622,0.405980498375,0.435
chr2,58989521,-0.022188151098182077,0.062,0.405980498375,0.3871
chr2,58989522,-0.02218815108495794,0.0636,0.405980498375,0.3333
chr2,58989523,-0.02218815107130035,0.063,0.405980498375,0.2789
chr2,58989524,-0.022188151057247807,0.0634,0.405980498375,0.2291
chr2,58989525,-0.022188151042839624,0.0634,0.405980498375,0.1903
chr2,58989526,-0.022188151028114014,0.065,0.40683410302,0.1561
chr2,58989527,-0.022188151013106398,0.0666,0.40797705146,0.1308
chr2,58989528,-0.022188150997848207,0.0664,0.40797705146,0.1144
chr2,58989529,-0.022188150982366314,0.0638,0.405980498375,0.1002
chr2,58989530,-0.022188150966682956,0.0628,0.405980498375,0.092
chr2,58989531,-0.02218815095081626,0.062,0.405980498375,0.0948
chr2,58989532,-0.022188150934780985,0.0624,0.405980498375,0.0813
chr2,58989533,-0.0221881509185896,0.0618,0.405980498375,0.0782
chr2,58989534,-0.022188150902253227,0.0606,0.405980498375,0.0694
chr2,58989535,-0.0221881508857825,0.061,0.405980498375,0.0661
chr2,58989536,-0.022188150869188263,0.0614,0.405980498375,0.0668
chr2,58989537,-0.02218815085248195,0.0614,0.405980498375,0.0679
chr2,58989538,-0.022188150835675696,0.0618,0.405980498375,0.0625
chr2,58989539,-0.022188150818782337,0.0624,0.405980498375,0.0578
chr2,58989540,-0.022188150801815153,0.0628,0.405980498375,0.0554
chr2,58989541,-0.022188150784787627,0.0628,0.405980498375,0.0519
chr2,58989542,-0.02218815076771314,0.063,0.405980498375,0.0501
chr2,58989543,-0.02218815075060474,0.0642,0.406075981275,0.0508
chr2,58989544,-0.02218815073347498,0.0638,0.405980498375,0.0528
chr2,58989545,-0.022188150716335824,0.0628,0.405980498375,0.0532
chr2,58989546,-0.022188150699198623,0.0634,0.405980498375,0.0582
chr2,58989547,-0.022188150682074064,0.063,0.405980498375,0.0672
chr2,58989548,-0.022188150664972144,0.0632,0.405980498375,0.0789
chr2,58989549,-0.022188150647902114,0.0624,0.405980498375,0.0914
chr2,58989550,-0.0221881506308723,0.062,0.405980498375,0.1086
chr2,58989551,-0.022188150613889946,0.0618,0.405980498375,0.1386
chr2,58989552,-0.022188150596960946,0.0612,0.405980498375,0.1564
chr2,58989553,-0.02218815058008964,0.0612,0.405980498375,0.168
chr2,58989554,-0.022188150563278643,0.0612,0.405980498375,0.1772
chr2,58989555,-0.02218815054652872,0.061,0.405980498375,0.1762
chr2,58989556,-0.022188150529838836,0.061,0.405980498375,0.1667
chr2,58989557,-0.022188150513206287,0.0612,0.405980498375,0.1359
chr2,58989558,-0.022188150496626927,0.0614,0.405980498375,0.1211
chr2,58989559,-0.022188150480095547,0.0618,0.405980498375,0.1055
chr2,58989560,-0.02218815046360625,0.0616,0.405980498375,0.089
chr2,58989561,-0.022188150447152884,0.0622,0.405980498375,0.0741
chr2,58989562,-0.0221881504307294,0.0622,0.405980498375,0.0668
chr2,58989563,-0.022188150414330192,0.0624,0.405980498375,0.0554
chr2,58989564,-0.0221881503979504,0.0632,0.405980498375,0.0503
chr2,58989565,-0.02218815038158613,0.064,0.405980498375,0.0442
chr2,58989566,-0.02218815036523465,0.064,0.405980498375,0.0394
chr2,58989567,-0.022188150348894566,0.064,0.405980498375,0.0355
chr2,58989568,-0.022188150332566048,0.0652,0.40683410302,0.0339
chr2,58989569,-0.0221881503162511,0.065,0.40683410302,0.0334
chr2,58989570,-0.02218815029995392,0.066,0.40797705146,0.035
chr2,58989571,-0.02218815028368135,0.0672,0.408856252165,0.0376
chr2,58989572,-0.02218815026744341,0.0654,0.407214108472,0.0433
chr2,58989573,-0.02218815025125381,0.065,0.40683410302,0.0493
chr2,58989574,-0.02218815023513044,0.0646,0.406556431387,0.058
chr2,58989575,-0.022188150219095717,0.0648,0.40683410302,0.0741
chr2,58989576,-0.022188150203176625,0.0642,0.406075981275,0.0958
chr2,58989577,-0.022188150187404426,0.0642,0.406075981275,0.1052
chr2,58989578,-0.022188150171813897,0.0638,0.405980498375,0.1136
chr2,58989579,-0.022188150156442085,0.0636,0.405980498375,0.1403
chr2,58989580,-0.022188150141326652,0.0638,0.405980498375,0.169
chr2,58989581,-0.022188150126503815,0.0644,0.406170915619,0.1682
chr2,58989582,-0.022188150112006214,0.0644,0.406170915619,0.1909
chr2,58989583,-0.02218815009786071,0.0638,0.405980498375,0.2098
chr2,58989584,-0.022188150084086557,0.064,0.405980498375,0.2209
chr2,58989585,-0.022188150070693996,0.0642,0.406075981275,0.2229
chr2,58989586,-0.022188150057683476,0.0638,0.405980498375,0.2639
chr2,58989587,-0.02218815004504584,0.0642,0.406075981275,0.2536
chr2,58989588,-0.022188150032763237,0.065,0.40683410302,0.235
chr2,58989589,-0.022188150020811055,0.0658,0.40797705146,0.217
chr2,58989590,-0.022188150009160554,0.0666,0.40797705146,0.1985
chr2,58989591,-0.022188149997781757,0.0668,0.40797705146,0.1822
chr2,58989592,-0.022188149986646172,0.067,0.408063453537,0.1682
chr2,58989593,-0.02218814997572875,0.0676,0.409587443946,0.1581
chr2,58989594,-0.022188149965008872,0.0678,0.409950774527,0.145
chr2,58989595,-0.022188149954470528,0.0678,0.409950774527,0.1374
chr2,58989596,-0.022188149944101915,0.069,0.414495554036,0.1318
chr2,58989597,-0.022188149933894858,0.0692,0.414562755798,0.1228
chr2,58989598,-0.0221881499238443,0.0694,0.415335945486,0.1013
chr2,58989599,-0.022188149913947974,0.0692,0.414562755798,0.1003
chr2,58989600,-0.022188149904206266,0.0702,0.417845814978,0.0968
chr2,58989601,-0.022188149894622203,0.0704,0.41875245513,0.0844
chr2,58989602,-0.02218814988520128,0.0692,0.414562755798,0.0847
chr2,58989603,-0.02218814987595116,0.069,0.414495554036,0.0829
chr2,58989604,-0.022188149866880957,0.0688,0.413718589524,0.0834
chr2,58989605,-0.022188149858000248,0.068,0.410735900963,0.0774
chr2,58989606,-0.022188149849317763,0.0666,0.40797705146,0.0854
chr2,58989607,-0.02218814984084012,0.0674,0.409081202488,0.0935
chr2,58989608,-0.022188149832570666,0.067,0.408063453537,0.0911
chr2,58989609,-0.022188149824508615,0.066,0.40797705146,0.0859
chr2,58989610,-0.022188149816648732,0.0652,0.40683410302,0.0801
chr2,58989611,-0.022188149808981497,0.0644,0.406170915619,0.0731
chr2,58989612,-0.022188149801493712,0.064,0.405980498375,0.067
chr2,58989613,-0.02218814979416969,0.0636,0.405980498375,0.0619
chr2,58989614,-0.0221881497869925,0.064,0.405980498375,0.0557
chr2,58989615,-0.022188149779945585,0.0642,0.406075981275,0.0528
chr2,58989616,-0.0221881497730142,0.0644,0.406170915619,0.0513
chr2,58989617,-0.02218814976618683,0.064,0.405980498375,0.0521
chr2,58989618,-0.02218814975945632,0.064,0.405980498375,0.0534
chr2,58989619,-0.022188149752820664,0.063,0.405980498375,0.0607
chr2,58989620,-0.02218814974628337,0.0626,0.405980498375,0.0731
chr2,58989621,-0.022188149739853433,0.0636,0.405980498375,0.0888
chr2,58989622,-0.022188149733544736,0.0632,0.405980498375,0.1121
chr2,58989623,-0.022188149727375008,0.063,0.405980498375,0.1456
chr2,58989624,-0.022188149721364195,0.0634,0.405980498375,0.1824
chr2,58989625,-0.02218814971553244,0.0628,0.405980498375,0.2252
chr2,58989626,-0.02218814970989744,0.0628,0.405980498375,0.2686
chr2,58989627,-0.022188149704471617,0.0624,0.405980498375,0.3103
chr2,58989628,-0.02218814969925885,0.0616,0.405980498375,0.3408
chr2,58989629,-0.022188149694250876,0.0614,0.405980498375,0.3616
chr2,58989630,-0.022188149689423405,0.061,0.405980498375,0.3671
chr2,58989631,-0.02218814968473138,0.061,0.405980498375,0.297
chr2,58989632,-0.02218814968010269,0.0608,0.405980498375,0.24
chr2,58989633,-0.02218814967542881,0.0608,0.405980498375,0.2121
chr2,58989634,-0.022188149670549398,0.0616,0.405980498375,0.1824
chr2,58989635,-0.022188149665224588,0.0612,0.405980498375,0.1764
chr2,58989636,-0.022188149659082272,0.0618,0.405980498375,0.1465
chr2,58989637,-0.017314182825274117,0.1442,0.602491198858,0.1442
chr2,58989638,-0.017314181495801124,0.1438,0.601822015726,0.1193
chr2,58989639,-0.017314181073149394,0.1432,0.601029390681,0.105
chr2,58989640,-0.01731418086007177,0.1444,0.602753326996,0.095
chr2,58989641,-0.022188149546793597,0.0636,0.405980498375,0.0891
chr2,58989642,-0.022188149496006317,0.0636,0.405980498375,0.0936
chr2,58989643,-0.021490292091069306,0.072,0.423253012048,0.1013
chr2,58989644,-0.021490292017280345,0.072,0.423253012048,0.1211
chr2,58989645,-0.021490291967202146,0.0716,0.422173212487,0.1423
chr2,58989646,-0.021490291941468412,0.072,0.423253012048,0.1673
chr2,58989647,-0.021490291926088003,0.0722,0.424003009027,0.1986
chr2,58989648,-0.021490291915946518,0.072,0.423253012048,0.2349
chr2,58989649,-0.021490291908886242,0.0716,0.422173212487,0.2286
chr2,58989650,-0.021490291903856585,0.0718,0.423068433412,0.2507
chr2,58989651,-0.02149029190028046,0.0716,0.422173212487,0.2668
chr2,58989652,-0.021490291897810446,0.0716,0.422173212487,0.2756
chr2,58989653,-0.021490291896221442,0.0718,0.423068433412,0.2693
chr2,58989654,-0.02149029189535766,0.0716,0.422173212487,0.2554
chr2,58989655,-0.02149029189510415,0.072,0.423253012048,0.202
chr2,58989656,-0.021490291895370734,0.0728,0.426244,0.1793
chr2,58989657,-0.021490291896082734,0.0738,0.430091904446,0.1386
chr2,58989658,-0.021490291897175773,0.0744,0.432011900826,0.1171
chr2,58989659,-0.02149029189859271,0.0748,0.432903459638,0.0973
chr2,58989660,-0.021490291900282225,0.0756,0.434100686499,0.0891
chr2,58989661,-0.021490291902198203,0.0758,0.434113791979,0.0714
chr2,58989662,-0.021490291904299515,0.076,0.43455078125,0.057
chr2,58989663,-0.02149029190655007,0.0754,0.434100686499,0.0486
chr2,58989664,-0.02149029190891885,0.0752,0.434100686499,0.0422
chr2,58989665,-0.021490291911379966,0.075,0.433632323897,0.0377
chr2,58989666,-0.02149029191391254,0.0746,0.432173153034,0.0346
chr2,58989667,-0.021490291916500603,0.0746,0.432173153034,0.0326
chr2,58989668,-0.02149029191913282,0.0766,0.436418747973,0.0316
chr2,58989669,-0.02149029192180229,0.0764,0.436128046799,0.0312
chr2,58989670,-0.021490291924506227,0.0776,0.440259689922,0.0319
chr2,58989671,-0.02149029192724568,0.0772,0.438840776699,0.0336
chr2,58989672,-0.02149029193002516,0.0766,0.436418747973,0.0363
chr2,58989673,-0.021490291932852183,0.0762,0.435269268293,0.0417
chr2,58989674,-0.021490291935736695,0.0756,0.434100686499,0.0475
chr2,58989675,-0.021490291938690294,0.076,0.43455078125,0.0549
chr2,58989676,-0.02149029194172541,0.0758,0.434113791979,0.0654
chr2,58989677,-0.0214902919448544,0.0764,0.436128046799,0.0787
chr2,58989678,-0.02149029194808863,0.0766,0.436418747973,0.0924
chr2,58989679,-0.02149029195143773,0.0766,0.436418747973,0.1048
chr2,58989680,-0.02149029195490893,0.077,0.437987370466,0.1306
chr2,58989681,-0.021490291958506623,0.0782,0.442235350934,0.1625
chr2,58989682,-0.02149029196223203,0.0784,0.442511568123,0.17
chr2,58989683,-0.021490291966083028,0.0782,0.442235350934,0.1723
chr2,58989684,-0.021490291970054153,0.0782,0.442235350934,0.1983
chr2,58989685,-0.021490291974136735,0.078,0.44167311412,0.1868
chr2,58989686,-0.021490291978319094,0.0784,0.442511568123,0.1709
chr2,58989687,-0.021490291982586913,0.0792,0.445309859155,0.1557
chr2,58989688,-0.021490291986923635,0.081,0.451241674596,0.1427
chr2,58989689,-0.02149029199131085,0.081,0.451241674596,0.1317
chr2,58989690,-0.021490291995728755,0.0826,0.456391632589,0.1251
chr2,58989691,-0.021490292000156473,0.084,0.459931421446,0.1266
chr2,58989692,-0.0214902920045724,0.0852,0.462608346213,0.1333
chr2,58989693,-0.021490292008954488,0.0876,0.472571867322,0.1491
chr2,58989694,-0.021490292013280538,0.089,0.477776589242,0.1674
chr2,58989695,-0.02149029201752848,0.0906,0.482758985201,0.1969
chr2,58989696,-0.021490292021676703,0.0918,0.484369780715,0.2319
chr2,58989697,-0.02149029202570441,0.0924,0.485493867783,0.2694
chr2,58989698,-0.021490292029592004,0.0928,0.487012847326,0.311
chr2,58989699,-0.02149029203332151,0.0936,0.488438502674,0.353
chr2,58989700,-0.021490292036876874,0.0942,0.489678307191,0.3915
chr2,58989701,-0.021490292040244382,0.0938,0.489046304541,0.4974
chr2,58989702,-0.021490292043412892,0.0974,0.49922118471,0.5114
chr2,58989703,-0.021490292046374104,0.1028,0.515320205479,0.5138
chr2,58989704,-0.021490292049122665,0.1044,0.521554607509,0.6129
chr2,58989705,-0.02149029205165636,0.1074,0.528574110395,0.5853
chr2,58989706,-0.02149029205397608,0.1082,0.531468959732,0.5541
chr2,58989707,-0.021490292056085776,0.1082,0.531468959732,0.5165
chr2,58989708,-0.02149029205799234,0.1104,0.534355469826,0.5785
chr2,58989709,-0.02149029205970528,0.1116,0.536841716785,0.5097
chr2,58989710,-0.021490292061236396,0.1148,0.547208141113,0.4422
chr2,58989711,-0.021490292062599187,0.1166,0.549199625869,0.383
chr2,58989712,-0.021490292063808224,0.1178,0.54957689243,0.3264
chr2,58989713,-0.021490292064878444,0.1206,0.553669367486,0.2763
chr2,58989714,-0.02149029206582434,0.1232,0.558495490853,0.2411
chr2,58989715,-0.021490292066659318,0.123,0.55826744186,0.206
chr2,58989716,-0.02149029206739518,0.1234,0.558495490853,0.1833
chr2,58989717,-0.021490292068041875,0.1234,0.558495490853,0.1649
chr2,58989718,-0.021490292068607596,0.1234,0.558495490853,0.1503
chr2,58989719,-0.021490292069099064,0.1234,0.558495490853,0.1365
chr2,59061572,0.012434950221003917,0.5552,0.893206464018,0.3165
chr2,59061573,0.01243495021994593,0.5552,0.893206464018,0.3106
chr2,59061574,0.012434950218768408,0.5552,0.893206464018,0.2899
chr2,59061575,0.012434950217477958,0.5552,0.893206464018,0.1316
chr2,59061576,0.012434950216083651,0.5552,0.893206464018,0.1138
chr2,59061577,0.012434950214596244,0.5552,0.893206464018,0.0976
chr2,59061578,0.012434950213027296,0.5552,0.893206464018,0.0816
chr2,59061579,0.012434950211388228,0.5552,0.893206464018,0.0689
chr2,59061580,0.012434950209689414,0.5552,0.893206464018,0.0562
chr2,59061581,0.012434950207939282,0.5552,0.893206464018,0.0479
chr2,59061582,0.012434950206143519,0.5552,0.893206464018,0.0434
chr2,59061583,0.012434950204304296,0.5552,0.893206464018,0.039
chr2,59061584,0.012434950202419592,0.5552,0.893206464018,0.0377
chr2,59061585,0.012434950200482523,0.5554,0.893206464018,0.0341
chr2,59061586,0.012434950198480807,0.5524,0.893206464018,0.0353
chr2,59061587,0.012434950196396349,0.551,0.893206464018,0.0363
chr2,59061588,0.012434950194205067,0.5508,0.893206464018,0.0406
chr2,59061589,0.01243495019187707,0.5494,0.893206464018,0.0452
chr2,59061590,0.01243495018937723,0.5482,0.893206464018,0.0512
chr2,59061591,0.012434950186666226,0.5474,0.893206464018,0.0602
chr2,59061592,0.012434950183701988,0.5468,0.893206464018,0.0718
chr2,59061593,0.012434950180441459,0.5468,0.893206464018,0.082
chr2,59061594,0.012434950176842492,0.5468,0.893206464018,0.0917
chr2,59061595,0.012434950172865767,0.5474,0.893206464018,0.0991
chr2,59061596,0.01243495016847661,0.5468,0.893206464018,0.1052
chr2,59061597,0.01243495016364664,0.5468,0.893206464018,0.1089
chr2,59061598,0.012434950158355289,0.546,0.893206464018,0.1067
chr2,59061599,0.012434950152591193,0.5456,0.893206464018,0.1013
chr2,59061600,0.01243495014635331,0.5454,0.893206464018,0.093
chr2,59061601,0.012434950139651787,0.5458,0.893206464018,0.0843
chr2,59061602,0.012434950132508085,0.5464,0.893206464018,0.0741
chr2,59061603,0.012434950124954372,0.546,0.893206464018,0.0634
chr2,59061604,0.012434950117031792,0.5456,0.893206464018,0.0525
chr2,59061605,0.012434950108787732,0.5452,0.893206464018,0.0459
chr2,59061606,0.012434950100272365,0.5448,0.893206464018,0.0407
chr2,59061607,0.012434950091535026,0.5448,0.893206464018,0.0359
chr2,59061608,0.01243495008262085,0.5444,0.893206464018,0.0333
chr2,59061609,0.012434950073568138,0.5434,0.892957339321,0.0317
chr2,59061610,0.012434950064406506,0.5432,0.892712200599,0.0299
chr2,59061611,0.012434950055155748,0.5422,0.891736235955,0.0291
chr2,59061612,0.012434950045825245,0.5444,0.893206464018,0.0293
chr2,59061613,0.012434950036413175,0.545,0.893206464018,0.03
chr2,59061614,0.0124349500269055,0.543,0.892467016001,0.0305
chr2,59061615,0.012434950017274278,0.542,0.891574264844,0.0326
chr2,59061616,0.012434950007474731,0.5418,0.891574264844,0.0369
chr2,59061617,0.01243494999744044,0.5424,0.891898146415,0.0418
chr2,59061618,0.012434949987075592,0.542,0.891574264844,0.0473
chr2,59061619,0.012434949976242405,0.542,0.891574264844,0.0558
chr2,59061620,0.012434949964740484,0.542,0.891574264844,0.0674
chr2,59061621,0.012434949952271948,0.5416,0.891500702839,0.0783
chr2,59061622,0.012434949938380225,0.5414,0.891338550942,0.0915
chr2,59061623,0.012434949922336205,0.5418,0.891574264844,0.1061
chr2,59061624,0.01243494990290858,0.5422,0.891736235955,0.1898
chr2,59061625,0.01243494987784047,0.5424,0.891898146415,0.2175
chr2,59061626,0.012434949842425862,0.5428,0.892221785514,0.2415
chr2,59061627,0.012434949784444769,0.5428,0.892221785514,0.262
chr2,59061628,0.01243494965923209,0.5442,0.893206464018,0.2739
chr2,59061629,0.012434949265242919,0.5428,0.892221785514,0.2849
chr2,59061630,0.004637248518248134,0.798,0.898506919528,0.2858
chr2,59061631,0.004637248091426354,0.7986,0.898674418605,0.2891
chr2,59061632,0.0046372479565134446,0.7982,0.898506919528,0.2866
chr2,59061633,0.004637247904206312,0.7984,0.898506919528,0.2796
chr2,59061634,0.0046372478751334914,0.7984,0.898506919528,0.2678
chr2,59061635,0.004637247856503893,0.7984,0.898506919528,0.2525
chr2,59061636,0.004637247843656351,0.7984,0.898506919528,0.231
chr2,59061697,-0.015734333917460968,0.3816,0.774902630365,0.2923
chr2,59061698,-0.015734333918560522,0.3816,0.774902630365,0.3601
chr2,59061699,-0.015734333919940526,0.3816,0.774902630365,0.415
chr2,59061700,-0.015734333921637516,0.3816,0.774902630365,0.4345
chr2,59061701,-0.015734333923683695,0.3816,0.774902630365,0.4185
chr2,59061702,-0.015734333926105137,0.3816,0.774902630365,0.3689
chr2,59061703,-0.015734333928920614,0.3816,0.774902630365,0.3099
chr2,59061704,-0.015734333932141117,0.3816,0.774902630365,0.2186
chr2,59061705,-0.01573433393577036,0.381,0.774902630365,0.191
chr2,59061706,-0.015734333939806094,0.3812,0.774902630365,0.1637
chr2,59061707,-0.01573433394424226,0.3808,0.774902630365,0.1414
chr2,59061708,-0.015734333949071342,0.38,0.774902630365,0.1215
chr2,59061709,-0.015734333954286597,0.3788,0.774902630365,0.1095
chr2,59061710,-0.015734333959883925,0.3798,0.774902630365,0.1003
chr2,59061711,-0.015734333965862716,0.378,0.774902630365,0.0924
chr2,59061712,-0.015734333972225966,0.373,0.770521580619,0.0886
chr2,59061713,-0.01573433397897948,0.3704,0.766864214993,0.0878
chr2,59061714,-0.01573433398613042,0.3704,0.766864214993,0.0905
chr2,59061715,-0.015734333993685255,0.369,0.765590007087,0.0928
chr2,59061716,-0.015734334001647254,0.3706,0.767097454631,0.0996
chr2,59061717,-0.01573433401001353,0.3716,0.768442900871,0.1058
chr2,59061718,-0.0157343340187719,0.3704,0.766864214993,0.1153
chr2,59061719,-0.015734334027897902,0.3718,0.768585030011,0.1213
chr2,59061720,-0.01573433403735272,0.3698,0.766344620104,0.1268
chr2,59061721,-0.01573433404708295,0.368,0.764056737589,0.1327
chr2,59061722,-0.01573433405702285,0.37,0.766578202406,0.1368
chr2,59061723,-0.015734334067098624,0.3674,0.762991369118,0.1417
chr2,59061724,-0.015734334077233486,0.3686,0.764940808129,0.1464
chr2,59061725,-0.015734334087351427,0.3698,0.766344620104,0.1534
chr2,59061726,-0.0157343340973789,0.3704,0.766864214993,0.1561
chr2,59061727,-0.007634290336355878,0.6792,0.897402573175,0.1636
chr2,59061728,-0.007634289779105941,0.68,0.897402573175,0.1705
chr2,59061729,-0.0076342897476157105,0.6806,0.897402573175,0.178
chr2,59061730,-0.00763428973691297,0.6806,0.897402573175,0.1825
chr2,59061731,-0.0076342897323238785,0.6812,0.897402573175,0.1874
chr2,59061732,-0.007634289730346339,0.6818,0.897402573175,0.1895
chr2,59061733,-0.007634289729725822,0.6846,0.897402573175,0.1904
chr2,59061734,-0.007634289729898057,0.6846,0.897402573175,0.1858
chr2,59061735,-0.007634289730570081,0.6872,0.897402573175,0.1791
chr2,59061736,-0.007634289731573391,0.6876,0.897402573175,0.1711
chr2,59061737,-0.007634289732803806,0.688,0.897402573175,0.1565
chr2,59061738,-0.007634289734193561,0.6896,0.897402573175,0.1402
chr2,59061739,-0.007634289735696881,0.6902,0.897402573175,0.1241
chr2,59061740,-0.007634289737281855,0.6928,0.897402573175,0.1087
chr2,59061741,-0.007634289738925405,0.6924,0.897402573175,0.0944
chr2,59061742,-0.007634289740610019,0.6934,0.897402573175,0.0824
chr2,59061743,-0.007634289742321538,0.694,0.897402573175,0.0727
chr2,59061744,-0.007634289744047553,0.6952,0.897402573175,0.0664
chr2,59061745,-0.0076342897457764,0.6956,0.897402573175,0.0603
chr2,59061746,-0.007634289747496381,0.6966,0.897402573175,0.0579
chr2,59061747,-0.007634289749195298,0.699,0.897402573175,0.054
chr2,59061748,-0.007634289750860257,0.6998,0.897402573175,0.0525
chr2,59061749,-0.007634289752477679,0.701,0.897402573175,0.0596
chr2,59061750,-0.0076342897540335386,0.701,0.897402573175,0.0614
chr2,59061751,-0.007634289755513793,0.701,0.897402573175,0.0638
chr2,59061752,-0.007634289756904974,0.701,0.897402573175,0.067
chr2,59061753,-0.007634289758194889,0.701,0.897402573175,0.0825
chr2,59061754,-0.007634289759373405,0.701,0.897402573175,0.1065
chr2,59061755,-0.007634289760433104,0.701,0.897402573175,0.1071
chr2,59061813,-0.012979213398849679,0.398,0.780623146393,0.5222
chr2,59061814,-0.012979213399690402,0.398,0.780623146393,0.6258
chr2,59061815,-0.012979213400577672,0.398,0.780623146393,0.6864
chr2,59061816,-0.01297921340148609,0.398,0.780623146393,0.7141
chr2,59061817,-0.012979213402384155,0.398,0.780623146393,0.7039
chr2,59061818,-0.012979213403233488,0.398,0.780623146393,0.6587
chr2,59061819,-0.012979213403987304,0.3982,0.780623146393,0.5795
chr2,59061820,-0.01297921340458776,0.397,0.780623146393,0.4767
chr2,59061821,-0.012979213404961656,0.3952,0.780623146393,0.3597
chr2,59061822,-0.012979213405013647,0.3944,0.780623146393,0.2892
chr2,59061823,-0.01297921340461576,0.3916,0.780578255946,0.2484
chr2,59061824,-0.01297921340359113,0.391,0.780578255946,0.2151
chr2,59061825,-0.01297921340168895,0.3866,0.778117222413,0.1808
chr2,59061826,-0.012979213398546673,0.3872,0.778878607421,0.1631
chr2,59061827,-0.012979213393635463,0.3838,0.776268797425,0.141
chr2,59061828,-0.012979213386194371,0.3818,0.774902630365,0.1268
chr2,59061829,-0.012979213375202768,0.3816,0.774902630365,0.1201
chr2,59061830,-0.012979213359553004,0.3796,0.774902630365,0.1092
chr2,59061831,-0.012979213338652047,0.3778,0.774902630365,0.0997
chr2,59061832,-0.012979213313253591,0.3772,0.774902630365,0.0903
chr2,59061833,-0.012979213285506167,0.3756,0.774435262355,0.0835
chr2,59061834,-0.012979213257783905,0.3752,0.773792180345,0.0781
chr2,59061835,-0.012979213231578622,0.3736,0.77121682924,0.0742
chr2,59061836,-0.01297921320737193,0.372,0.768817507942,0.0692
chr2,59061837,-0.012979213185033263,0.3712,0.767796514366,0.067
chr2,59061838,-0.012979213164181162,0.3698,0.766344620104,0.0688
chr2,59061839,-0.012979213144364753,0.3692,0.765643211334,0.0738
chr2,59061840,-0.012979213125130559,0.3636,0.75841752761,0.0818
chr2,59061841,-0.012979213106024191,0.3612,0.754038269551,0.0903
chr2,59061842,-0.012979213086561948,0.3582,0.750093347639,0.1057
chr2,59061843,-0.012979213066181864,0.3566,0.747455727924,0.1221
chr2,59061844,-0.012979213044158711,0.3582,0.750093347639,0.138
chr2,59061845,-0.01297921301945341,0.3578,0.74970261243,0.1592
chr2,59061846,-0.012979212990420118,0.3584,0.750422696388,0.1752
chr2,59061847,-0.012979212954093246,0.3582,0.750093347639,0.1917
chr2,59061848,-0.012979212904327481,0.358,0.750032204198,0.2037
chr2,59061849,-0.012979212825533043,0.3572,0.748624030545,0.2091
chr2,59061850,-0.012979212663317903,0.3576,0.749372942019,0.2103
chr2,59061851,-0.012979212091312635,0.3594,0.751262763299,0.208
chr2,59061852,-0.010943228463716974,0.4478,0.803350730262,0.2045
chr2,59061853,-0.007050005213775786,0.6382,0.897402573175,0.1653
chr2,59061854,-0.007050004948870342,0.6346,0.897402573175,0.1643
chr2,59061855,-0.0070500048667509856,0.6376,0.897402573175,0.1648
chr2,59061856,-0.0070500048325853265,0.6398,0.897402573175,0.1668
chr2,59061857,-0.007050004814040656,0.6378,0.897402573175,0.1684
chr2,59061858,-0.007050004802107232,0.6384,0.897402573175,0.1714
chr2,59061859,-0.00705000479377863,0.6414,0.897402573175,0.1744
chr2,59061860,-0.0070500047878068696,0.6434,0.897402573175,0.1735
chr2,59061861,-0.007050004783545626,0.6458,0.897402573175,0.1706
chr2,59061862,-0.007050004780602908,0.6452,0.897402573175,0.1648
chr2,59061863,-0.007050004778715624,0.6456,0.897402573175,0.1515
chr2,59061864,-0.007050004777693392,0.6454,0.897402573175,0.1204
chr2,59061865,-0.007050004777389291,0.6446,0.897402573175,0.1212
chr2,59061866,-0.007050004777683617,0.6438,0.897402573175,0.1049
chr2,59061867,-0.007050004778474864,0.6446,0.897402573175,0.1001
chr2,59061868,-0.007050004779674914,0.6452,0.897402573175,0.0823
chr2,59061869,-0.007050004781206678,0.6462,0.897402573175,0.0696
chr2,59061870,-0.007050004783003019,0.6462,0.897402573175,0.0622
chr2,59061871,-0.007050004785006263,0.6474,0.897402573175,0.0574
chr2,59061872,-0.007050004787167835,0.6466,0.897402573175,0.0484
chr2,59061873,-0.0070500047894477835,0.646,0.897402573175,0.0409
chr2,59061874,-0.007050004791814109,0.646,0.897402573175,0.0357
chr2,59061875,-0.007050004794241888,0.646,0.897402573175,0.0322
chr2,59061876,-0.007050004796712272,0.6464,0.897402573175,0.0302
chr2,59061877,-0.007050004799211413,0.6466,0.897402573175,0.0277
chr2,59061878,-0.007050004801729444,0.6466,0.897402573175,0.0262
chr2,59061879,-0.007050004804259551,0.6466,0.897402573175,0.0256
chr2,59061880,-0.007050004806797129,0.6464,0.897402573175,0.0254
chr2,59061881,-0.007050004809339172,0.6474,0.897402573175,0.0251
chr2,59061882,-0.00705000481188374,0.6476,0.897402573175,0.0253
chr2,59061883,-0.007050004814429559,0.647,0.897402573175,0.0252
chr2,59061884,-0.007050004816975719,0.6522,0.897402573175,0.0252
chr2,59061885,-0.0070500048195214285,0.6564,0.897402573175,0.0253
chr2,59061886,-0.007050004822065802,0.6584,0.897402573175,0.0254
chr2,59061887,-0.007050004824607636,0.6582,0.897402573175,0.0256
chr2,59061888,-0.00705000482714515,0.658,0.897402573175,0.0259
chr2,59061889,-0.007050004829675693,0.6582,0.897402573175,0.0262
chr2,59061890,-0.007050004832195431,0.6582,0.897402573175,0.0266
chr2,59061891,-0.007050004834698959,0.6582,0.897402573175,0.0272
chr2,59061892,-0.007050004837178773,0.6578,0.897402573175,0.0282
chr2,59061893,-0.00705000483962489,0.658,0.897402573175,0.0298
chr2,59061894,-0.007050004842024495,0.6582,0.897402573175,0.0331
chr2,59061895,-0.007050004844361761,0.6588,0.897402573175,0.0361
chr2,59061896,-0.007050004846617943,0.6584,0.897402573175,0.0409
chr2,59061897,-0.007050004848771826,0.6582,0.897402573175,0.0455
chr2,59061898,-0.0070500048508006456,0.6576,0.897402573175,0.0523
chr2,59061899,-0.007050004852681494,0.6576,0.897402573175,0.0641
chr2,59061900,-0.007050004854393192,0.6582,0.897402573175,0.0737
chr2,59061901,-0.007050004855918502,0.6578,0.897402573175,0.1004
chr2,59061902,-0.007050004857246439,0.6588,0.897402573175,0.1115
chr2,59061903,-0.007050004858374278,0.6582,0.897402573175,0.1217
chr2,59061904,-0.00705000485930879,0.6576,0.897402573175,0.1307
chr2,59061905,-0.0070500048600662555,0.6584,0.897402573175,0.1401
chr2,59061906,-0.0070500048606710174,0.6564,0.897402573175,0.1458
chr2,59061907,-0.007050004861152798,0.6556,0.897402573175,0.1523
chr2,59061908,-0.007050004861543427,0.6538,0.897402573175,0.1504
chr2,59061909,-0.007050004861874113,0.6572,0.897402573175,0.1443
chr2,59061910,-0.0070500048621737225,0.6556,0.897402573175,0.1424
chr2,59061911,-0.007050004862468535,0.657,0.897402573175,0.1386
chr2,59061912,-0.00705000486278318,0.6584,0.897402573175,0.1359
chr2,59061913,-0.0070500048631423895,0.6574,0.897402573175,0.1783
chr2,59061914,-0.007050004863573268,0.66,0.897402573175,0.2515
chr2,59061915,-0.007050004864108044,0.6622,0.897402573175,0.2396
chr2,59061916,-0.007050004864787383,0.6642,0.897402573175,0.2228
chr2,59061917,-0.007050004865664598,0.6656,0.897402573175,0.2031
chr2,59061918,-0.0070500048668107355,0.6672,0.897402573175,0.1861
chr2,59061919,-0.007050004868319956,0.667,0.897402573175,0.1702
chr2,59061920,-0.007050004870312095,0.6692,0.897402573175,0.1586
chr2,59061921,-0.0070500048729237545,0.6708,0.897402573175,0.1501
chr2,59061922,-0.007050004876271412,0.6742,0.897402573175,0.151
chr2,59061923,-0.007050004880372016,0.6762,0.897402573175,0.1546
chr2,59061924,-0.007050004885040678,0.6826,0.897402573175,0.174
chr2,59061925,-0.007050004889860779,0.6834,0.897402573175,0.2012
chr2,59061926,-0.007050004894344642,0.6826,0.897402573175,0.2373
chr2,59061927,-0.007050004898177966,0.6826,0.897402573175,0.2907
chr2,59061928,-0.007050004901281029,0.6826,0.897402573175,0.3514
chr2,59061929,-0.007050004903718766,0.6826,0.897402573175,0.4138
chr2,59061930,-0.007050004905607676,0.6826,0.897402573175,0.4696
chr2,59061931,-0.007050004907063885,0.6826,0.897402573175,0.5066
chr2,59061932,-0.007050004908184505,0.6826,0.897402573175,0.5274
chr2,59061933,-0.007050004909045419,0.6826,0.897402573175,0.5252
chr2,59098893,-0.008054869174094606,0.6246,0.897402573175,0.097
chr2,59098894,-0.008054869173453357,0.6246,0.897402573175,0.0748
chr2,59098895,-0.008054869172670655,0.6246,0.897402573175,0.0707
chr2,59098896,-0.008054869171728124,0.6246,0.897402573175,0.0656
chr2,59098897,-0.00805486917060986,0.6246,0.897402573175,0.0596
chr2,59098898,-0.008054869169304561,0.6246,0.897402573175,0.0538
chr2,59098899,-0.008054869167807564,0.6246,0.897402573175,0.0491
chr2,59098900,-0.008054869166122337,0.6246,0.897402573175,0.0447
chr2,59098901,-0.008054869164260995,0.6246,0.897402573175,0.0405
chr2,59098902,-0.008054869162243601,0.6246,0.897402573175,0.0373
chr2,59098903,-0.008054869160096501,0.6246,0.897402573175,0.035
chr2,59098904,-0.008054869157850097,0.6246,0.897402573175,0.034
chr2,59098905,-0.008054869155536647,0.6246,0.897402573175,0.034
chr2,59098906,-0.008054869153188517,0.6248,0.897402573175,0.0357
chr2,59098907,-0.008054869150837045,0.622,0.897402573175,0.0386
chr2,59098908,-0.008054869148511876,0.6192,0.897402573175,0.043
chr2,59098909,-0.008054869146240545,0.6164,0.897402573175,0.0494
chr2,59098910,-0.008054869144048057,0.6142,0.897402573175,0.0595
chr2,59098911,-0.008054869141956258,0.6134,0.897402573175,0.0745
chr2,59098912,-0.008054869139983116,0.6118,0.897402573175,0.0942
chr2,59098913,-0.008054869138141992,0.6128,0.897402573175,0.0943
chr2,59098914,-0.00805486913644113,0.6124,0.897402573175,0.1146
chr2,59098915,-0.008054869134883538,0.6122,0.897402573175,0.1344
chr2,59098916,-0.008054869133467217,0.612,0.897402573175,0.1573
chr2,59098917,-0.008054869132185892,0.6104,0.897402573175,0.1791
chr2,59098918,-0.008054869131029938,0.6104,0.897402573175,0.1944
chr2,59098919,-0.008054869129987539,0.609,0.897402573175,0.205
chr2,59098920,-0.00805486912904581,0.6088,0.897402573175,0.2051
chr2,59098921,-0.008054869128191864,0.608,0.897402573175,0.1991
chr2,59098922,-0.00805486912741373,0.6064,0.897402573175,0.1881
chr2,59098923,-0.008054869126701204,0.6084,0.897402573175,0.1735
chr2,59098924,-0.008054869126046494,0.6072,0.897402573175,0.1604
chr2,59098925,-0.008054869125444728,0.6072,0.897402573175,0.1463
chr2,59098926,-0.008054869124894273,0.605,0.897402573175,0.1444
chr2,59098927,-0.008054869124396829,0.6014,0.897402573175,0.1477
chr2,59098928,-0.008054869123957318,0.6016,0.897402573175,0.1481
chr2,59098929,-0.008054869123583505,0.594,0.897402573175,0.1556
chr2,59098930,-0.00805486912328542,0.588,0.897402573175,0.1697
chr2,59098931,-0.00805486912307463,0.5862,0.897402573175,0.1881
chr2,59098932,-0.008054869122963517,0.5864,0.897402573175,0.2156
chr2,59098933,-0.008054869122964716,0.5838,0.897402573175,0.2448
chr2,59098934,-0.008054869123090839,0.5814,0.897402573175,0.2149
chr2,59098935,-0.008054869123354649,0.5764,0.897402573175,0.1958
chr2,59098936,-0.00805486912376973,0.576,0.897402573175,0.2181
chr2,59098937,-0.008054869124351646,0.5756,0.897402573175,0.2311
chr2,59098938,-0.008054869125119678,0.573,0.897402573175,0.2426
chr2,59098939,-0.008054869126099132,0.5728,0.897402573175,0.2464
chr2,59098940,-0.008054869127324364,0.572,0.897402573175,0.2508
chr2,59098941,-0.008054869128843229,0.5718,0.897402573175,0.2387
chr2,59098942,-0.0080548691307234,0.5692,0.897402573175,0.2232
chr2,59098943,-0.008054869133062343,0.5678,0.897402573175,0.2048
chr2,59098944,-0.008054869136003817,0.5696,0.897402573175,0.1607
chr2,59098945,-0.008054869139766914,0.5682,0.897402573175,0.1696
chr2,59098946,-0.008054869144700572,0.5684,0.897402573175,0.1459
chr2,59098947,-0.008054869151394655,0.5686,0.897402573175,0.1244
chr2,59098948,-0.00805486916093082,0.5682,0.897402573175,0.108
chr2,59098949,-0.00805486917553466,0.5694,0.897402573175,0.0907
chr2,59098950,-0.008054869200654577,0.5728,0.897402573175,0.0782
chr2,59098951,-0.008054869254121631,0.5702,0.897402573175,0.0682
chr2,59098952,-0.008054869438746056,0.5702,0.897402573175,0.0617
chr2,59098953,-0.014757134343708846,0.2614,0.683461000298,0.0559
chr2,59098954,-0.014757134351214321,0.2588,0.680512275449,0.0536
chr2,59098955,-0.014757134358797967,0.2572,0.679151834035,0.0528
chr2,59098956,-0.014757134366437467,0.2542,0.676967756585,0.0545
chr2,59098957,-0.014757134374114838,0.2516,0.676967756585,0.0587
chr2,59098958,-0.01475713438181582,0.251,0.676967756585,0.0624
chr2,59098959,-0.014757134389529221,0.25,0.676967756585,0.0626
chr2,59098960,-0.014757134397246303,0.248,0.676967756585,0.067
chr2,59098961,-0.01475713440496016,0.2468,0.676967756585,0.0725
chr2,59098962,-0.014757134412665287,0.2454,0.676967756585,0.0759
chr2,59098963,-0.01475713442035722,0.2456,0.676967756585,0.0792
chr2,59098964,-0.014757134428032207,0.245,0.676967756585,0.0798
chr2,59098965,-0.014757134435686955,0.2444,0.676967756585,0.0787
chr2,59098966,-0.014757134443318418,0.2444,0.676967756585,0.0755
chr2,59098967,-0.014757134450923573,0.2442,0.676967756585,0.0717
chr2,59098968,-0.014757134458499039,0.2438,0.676967756585,0.0664
chr2,59098969,-0.014757134466040527,0.243,0.676967756585,0.0672
chr2,59098970,-0.014757134473541999,0.2426,0.676967756585,0.0615
chr2,59098971,-0.01475713448099453,0.2428,0.676967756585,0.0564
chr2,59098972,-0.014757134488384836,0.2436,0.676967756585,0.0548
chr2,59098973,-0.014757134495693582,0.2436,0.676967756585,0.0571
chr2,59098974,-0.0147571345028935,0.2438,0.676967756585,0.0576
chr2,59098975,-0.014757134509947542,0.2446,0.676967756585,0.0609
chr2,59098976,-0.0147571345168073,0.2436,0.676967756585,0.0678
chr2,59098977,0.005418881248760905,0.576,0.897402573175,0.0808
chr2,59098978,0.005418881242506717,0.5758,0.897402573175,0.0995
chr2,59098979,0.005418881234447663,0.5752,0.897402573175,0.1239
chr2,59098980,0.005418881223776124,0.5742,0.897402573175,0.1527
chr2,59098981,0.005418881208876625,0.5736,0.897402573175,0.1888
chr2,59098982,0.005418881186030821,0.5726,0.897402573175,0.2325
chr2,59098983,0.0054188811444658355,0.5712,0.897402573175,0.2695
chr2,59098984,0.005418881033344742,0.5708,0.897402573175,0.3087
chr2,59098985,0.0014423932742606766,0.8184,0.907696912294,0.2757
chr2,59098986,-0.000880844054699031,0.9834,0.991218244406,0.3579
chr2,59098987,-0.0008808441348091807,0.9846,0.991998336584,0.3673
chr2,59098988,-0.0008808441625640838,0.9836,0.991218244406,0.3677
chr2,59098989,-0.0008808441757404159,0.9834,0.991218244406,0.3551
chr2,59098990,-0.0008808441831919669,0.9822,0.990463551831,0.3332
chr2,59098991,-0.0008808441878985939,0.9844,0.991853725693,0.39
chr2,59098992,0.0042419533750032365,0.6406,0.897402573175,0.3543
chr2,59098993,0.004241953464040195,0.637,0.897402573175,0.3178
chr2,59098994,0.004241953494569526,0.6402,0.897402573175,0.276
chr2,59098995,0.0042419535108550056,0.639,0.897402573175,0.2395
chr2,59098996,0.004241953522193466,0.6354,0.897402573175,0.2044
chr2,59098997,0.00424195353138415,0.6338,0.897402573175,0.2326
chr2,59098998,0.004241953539476425,0.6316,0.897402573175,0.1963
chr2,59098999,0.004241953546936241,0.6294,0.897402573175,0.1763
chr2,59099000,0.004241953553997049,0.6314,0.897402573175,0.1569
chr2,59099001,0.004241953560786522,0.6322,0.897402573175,0.1427
chr2,59099002,0.0042419535673799205,0.6382,0.897402573175,0.1324
chr2,59099003,0.004241953573825304,0.6394,0.897402573175,0.1284
chr2,59099004,0.004241953580156369,0.6364,0.897402573175,0.1323
chr2,59099005,0.0042419535863991555,0.638,0.897402573175,0.1367
chr2,59099006,0.004241953592575405,0.6382,0.897402573175,0.1428
chr2,59099007,0.00424195359870404,0.6364,0.897402573175,0.1471
chr2,59099008,0.004241953604801615,0.6334,0.897402573175,0.1543
chr2,59099009,0.004241953610882267,0.6322,0.897402573175,0.1568
chr2,59099010,0.004241953616957536,0.6324,0.897402573175,0.1554
chr2,59099011,0.004241953623036227,0.6326,0.897402573175,0.1475
chr2,59099012,0.004241953629124448,0.6316,0.897402573175,0.1365
chr2,59099013,0.0042419536352258265,0.631,0.897402573175,0.1243
chr2,59099014,0.004241953641341953,0.6312,0.897402573175,0.1065
chr2,59099015,0.0042419536474728224,0.6308,0.897402573175,0.0899
chr2,59099016,0.00424195365361737,0.6302,0.897402573175,0.0925
chr2,59099017,0.004241953659773985,0.6306,0.897402573175,0.0756
chr2,59099018,0.004241953665940946,0.631,0.897402573175,0.0632
chr2,59099019,0.004241953672116758,0.631,0.897402573175,0.0467
chr2,59099020,0.004241953678300411,0.6306,0.897402573175,0.0389
chr2,59099021,0.004241953684491571,0.6322,0.897402573175,0.0353
chr2,59099022,0.004241953690690741,0.634,0.897402573175,0.0323
chr2,59099023,0.004241953696899438,0.6318,0.897402573175,0.032
chr2,59099024,0.0042419537031203386,0.6328,0.897402573175,0.0322
chr2,59099025,0.0042419537093574405,0.6374,0.897402573175,0.0332
chr2,59099026,0.004241953715616206,0.6372,0.897402573175,0.0359
chr2,59099027,0.004241953721903632,0.6358,0.897402573175,0.0384
chr2,59099028,0.004241953728228249,0.6342,0.897402573175,0.0425
chr2,59099029,0.004241953734599981,0.635,0.897402573175,0.0489
chr2,59099030,0.004241953741029856,0.6358,0.897402573175,0.0561
chr2,59099031,0.004241953747529545,0.6356,0.897402573175,0.0578
chr2,59099032,0.004241953754110765,0.6366,0.897402573175,0.0634
chr2,59099033,0.004241953760784565,0.6358,0.897402573175,0.0688
chr2,59099034,0.0042419537675605695,0.6358,0.897402573175,0.0677
chr2,59099035,0.0042419537744462586,0.6362,0.897402573175,0.0697
chr2,59099036,0.004241953781446386,0.6368,0.897402573175,0.066
chr2,59099037,0.004241953788562569,0.6364,0.897402573175,0.065
chr2,59099038,0.004241953795793182,0.636,0.897402573175,0.0673
chr2,59099039,0.004241953803133462,0.6362,0.897402573175,0.0634
chr2,59099040,0.0042419538105759194,0.636,0.897402573175,0.0587
chr2,59099041,0.004241953818110919,0.636,0.897402573175,0.053
chr2,59099042,0.004241953825727396,0.6358,0.897402573175,0.0475
chr2,59099043,0.004241953833413609,0.6358,0.897402573175,0.0419
chr2,59099044,0.004241953841157842,0.6358,0.897402573175,0.0379
chr2,59099045,0.004241953848949003,0.6346,0.897402573175,0.0347
chr2,59099046,0.004241953856777043,0.6344,0.897402573175,0.0317
chr2,59099047,0.004241953864633245,0.6348,0.897402573175,0.0304
chr2,59099048,0.004241953872510312,0.6352,0.897402573175,0.0292
chr2,59099049,0.0042419538804023375,0.6356,0.897402573175,0.0281
chr2,59099050,0.00424195388830466,0.6362,0.897402573175,0.0271
chr2,59099051,0.004241953896213639,0.6364,0.897402573175,0.0267
chr2,59099052,0.004241953904126375,0.6352,0.897402573175,0.0267
chr2,59099053,0.004241953912040404,0.6392,0.897402573175,0.0269
chr2,59099054,0.004241953919953349,0.6474,0.897402573175,0.0275
chr2,59099055,0.004241953927862553,0.641,0.897402573175,0.029
chr2,59099056,0.004241953935764655,0.6416,0.897402573175,0.0301
chr2,59099057,0.004241953943655141,0.6424,0.897402573175,0.0322
chr2,59099058,0.004241953951527818,0.6406,0.897402573175,0.0366
chr2,59099059,0.0042419539593743,0.6424,0.897402573175,0.0431
chr2,59099060,0.004241953967183462,0.6426,0.897402573175,0.0539
chr2,59099061,0.004241953974940957,0.6428,0.897402573175,0.0667
chr2,59099062,0.004241953982628893,0.643,0.897402573175,0.0973
chr2,59099063,0.004241953990225698,0.6424,0.897402573175,0.1362
chr2,59099064,0.00424195399770639,0.6434,0.897402573175,0.1952
chr2,59099065,0.004241954005043304,0.6432,0.897402573175,0.2734
chr2,59099066,0.004241954012207321,0.6438,0.897402573175,0.3691
chr2,59099067,0.004241954019169699,0.6428,0.897402573175,0.4732
chr2,59099068,0.004241954025904461,0.6442,0.897402573175,0.5759
chr2,59099069,0.004241954032391282,0.6444,0.897402573175,0.6552
chr2,59099070,0.004241954038618825,0.645,0.897402573175,0.7157
chr2,59099071,0.004241954044588559,0.6436,0.897402573175,0.7598
chr2,59099072,0.004241954050319389,0.6438,0.897402573175,0.7806
chr2,59099073,0.004241954055853696,0.6438,0.897402573175,0.7884
chr2,59099074,0.004241954061265646,0.6426,0.897402573175,0.7856
chr2,59099075,0.004241954066671593,0.645,0.897402573175,0.679
chr2,59099076,0.004241954072235567,0.647,0.897402573175,0.6494
chr2,59099077,0.0042419540781397005,0.6452,0.897402573175,0.6219
chr2,59099078,0.004241954084451053,0.651,0.897402573175,0.5144
chr2,59099079,0.004241954090884974,0.6536,0.897402573175,0.4279
chr2,59099080,0.004241954096793922,0.6496,0.897402573175,0.4224
chr2,59099081,0.004241954101603456,0.654,0.897402573175,0.4293
chr2,59099082,0.004241954105112036,0.6536,0.897402573175,0.4321
chr2,59099083,0.004241954107368853,0.6532,0.897402573175,0.4375
chr2,59099084,0.004241954108487471,0.656,0.897402573175,0.4286
chr2,59099085,0.004241954108567365,0.6548,0.897402573175,0.4202
chr2,59099086,0.004241954107682926,0.6556,0.897402573175,0.3921
chr2,59099087,0.004241954105892563,0.6562,0.897402573175,0.3565
chr2,59099088,0.004241954103249323,0.6554,0.897402573175,0.3678
chr2,59099089,0.004241954099808404,0.6566,0.897402573175,0.3194
chr2,59099090,0.004241954095631105,0.657,0.897402573175,0.2613
chr2,59099091,0.004241954090785833,0.6592,0.897402573175,0.2088
chr2,59099092,0.004241954085346997,0.661,0.897402573175,0.162
chr2,59099093,0.0042419540793925325,0.6626,0.897402573175,0.1231
chr2,59099094,0.004241954073000779,0.6646,0.897402573175,0.093
chr2,59099095,0.004241954066247337,0.6658,0.897402573175,0.0756
chr2,59099096,0.004241954059202314,0.6668,0.897402573175,0.0596
chr2,59099097,0.004241954051928299,0.6658,0.897402573175,0.0489
chr2,59099098,0.004241954044479141,0.666,0.897402573175,0.0407
chr2,59099099,0.004241954036899557,0.6656,0.897402573175,0.0348
chr2,59099100,0.004241954029225428,0.6654,0.897402573175,0.0316
chr2,59099101,0.004241954021484583,0.6652,0.897402573175,0.0293
chr2,59099102,0.004241954013697945,0.6646,0.897402573175,0.0283
chr2,59099103,0.0042419540058807265,0.6654,0.897402573175,0.0272
chr2,59099104,0.004241953998043671,0.6654,0.897402573175,0.0262
chr2,59099105,0.004241953990194169,0.665,0.897402573175,0.0256
chr2,59099106,0.004241953982337211,0.6662,0.897402573175,0.0256
chr2,59099107,0.004241953974476167,0.6694,0.897402573175,0.0257
chr2,59099108,0.0042419539666134105,0.677,0.897402573175,0.0253
chr2,59099109,0.0042419539587508475,0.6842,0.897402573175,0.0255
chr2,59099110,0.004241953950890343,0.6854,0.897402573175,0.0264
chr2,59099111,0.004241953943034152,0.6882,0.897402573175,0.0266
chr2,59099112,0.004241953935185376,0.69,0.897402573175,0.0277
chr2,59099113,0.004241953927348413,0.6914,0.897402573175,0.0284
chr2,59099114,0.004241953919529578,0.6924,0.897402573175,0.03
chr2,59099115,0.004241953911737732,0.693,0.897402573175,0.0321
chr2,59099116,0.004241953903985004,0.6934,0.897402573175,0.0361
chr2,59099117,0.0042419538962876,0.6926,0.897402573175,0.04
chr2,59099118,0.00424195388866657,0.6924,0.897402573175,0.0446
chr2,59099119,0.004241953881148438,0.6932,0.897402573175,0.0514
chr2,59099120,0.004241953873765604,0.6938,0.897402573175,0.0612
chr2,59099121,0.004241953866556341,0.6952,0.897402573175,0.0725
chr2,59099122,0.004241953859564263,0.695,0.897402573175,0.1025
chr2,59099123,0.004241953852837122,0.696,0.897402573175,0.1462
chr2,59099124,0.004241953846424931,0.6958,0.897402573175,0.2533
chr2,59099125,0.004241953840377474,0.696,0.897402573175,0.3927
chr2,59099126,0.004241953834741385,0.696,0.897402573175,0.5197
chr2,59099127,0.004241953829557077,0.696,0.897402573175,0.6065
chr2,59099128,0.004241953824855891,0.696,0.897402573175,0.6476
chr2,59099129,0.00424195382065775,0.696,0.897402573175,0.6408
chr2,59099130,0.004241953816969657,0.696,0.897402573175,0.5881
chr2,59099185,0.01221321480057831,0.407,0.782161378556,0.1008
chr2,59099186,0.012213214795231894,0.407,0.782161378556,0.0992
chr2,59099187,0.012213214789217868,0.407,0.782161378556,0.0956
chr2,59099188,0.012213214782553735,0.407,0.782161378556,0.0735
chr2,59099189,0.012213214775270912,0.407,0.782161378556,0.0669
chr2,59099190,0.012213214767412866,0.407,0.782161378556,0.06
chr2,59099191,0.012213214759033093,0.407,0.782161378556,0.0552
chr2,59099192,0.01221321475019313,0.407,0.782161378556,0.0507
chr2,59099193,0.01221321474096029,0.407,0.782161378556,0.047
chr2,59099194,0.01221321473140464,0.407,0.782161378556,0.0455
chr2,59099195,0.012213214721594732,0.4068,0.782161378556,0.0453
chr2,59099196,0.012213214711592146,0.405,0.781994185409,0.0479
chr2,59099197,0.012213214701445894,0.4032,0.781869675289,0.0523
chr2,59099198,0.012213214691188242,0.4002,0.780969317678,0.0591
chr2,59099199,0.012213214680833426,0.398,0.780623146393,0.0691
chr2,59099200,0.012213214670379498,0.3962,0.780623146393,0.0806
chr2,59099201,0.01221321465981281,0.3946,0.780623146393,0.0953
chr2,59099202,0.012213214649113647,0.394,0.780623146393,0.1144
chr2,59099203,0.012213214638261829,0.3936,0.780623146393,0.1353
chr2,59099204,0.012213214627241483,0.3924,0.780578255946,0.1557
chr2,59099205,0.012213214616044323,0.3906,0.780578255946,0.1759
chr2,59099206,0.012213214604671343,0.3882,0.779463172319,0.1939
chr2,59099207,0.012213214593132939,0.3868,0.778341390766,0.2069
chr2,59099208,0.012213214581447541,0.386,0.777622433765,0.2146
chr2,59099209,0.01221321456963934,0.3856,0.77744077135,0.2152
chr2,59099210,0.012213214557735243,0.3858,0.777487035337,0.2105
chr2,59099211,0.012213214545761738,0.3858,0.777487035337,0.2031
chr2,59099212,0.012213214533741901,0.3842,0.776268797425,0.1516
chr2,59099213,0.012213214521692982,0.3832,0.775360903122,0.1421
chr2,59099214,0.012213214509624721,0.3824,0.774902630365,0.1295
chr2,59099215,0.012213214497538448,0.3806,0.774902630365,0.1198
chr2,59099216,0.012213214485426822,0.3778,0.774902630365,0.1094
chr2,59099217,0.012213214473274166,0.374,0.771861120902,0.1067
chr2,59099218,0.012213214461057286,0.3734,0.770985188668,0.1085
chr2,59099219,0.006938976982435031,0.585,0.897402573175,0.1153
chr2,59099220,0.006938976991780341,0.5798,0.897402573175,0.121
chr2,59099221,0.006938976998980291,0.5794,0.897402573175,0.1285
chr2,59099222,0.006938977004650531,0.5772,0.897402573175,0.1348
chr2,59099223,0.0069389770091960136,0.5768,0.897402573175,0.1437
chr2,59099224,0.006938977012891706,0.5764,0.897402573175,0.1557
chr2,59099225,0.006938977015928739,0.576,0.897402573175,0.1652
chr2,59099226,0.0069389770184421305,0.5758,0.897402573175,0.1747
chr2,59099227,0.006938977020528106,0.575,0.897402573175,0.1905
chr2,59099228,0.006938977022255289,0.5756,0.897402573175,0.1954
chr2,59099229,0.006938977023672126,0.5754,0.897402573175,0.165
chr2,59099230,0.006938977024811844,0.5748,0.897402573175,0.1457
chr2,59099231,0.006938977025695821,0.5734,0.897402573175,0.1517
chr2,59099232,0.00693897702633574,0.5692,0.897402573175,0.1496
chr2,59099233,0.00693897702673492,0.5698,0.897402573175,0.1478
chr2,59099234,0.00693897702688893,0.5684,0.897402573175,0.147
chr2,59099235,0.006938977026785553,0.5674,0.897402573175,0.1448
chr2,59099236,0.006938977026404179,0.5682,0.897402573175,0.1369
chr2,59099237,0.006938977025714606,0.5692,0.897402573175,0.1545
chr2,59099238,0.00693897702467522,0.5694,0.897402573175,0.1444
chr2,59099239,0.006938977023230534,0.5696,0.897402573175,0.1288
chr2,59099240,0.006938977021308171,0.5684,0.897402573175,0.1171
chr2,59099241,0.006938977018815447,0.569,0.897402573175,0.0987
chr2,59099242,0.006938977015635927,0.5684,0.897402573175,0.0843
chr2,59099243,0.0069389770116269085,0.5692,0.897402573175,0.0722
chr2,59099244,0.006938977006619281,0.5704,0.897402573175,0.0628
chr2,59099245,0.006938977000422046,0.571,0.897402573175,0.0565
chr2,59099246,0.006938976992834149,0.571,0.897402573175,0.0489
chr2,59099247,0.006938976983665254,0.5716,0.897402573175,0.044
chr2,59099248,0.0069389769727639175,0.5724,0.897402573175,0.0393
chr2,59099249,0.006938976960045911,0.57,0.897402573175,0.0374
chr2,59099250,0.006938976945510561,0.568,0.897402573175,0.0345
chr2,59099251,0.0069389769292344285,0.5694,0.897402573175,0.0341
chr2,59099252,0.006938976911337117,0.5728,0.897402573175,0.035
chr2,59099253,0.0069389768919329055,0.5752,0.897402573175,0.0368
chr2,59099254,0.0069389768710793505,0.5764,0.897402573175,0.0406
chr2,59099255,0.006938976848733276,0.5776,0.897402573175,0.0449
chr2,59099256,0.006938976824716207,0.5788,0.897402573175,0.05
chr2,59099257,0.006938976798674997,0.5792,0.897402573175,0.0595
chr2,59099258,0.006938976770025576,0.5798,0.897402573175,0.0669
chr2,59099259,0.006938976737857232,0.581,0.897402573175,0.0764
chr2,59099260,0.00693897670074636,0.5812,0.897402573175,0.0859
chr2,59099261,0.006938976656393927,0.5808,0.897402573175,0.0931
chr2,59099262,0.006938976600848601,0.582,0.897402573175,0.098
chr2,59099263,0.006938976526658598,0.5844,0.897402573175,0.1233
chr2,59099264,0.0069389764177127935,0.5852,0.897402573175,0.1228
chr2,59099265,0.006938976230870478,0.585,0.897402573175,0.1199
chr2,59099266,0.006938975798366469,0.5838,0.897402573175,0.1151
chr2,59099267,0.00693897348373629,0.5848,0.897402573175,0.1105
chr2,59099268,-0.00037172179271427545,0.968,0.980730230144,0.1051
chr2,59099269,-0.0003717224186761988,0.9692,0.981511031741,0.1015
chr2,59099270,-0.0003717225974624538,0.9724,0.983826162087,0.1011
chr2,59099271,-0.0003717226770403582,0.97,0.981511031741,0.1048
chr2,59099272,-0.0003717227204222204,0.972,0.983478110599,0.1148
chr2,59099273,-0.0003717227469500607,0.9652,0.978796720744,0.1268
chr2,59099274,-0.0003717227644423845,0.9666,0.97976392175,0.145
chr2,59099275,-0.00037172277661244097,0.9676,0.980381518228,0.1759
chr2,59099276,-0.00037172278542533144,0.9676,0.980381518228,0.2787
chr2,59099277,-0.0003717227920056079,0.9676,0.980381518228,0.3212
chr2,59099278,-0.00037172279703601326,0.9676,0.980381518228,0.3635
chr2,59099279,-0.000371722800950743,0.9676,0.980381518228,0.397
chr2,59099280,-0.00037172280403659084,0.9676,0.980381518228,0.4134
chr2,59099281,-0.00037172280648928063,0.9676,0.980381518228,0.4105
chr2,59119195,0.007246762405960719,0.5494,0.893206464018,0.0809
chr2,59119196,0.007246762410970783,0.5494,0.893206464018,0.0709
chr2,59119197,0.007246762416542502,0.5494,0.893206464018,0.0708
chr2,59119198,0.007246762422638997,0.5494,0.893206464018,0.0697
chr2,59119199,0.0072467624292090705,0.5494,0.893206464018,0.0684
chr2,59119200,0.007246762436190127,0.5494,0.893206464018,0.0673
chr2,59119201,0.007246762443511457,0.5494,0.893206464018,0.0669
chr2,59119202,0.0072467624510976145,0.5494,0.893206464018,0.061
chr2,59119203,0.0072467624588714195,0.5488,0.893206464018,0.0633
chr2,59119204,0.007246762466756393,0.5488,0.893206464018,0.0675
chr2,59119205,0.007246762474678535,0.5462,0.893206464018,0.0737
chr2,59119206,0.00724676248256731,0.541,0.890763498313,0.0839
chr2,59119207,0.007246762490355998,0.5396,0.888958356781,0.0985
chr2,59119208,0.007246762497981398,0.539,0.88855326138,0.1178
chr2,59119209,0.007246762505383085,0.5376,0.887077876938,0.1205
chr2,59119210,0.007246762512502264,0.5342,0.884458761429,0.142
chr2,59119211,0.007246762519280326,0.533,0.883387903378,0.1686
chr2,59119212,0.007246762525657227,0.527,0.879167537278,0.1981
chr2,59119213,0.007246762531569788,0.5272,0.879417663818,0.224
chr2,59119214,0.007246762536949829,0.5274,0.879584219521,0.2569
chr2,59119215,0.00724676254172205,0.5256,0.878417126546,0.2902
chr2,59119216,0.007246762545800954,0.525,0.878082746144,0.318
chr2,59119217,0.007246762549085544,0.5252,0.878166396954,0.3493
chr2,59119218,0.007246762551448769,0.523,0.87598884333,0.3667
chr2,59119219,0.0072467625527150486,0.5222,0.875233110687,0.3762
chr2,59119220,0.007246762552609272,0.5208,0.873303293556,0.3787
chr2,59119221,0.007246762550630033,0.5218,0.874813114441,0.38
chr2,59119222,0.007246762545684062,0.519,0.871199827982,0.3742
chr2,59119223,0.007246762534744265,0.518,0.869936896453,0.3662
chr2,59119224,0.007246762505124795,0.5158,0.86715419219,0.3463
chr2,59119225,0.007246762333160683,0.5126,0.865418973472,0.3296
chr2,59119226,0.00035526506453594485,0.9184,0.965256898471,0.31
chr2,59119227,0.00035526506095493463,0.917,0.965256898471,0.2966
chr2,59119228,0.00035526505715566384,0.9232,0.965256898471,0.2793
chr2,59119229,0.00035526505312347817,0.9228,0.965256898471,0.2628
chr2,59119230,0.00035526504884388977,0.923,0.965256898471,0.2394
chr2,59119231,0.0003552650443029394,0.9224,0.965256898471,0.2192
chr2,59119232,0.0003552650394874926,0.9232,0.965256898471,0.2005
chr2,59119233,0.0003552650343854905,0.9242,0.965256898471,0.1836
chr2,59119234,0.00035526502898614953,0.9254,0.965256898471,0.1625
chr2,59119235,-0.006707536425486609,0.6158,0.897402573175,0.1479
chr2,59119236,-0.006707536463102403,0.613,0.897402573175,0.1162
chr2,59119237,-0.006707536473178733,0.6132,0.897402573175,0.094
chr2,59119238,-0.00670753647766477,0.613,0.897402573175,0.0895
chr2,59119239,-0.006707536480184073,0.6144,0.897402573175,0.0864
chr2,59119240,-0.006707536481799771,0.6138,0.897402573175,0.0833
chr2,59119241,-0.006707536482929467,0.6106,0.897402573175,0.0766
chr2,59119242,-0.006707536483769684,0.6094,0.897402573175,0.0779
chr2,59119243,-0.006707536484424575,0.6066,0.897402573175,0.0815
chr2,59119244,-0.006707536484954358,0.607,0.897402573175,0.0797
chr2,59119245,-0.006707536485396204,0.6056,0.897402573175,0.084
chr2,59119246,-0.006707536485774258,0.6028,0.897402573175,0.0915
chr2,59119247,-0.00670753648610483,0.5992,0.897402573175,0.1094
chr2,59119248,-0.006707536486399282,0.6012,0.897402573175,0.1164
chr2,59119249,-0.006707536486665748,0.5978,0.897402573175,0.1228
chr2,59119250,-0.006707536486910157,0.5996,0.897402573175,0.1291
chr2,59119251,-0.006707536487136927,0.5964,0.897402573175,0.1334
chr2,59119252,-0.0067075364873493935,0.5954,0.897402573175,0.1359
chr2,59119253,-0.006707536487550105,0.598,0.897402573175,0.1374
chr2,59119254,-0.023747851636463157,0.0492,0.357593648208,0.1349
chr2,59119255,-0.023747853629475638,0.0478,0.353816687737,0.1313
chr2,59119256,-0.023747853775136225,0.0468,0.352203084833,0.1279
chr2,59119257,-0.023747853827583904,0.0458,0.349772608696,0.1216
chr2,59119258,-0.023747853853843138,0.0456,0.348548302872,0.1146
chr2,59119259,-0.023747853868932148,0.0466,0.351752900731,0.1094
chr2,59119260,-0.023747853878090718,0.0468,0.352203084833,0.0983
chr2,59119261,-0.02374785388363472,0.0472,0.352794893617,0.0902
chr2,59119262,-0.023747853886761018,0.0478,0.353816687737,0.0867
chr2,59119263,-0.02374785388816441,0.0476,0.353528118393,0.0756
chr2,59119264,-0.023747853888288116,0.0468,0.352203084833,0.0671
chr2,59119265,-0.02374785388743712,0.0474,0.35308778626,0.0571
chr2,59119266,-0.023747853885834266,0.047,0.352794893617,0.0501
chr2,59119267,-0.023747853883649604,0.0464,0.351752900731,0.0437
chr2,59119268,-0.023747853881016426,0.0464,0.351752900731,0.0418
chr2,59119269,-0.023747853878040563,0.0462,0.3513,0.0386
chr2,59119270,-0.023747853874806057,0.047,0.352794893617,0.0357
chr2,59119271,-0.02374785387137896,0.0474,0.35308778626,0.0333
chr2,59119272,-0.02374785386781022,0.0466,0.351752900731,0.0332
chr2,59119273,-0.023747853864138004,0.0466,0.351752900731,0.0317
chr2,59119274,-0.02374785386038966,0.0486,0.357006247397,0.0343
chr2,59119275,-0.023747853856583567,0.0478,0.353816687737,0.0363
chr2,59119276,-0.023747853852730656,0.0472,0.352794893617,0.0399
chr2,59119277,-0.02374785384883578,0.046,0.350234070221,0.0463
chr2,59119278,-0.02374785384489885,0.0464,0.351752900731,0.0551
chr2,59119279,-0.023747853840915833,0.0456,0.348548302872,0.0706
chr2,59119280,-0.023747853836879506,0.0454,0.348384010485,0.1012
chr2,59119281,-0.02374785383278012,0.045,0.347592348285,0.1357
chr2,59119282,-0.02374785382860588,0.0442,0.344442324756,0.1833
chr2,59119283,-0.02374785382434335,0.0454,0.348384010485,0.2503
chr2,59119284,-0.02374785381997755,0.0454,0.348384010485,0.3205
chr2,59119285,-0.0237478538154918,0.0456,0.348548302872,0.3955
chr2,59119286,-0.023747853810867258,0.045,0.347592348285,0.5636
chr2,59119287,-0.023747853806082214,0.0448,0.346962962963,0.6366
chr2,59119288,-0.02374785380111107,0.044,0.343951935915,0.6918
chr2,59119289,-0.02374785379592398,0.0444,0.345235059761,0.7233
chr2,59119290,-0.023747853790487366,0.0444,0.345235059761,0.7439
chr2,59119291,-0.02374785378476589,0.0448,0.346962962963,0.736
chr2,59119292,-0.02374785377872602,0.0438,0.343611880304,0.7195
chr2,59119293,-0.02374785377234042,0.0442,0.344442324756,0.6809
chr2,59119294,-0.023747853765592013,0.0446,0.346483414418,0.6196
chr2,59119295,-0.023747853758476527,0.044,0.343951935915,0.547
chr2,59119296,-0.023747853751002822,0.0446,0.346483414418,0.4598
chr2,59119297,-0.023747853743191372,0.044,0.343951935915,0.3699
chr2,59119298,-0.02374785373507143,0.0438,0.343611880304,0.288
chr2,59119299,-0.02374785372667781,0.044,0.343951935915,0.2731
chr2,59119300,-0.0237478537180479,0.0442,0.344442324756,0.1913
chr2,59119301,-0.023747853709219058,0.0456,0.348548302872,0.1359
chr2,59119302,-0.023747853700226793,0.0452,0.348384010485,0.0991
chr2,59119303,-0.023747853691103507,0.0456,0.348548302872,0.075
chr2,59119304,-0.023747853681877755,0.0454,0.348384010485,0.0588
chr2,59119305,-0.02374785367257401,0.0454,0.348384010485,0.0523
chr2,59119306,-0.023747853663212762,0.0454,0.348384010485,0.0434
chr2,59119307,-0.02374785365381088,0.0456,0.348548302872,0.0375
chr2,59119308,-0.023747853644382245,0.0458,0.349772608696,0.0349
chr2,59119309,-0.023747853634938473,0.0466,0.351752900731,0.0335
chr2,59119310,-0.02374785362548976,0.0468,0.352203084833,0.0319
chr2,59119311,-0.02374785361604578,0.0498,0.357593648208,0.0329
chr2,59119312,-0.02374785360661659,0.0504,0.359722064202,0.0364
chr2,59119313,-0.023747853597213493,0.0512,0.364100404858,0.0394
chr2,59119314,-0.02374785358784989,0.0504,0.359722064202,0.045
chr2,59119315,-0.02374785357854194,0.0498,0.357593648208,0.0531
chr2,59119316,-0.02374785356930926,0.0492,0.357593648208,0.0645
chr2,59119317,-0.02374785356017541,0.0492,0.357593648208,0.0781
chr2,59119318,-0.023747853551168298,0.049,0.357427325581,0.0959
chr2,59119319,-0.02374785354232054,0.049,0.357427325581,0.0928
chr2,59119320,-0.023747853533669747,0.0496,0.357593648208,0.1082
chr2,59119321,-0.023747853525258943,0.0498,0.357593648208,0.1243
chr2,59119322,-0.02374785351713702,0.0498,0.357593648208,0.1369
chr2,59119323,-0.02374785350935939,0.0498,0.357593648208,0.1468
chr2,59119324,-0.02374785350198881,0.0496,0.357593648208,0.1503
chr2,59119325,-0.023747853495096224,0.0496,0.357593648208,0.1466
chr2,59119326,-0.023747853488761263,0.0498,0.357593648208,0.1371
chr2,59119327,-0.02374785348307197,0.0498,0.357593648208,0.1254
chr2,59119328,-0.023747853478122822,0.05,0.357593648208,0.1097
chr2,59119329,-0.023747853474010167,0.05,0.357593648208,0.0945
chr2,59119330,-0.02374785347082422,0.05,0.357593648208,0.0786
chr2,59119331,-0.023747853468637527,0.05,0.357593648208,0.0574
chr2,59119332,-0.023747853467491333,0.05,0.357593648208,0.0503
chr2,59119333,-0.023747853467383118,0.05,0.357593648208,0.0394
chr2,59119334,-0.023747853468260086,0.05,0.357593648208,0.0362
chr2,59119335,-0.023747853470022295,0.05,0.357593648208,0.0322
chr2,59119336,-0.02374785347253577,0.05,0.357593648208,0.0302
chr2,59119337,-0.023747853475651625,0.0498,0.357593648208,0.029
chr2,59119338,-0.023747853479224992,0.0496,0.357593648208,0.0275
chr2,59119339,-0.02374785348312884,0.0498,0.357593648208,0.0268
chr2,59119340,-0.023747853487260755,0.0498,0.357593648208,0.0265
chr2,59119341,-0.023747853491543694,0.0496,0.357593648208,0.0259
chr2,59119342,-0.02374785349592294,0.0496,0.357593648208,0.0256
chr2,59119343,-0.023747853500361515,0.0498,0.357593648208,0.0253
chr2,59119344,-0.02374785350483547,0.05,0.357593648208,0.0253
chr2,59119345,-0.02374785350932988,0.0502,0.358586010573,0.0251
chr2,59119346,-0.023747853513836112,0.0514,0.365374747066,0.0252
chr2,59119347,-0.023747853518349297,0.0546,0.381635097493,0.0253
chr2,59119348,-0.02374785352286714,0.0584,0.401014855356,0.0255
chr2,59119349,-0.023747853527389246,0.0598,0.403529389166,0.0251
chr2,59119350,-0.023747853531916892,0.0594,0.402686607487,0.0251
chr2,59119351,-0.02374785353645292,0.0592,0.402106728538,0.0256
chr2,59119352,-0.023747853541003512,0.0592,0.402106728538,0.0263
chr2,59119353,-0.02374785354557871,0.0592,0.402106728538,0.0274
chr2,59119354,-0.02374785355019434,0.0592,0.402106728538,0.0284
chr2,59119355,-0.023747853554874642,0.0592,0.402106728538,0.0299
chr2,59119356,-0.023747853559655644,0.0592,0.402106728538,0.032
chr2,59119357,-0.023747853564589434,0.0592,0.402106728538,0.035
chr2,59119358,-0.0237478535697488,0.0592,0.402106728538,0.0386
chr2,59119359,-0.023747853575233856,0.0592,0.402106728538,0.0452
chr2,59119360,-0.023747853581179246,0.0594,0.402686607487,0.0524
chr2,59119361,-0.023747853587761877,0.0596,0.402953810624,0.0638
chr2,59119362,-0.023747853595211352,0.0594,0.402686607487,0.0805
chr2,59119363,-0.023747853603823404,0.0592,0.402106728538,0.1014
chr2,59119364,-0.02374785361397934,0.0592,0.402106728538,0.1306
chr2,59119365,-0.023747853626176412,0.0592,0.402106728538,0.1646
chr2,59119366,-0.0237478536410791,0.0596,0.402953810624,0.2047
chr2,59119367,-0.023747853659610695,0.0596,0.402953810624,0.2529
chr2,59119368,-0.02374785368312652,0.0594,0.402686607487,0.2974
chr2,59119369,-0.023747853713764425,0.0598,0.403529389166,0.3444
chr2,59119370,-0.02374785375521679,0.06,0.404412893323,0.3865
chr2,59119371,-0.023747853814631518,0.06,0.404412893323,0.4207
chr2,59119372,-0.02374785390796413,0.0606,0.405980498375,0.4504
chr2,59119373,-0.023747854076797234,0.0606,0.405980498375,0.4805
chr2,59119374,-0.023747854432300076,0.0612,0.405980498375,0.5102
chr2,59119375,-0.023747854997894564,0.0618,0.405980498375,0.5514
chr2,59119376,-0.028678998981336565,0.0242,0.264842990654,0.8458
chr2,59119377,-0.028679006671688972,0.0256,0.268456119403,0.8784
chr2,59119378,-0.028679007821265673,0.027,0.274979233227,0.909
chr2,59119379,-0.028679008236228702,0.0276,0.274979233227,0.9314
chr2,59119380,-0.0286790084450114,0.028,0.274979233227,0.9455
chr2,59119381,-0.028679008578637703,0.028,0.274979233227,0.8
chr2,59119382,-0.02867900867800524,0.0278,0.274979233227,0.8109
chr2,59119383,-0.028679008759593,0.029,0.274979233227,0.8078
chr2,59119384,-0.028679008831585896,0.0294,0.274979233227,0.7866
chr2,59119385,-0.028679008898836452,0.0302,0.277148902821,0.7418
chr2,59119386,-0.028679008964757453,0.03,0.277148902821,0.671
chr2,59119387,-0.02867900903220285,0.0298,0.276511885895,0.578
chr2,59119388,-0.028679009103980677,0.03,0.277148902821,0.4738
chr2,59119389,-0.028679009183242354,0.0302,0.277148902821,0.3599
chr2,59119390,-0.028679009273859517,0.0302,0.277148902821,0.2645
chr2,59119391,-0.028679009380841503,0.031,0.278952356557,0.1816
chr2,59119392,-0.02867900951080219,0.0312,0.279119939271,0.1282
chr2,59119393,-0.028679009672437788,0.0312,0.279119939271,0.0715
chr2,59119394,-0.02867900987696545,0.0316,0.279765120968,0.0563
chr2,59119395,-0.028679010138625144,0.0318,0.279983458647,0.0465
chr2,59119396,-0.02867901047582419,0.0318,0.279983458647,0.0387
chr2,59119397,-0.02867901091406655,0.0318,0.279983458647,0.0339
chr2,59119398,-0.028679011492083885,0.0318,0.279983458647,0.0299
chr2,59119399,-0.028679012270952417,0.0316,0.279765120968,0.0283
chr2,59119400,-0.028679013357812946,0.0314,0.279119939271,0.0269
chr2,59119401,-0.028679015044843954,0.0314,0.279119939271,0.0266
chr2,59119402,-0.028679018431410373,0.0314,0.279119939271,0.0259
chr2,59119403,-0.028679026911164092,0.0314,0.279119939271,0.0254
chr2,59119404,-0.028679047412451232,0.0314,0.279119939271,0.0252
chr2,59119405,-0.028679089982911337,0.0314,0.279119939271,0.0251
chr2,59119406,-0.028679119465811535,0.0314,0.279119939271,0.0251
chr2,59119407,-0.032422204175995305,0.0164,0.194770791075,0.0251
chr2,59119408,-0.032422252007410966,0.0168,0.198849056604,0.0251
chr2,59119409,-0.03242227535835637,0.0182,0.212132050431,0.0252
chr2,59119410,-0.03242228184059052,0.0186,0.214708712614,0.0253
chr2,59119411,-0.03242228384315583,0.019,0.216570408825,0.0252
chr2,59119412,-0.032422284879362384,0.0188,0.214708712614,0.0255
chr2,59119413,-0.03242228553043946,0.0188,0.214708712614,0.0258
chr2,59119414,-0.032422285953948776,0.0188,0.214708712614,0.026
chr2,59119415,-0.032422286229938146,0.0188,0.214708712614,0.0264
chr2,59119416,-0.03242228640534979,0.0188,0.214708712614,0.0268
chr2,59119417,-0.03242228651422929,0.0188,0.214708712614,0.0273
chr2,59119418,-0.03242228658188094,0.0188,0.214708712614,0.0282
chr2,59119419,-0.032422286624904886,0.0188,0.214708712614,0.0295
chr2,59119420,-0.03242228665315155,0.0186,0.214708712614,0.0301
chr2,59119421,-0.03242228667228532,0.0186,0.214708712614,0.0316
chr2,59119422,-0.0324222866856154,0.0186,0.214708712614,0.0359
chr2,59119423,-0.03242228669513508,0.0186,0.214708712614,0.04
chr2,59119424,-0.03242228670207979,0.0188,0.214708712614,0.0465
chr2,59119425,-0.03242228670723135,0.0186,0.214708712614,0.0531
chr2,59119426,-0.032422286711091076,0.0186,0.214708712614,0.0603
chr2,59119427,-0.032422286713982396,0.0186,0.214708712614,0.0692
chr2,59119428,-0.032422286716113614,0.019,0.216570408825,0.0771
chr2,59119429,-0.03242228671761708,0.0194,0.220129844961,0.0895
chr2,59119430,-0.032422286718573626,0.0194,0.220129844961,0.1002
chr2,59119431,-0.032422286719027665,0.0192,0.218142302717,0.1093
chr2,59119432,-0.03242228671899533,0.0196,0.222255648806,0.1182
chr2,59119433,-0.03242228671846694,0.0198,0.224089561856,0.1239
chr2,59119434,-0.03242228671740352,0.02,0.226207340631,0.1615
chr2,59119435,-0.03242228671572541,0.0212,0.236881679389,0.1629
chr2,59119436,-0.03242228671328785,0.021,0.235998080614,0.2202
chr2,59119437,-0.03242228670983182,0.0222,0.246799367089,0.2179
chr2,59119438,-0.03242228670488115,0.0238,0.261279375,0.217
chr2,59119439,-0.0324222866975092,0.0244,0.265707377557,0.2137
chr2,59119440,-0.0324222866857386,0.0246,0.265743542435,0.208
chr2,59119441,-0.03242228666467944,0.0246,0.265743542435,0.2035
chr2,59119442,-0.032422286618704416,0.025,0.267107664234,0.2004
chr2,59119443,-0.03242228646349328,0.0254,0.267637072585,0.1924
chr2,59119444,-0.02870765613044316,0.0448,0.346962962963,0.1309
chr2,59119445,-0.005417398170410531,0.7304,0.897402573175,0.1213
chr2,59119446,-0.005417398263559094,0.7288,0.897402573175,0.107
chr2,59119447,-0.005417398645803297,0.7282,0.897402573175,0.0959
chr2,59119448,-0.005417415757200643,0.7282,0.897402573175,0.0829
chr2,59119449,-0.046007395412255916,0.0026,0.054824729892,0.0735
chr2,59119450,-0.04600739542068654,0.0026,0.054824729892,0.0642
chr2,59119451,-0.04600739542951512,0.0028,0.0579293286219,0.0555
chr2,59119452,-0.0460073954387868,0.0028,0.0579293286219,0.0493
chr2,59119453,-0.046007395448468554,0.0028,0.0579293286219,0.044
chr2,59119454,-0.0460073954584072,0.0026,0.054824729892,0.0406
chr2,59119455,-0.04600739546833002,0.0028,0.0579293286219,0.0394
chr2,59119456,-0.04600739547792233,0.003,0.0609895833333,0.0389
chr2,59119457,-0.046007395486943534,0.0032,0.0636557191393,0.0404
chr2,59119458,-0.04600739549529144,0.0034,0.0668020134228,0.0454
chr2,59119459,-0.04600739550298231,0.004,0.0738025210084,0.0552
chr2,59119460,-0.046007395510092274,0.004,0.0738025210084,0.0702
chr2,59119461,-0.04600739551670728,0.0044,0.0758676056338,0.088
chr2,59119462,-0.04600739552289635,0.0046,0.0758676056338,0.1214
chr2,59119463,-0.04600739552870222,0.0048,0.0775639374425,0.1711
chr2,59119464,-0.04600739553414084,0.005,0.0786962365591,0.2341
chr2,59119465,-0.04600739553920463,0.005,0.0786962365591,0.3118
chr2,59119466,-0.04600739554386654,0.005,0.0786962365591,0.3932
chr2,59119467,-0.0460073955480847,0.005,0.0786962365591,0.4709
chr2,59119468,-0.0460073955518064,0.005,0.0786962365591,0.5304
chr2,59119469,-0.04600739555497164,0.005,0.0786962365591,0.5697
chr2,59119470,-0.04600739555751541,0.0052,0.0804031690141,0.5889
chr2,59119471,-0.04600739555936758,0.0052,0.0804031690141,0.5864
chr2,59119472,-0.04600739556044894,0.0052,0.0804031690141,0.5597
chr2,59119473,-0.04600739556066043,0.0052,0.0804031690141,0.5107
chr2,59119474,-0.0460073955598604,0.0054,0.0811385799829,0.4429
chr2,59119475,-0.04600739555781841,0.0056,0.0823129707113,0.3612
chr2,59119476,-0.046007395554118626,0.0056,0.0823129707113,0.2832
chr2,59119477,-0.04600739554793873,0.006,0.0844471153846,0.2081
chr2,59119478,-0.046007395537459014,0.0062,0.0856155660377,0.1499
chr2,59119479,-0.046007395517902866,0.0064,0.0864073789393,0.1099
chr2,59119480,-0.046007395473651576,0.0066,0.088630733945,0.0839
chr2,59119481,-0.04600739538152648,0.0074,0.0967840655249,0.0676
chr2,59119482,-0.03832584878490843,0.0222,0.246799367089,0.0546
chr2,59119483,-0.03832584867154831,0.0234,0.258016949153,0.0484
chr2,59119484,-0.038325848625492244,0.0254,0.267637072585,0.0487
chr2,59119485,-0.011147803122081431,0.4848,0.837827006294,0.0487
chr2,59119486,-0.01114780309333686,0.485,0.837827006294,0.0496
chr2,59119487,-0.011147803085389756,0.485,0.837827006294,0.0531
chr2,59119488,-0.011147803081710423,0.485,0.837827006294,0.0576
chr2,59119489,-0.011147803079600841,0.485,0.837827006294,0.0651
chr2,59119490,-0.011147803078241618,0.485,0.837827006294,0.0745
chr2,59119491,-0.011147803077299746,0.485,0.837827006294,0.0837
chr2,59119492,-0.011147803076614346,0.485,0.837827006294,0.0923
chr2,59119493,-0.011147803076098221,0.485,0.837827006294,0.1
chr2,59119494,-0.011147803075700112,0.485,0.837827006294,0.1052
chr2,59119495,-0.01114780307538798,0.485,0.837827006294,0.1074
chr2,59119570,0.015739758346248123,0.695,0.897402573175,0.3682
chr2,59194863,-0.016037967514535817,0.3454,0.731222249006,0.153
chr2,59194864,-0.016037967514846218,0.3454,0.731222249006,0.1246
chr2,59194865,-0.016037967515239285,0.3454,0.731222249006,0.1304
chr2,59194866,-0.016037967515735184,0.3454,0.731222249006,0.1355
chr2,59194867,-0.016037967516358897,0.3454,0.731222249006,0.1377
chr2,59194868,-0.01603796751714162,0.3454,0.731222249006,0.1385
chr2,59194869,-0.01603796751812302,0.3452,0.731222249006,0.1382
chr2,59194870,-0.016037967519354993,0.3444,0.73086698079,0.136
chr2,59194871,-0.016037967520908174,0.3436,0.730404695631,0.1359
chr2,59194872,-0.016037967522883674,0.3428,0.730404695631,0.131
chr2,59194873,-0.01603796752543531,0.3406,0.729145521024,0.1246
chr2,59194874,-0.016037967528813934,0.3388,0.727656082071,0.1153
chr2,59194875,-0.016037967533464988,0.3368,0.727656082071,0.1075
chr2,59194876,-0.016037967540267886,0.3372,0.727656082071,0.1009
chr2,59194877,-0.016037967551234093,0.3358,0.727656082071,0.0941
chr2,59194878,-0.01603796757217542,0.3338,0.727656082071,0.0881
chr2,59194879,-0.016037967629855966,0.332,0.727039022566,0.0846
chr2,59194880,-0.016037969035410157,0.3316,0.72652538356,0.084
chr2,59194881,-0.022999666102625795,0.1534,0.623575792641,0.0891
chr2,59194882,-0.022999666166100243,0.1508,0.618156826138,0.0909
chr2,59194883,-0.02299966618766295,0.1478,0.609701033349,0.0979
chr2,59194884,-0.03844825017218413,0.018,0.210219414894,0.107
chr2,59194885,-0.03844825202472875,0.0176,0.206785284281,0.1197
chr2,59194886,-0.03844825251697603,0.0174,0.204709310114,0.1336
chr2,59194887,-0.0384482527546809,0.0166,0.197012837838,0.1478
chr2,59194888,-0.03450554749380664,0.0306,0.277721765914,0.163
chr2,59194889,-0.03450554696139514,0.0294,0.274979233227,0.1821
chr2,59194890,-0.03450554677349246,0.0282,0.274979233227,0.1594
chr2,59194891,-0.034505546676479724,0.026,0.270871886121,0.1765
chr2,59194892,-0.03450554661601418,0.0256,0.268456119403,0.1923
chr2,59194893,-0.03450554657349055,0.0242,0.264842990654,0.2089
chr2,59194894,-0.034505546541009756,0.0222,0.246799367089,0.2276
chr2,59194895,-0.03450554651464384,0.0222,0.246799367089,0.2475
chr2,59194896,-0.03450554649218606,0.021,0.235998080614,0.2683
chr2,59194897,-0.03450554647226627,0.021,0.235998080614,0.2865
chr2,59194898,-0.034505546453952825,0.0198,0.224089561856,0.3009
chr2,59194899,-0.034505546436550794,0.0202,0.227882466281,0.3009
chr2,59194900,-0.03450554641948851,0.0202,0.227882466281,0.2926
chr2,59194901,-0.03450554640223733,0.0198,0.224089561856,0.2803
chr2,59194902,-0.03450554638425389,0.0192,0.218142302717,0.2601
chr2,59194903,-0.03450554636491924,0.0188,0.214708712614,0.2394
chr2,59194904,-0.0345055463434649,0.0186,0.214708712614,0.2132
chr2,59194905,-0.03450554631886931,0.0178,0.208716288385,0.1844
chr2,59194906,-0.034505546289698666,0.017,0.200675403226,0.1632
chr2,59194907,-0.034505546253850175,0.0168,0.198849056604,0.1425
chr2,59194908,-0.034505546208125626,0.0174,0.204709310114,0.132
chr2,59194909,-0.03450554614751022,0.0158,0.188281546811,0.1251
chr2,59194910,-0.03450554606389904,0.0156,0.187040273038,0.1211
chr2,59194911,-0.03450554594342471,0.0146,0.176739490007,0.1188
chr2,59194912,-0.03450554575819494,0.0144,0.174800276434,0.1165
chr2,59194913,-0.034505545432300395,0.0142,0.172491701245,0.1154
chr2,59194914,-0.03450554474277646,0.014,0.170533980583,0.1144
chr2,59194915,-0.03450553992311524,0.0136,0.166353760446,0.1386
chr2,59194916,-0.02310262209472089,0.0942,0.489678307191,0.1312
chr2,59194917,-0.02299966621078368,0.0944,0.489703484938,0.1202
chr2,59194918,-0.02299966620795258,0.0942,0.489678307191,0.1083
chr2,59194919,-0.02299966620442629,0.0944,0.489703484938,0.0971
chr2,59194920,-0.022999666199949368,0.0936,0.488438502674,0.0827
chr2,59194921,-0.022999666194124666,0.0936,0.488438502674,0.0719
chr2,59194922,-0.022999666186302593,0.0936,0.488438502674,0.062
chr2,59194923,-0.022999666175347048,0.094,0.489507856508,0.0534
chr2,59194924,-0.022999666159080386,0.0944,0.489703484938,0.0455
chr2,59194925,-0.022999666132779397,0.094,0.489507856508,0.0409
chr2,59194926,-0.02299966608445122,0.0936,0.488438502674,0.0385
chr2,59194927,-0.02299966597607769,0.0938,0.489046304541,0.0365
chr2,59194928,-0.022999665632897025,0.0934,0.488265178571,0.0364
chr2,59194929,-0.019462775438157918,0.1592,0.635397552131,0.0369
chr2,59194930,-0.019462775145659816,0.16,0.635625254122,0.0386
chr2,59194931,-0.019462775047428587,0.1602,0.635625254122,0.0423
chr2,59194932,-0.019462775001319287,0.1612,0.63772027027,0.0466
chr2,59194933,-0.019462774975356145,0.16,0.635625254122,0.0542
chr2,59194934,-0.01946277495890732,0.1594,0.635397552131,0.0605
chr2,59194935,-0.01946277494764618,0.1596,0.635397552131,0.07
chr2,59194936,-0.019462774939533044,0.1592,0.635397552131,0.0816
chr2,59194937,-0.019462774933486263,0.159,0.635397552131,0.0962
chr2,59194938,-0.019462774928879913,0.1586,0.635397552131,0.1068
chr2,59194939,-0.01946277492532741,0.1584,0.635397552131,0.1199
chr2,59194940,-0.019462774922577235,0.159,0.635397552131,0.1666
chr2,59194941,-0.01946277492045794,0.1592,0.635397552131,0.1719
chr2,59194942,-0.019462774918847264,0.1584,0.635397552131,0.1657
chr2,59194943,-0.01946277491765382,0.1584,0.635397552131,0.1569
chr2,59194944,-0.019462774916806133,0.158,0.635397552131,0.1418
chr2,59194945,-0.0194627749162459,0.1576,0.635397552131,0.1243
chr2,59194946,-0.01946277491592401,0.1578,0.635397552131,0.1043
chr2,59194947,-0.01946277491579814,0.1578,0.635397552131,0.0873
chr2,59194948,-0.019462774915831524,0.1582,0.635397552131,0.0715
chr2,59194949,-0.01946277491599227,0.158,0.635397552131,0.0605
chr2,59194950,-0.01946277491625301,0.1578,0.635397552131,0.0592
chr2,59194951,-0.019462774916590642,0.1578,0.635397552131,0.0494
chr2,59194952,-0.01946277491698607,0.1588,0.635397552131,0.0418
chr2,59194953,-0.019462774917423886,0.159,0.635397552131,0.0411
chr2,59194954,-0.019462774917891987,0.159,0.635397552131,0.0366
chr2,59194955,-0.01946277491838108,0.1592,0.635397552131,0.0324
chr2,59194956,-0.01946277491888417,0.1592,0.635397552131,0.0297
chr2,59194957,-0.01946277491939603,0.1598,0.635625254122,0.0274
chr2,59194958,-0.019462774919912697,0.1622,0.640869215292,0.027
chr2,59194959,-0.01946277492043094,0.1628,0.640869215292,0.0272
chr2,59194960,-0.019462774920947803,0.1624,0.640869215292,0.028
chr2,59194961,-0.019462774921460105,0.1626,0.640869215292,0.0299
chr2,59194962,-0.01946277492196396,0.1634,0.641224530831,0.0324
chr2,59194963,-0.019462774922454292,0.1628,0.640869215292,0.0358
chr2,59194964,-0.019462774922924326,0.1622,0.640869215292,0.0408
chr2,59194965,-0.01946277492336506,0.1612,0.63772027027,0.0474
chr2,59194966,-0.01946277492376478,0.161,0.637359702502,0.0587
chr2,59194967,-0.019462774924108597,0.161,0.637359702502,0.1208
chr2,59194968,-0.019462774924378066,0.1594,0.635397552131,0.1726
chr2,59194969,-0.01946277492455091,0.159,0.635397552131,0.2412
chr2,59194970,-0.019462774924600797,0.1588,0.635397552131,0.3357
chr2,59194971,-0.01946277492449713,0.159,0.635397552131,0.4287
chr2,59194972,-0.019462774924204812,0.1594,0.635397552131,0.5258
chr2,59194973,-0.019462774923683753,0.1594,0.635397552131,0.6149
chr2,59194974,-0.019462774922887862,0.1592,0.635397552131,0.6813
chr2,59194975,-0.0194627749217633,0.1596,0.635397552131,0.7175
chr2,59194976,-0.019462774920245382,0.1594,0.635397552131,0.3996
chr2,59194977,-0.01946277491825358,0.1592,0.635397552131,0.3905
chr2,59194978,-0.019462774915683836,0.1592,0.635397552131,0.3628
chr2,59194979,-0.019462774912396633,0.159,0.635397552131,0.3215
chr2,59194980,-0.019462774908199074,0.159,0.635397552131,0.2683
chr2,59194981,-0.019462774902817632,0.159,0.635397552131,0.215
chr2,59194982,-0.01946277489585655,0.1588,0.635397552131,0.1686
chr2,59194983,-0.01946277488673437,0.1586,0.635397552131,0.1279
chr2,59194984,-0.01946277487458755,0.1582,0.635397552131,0.0983
chr2,59194985,-0.019462774858126527,0.1584,0.635397552131,0.0725
chr2,59194986,-0.019462774835423226,0.1586,0.635397552131,0.0585
chr2,59194987,-0.01946277480358961,0.1586,0.635397552131,0.0476
chr2,59194988,-0.019462774758247127,0.1594,0.635397552131,0.0407
chr2,59194989,-0.019462774692546685,0.1596,0.635397552131,0.036
chr2,59194990,-0.019462774595236716,0.1596,0.635397552131,0.0323
chr2,59194991,-0.01946277444678802,0.1594,0.635397552131,0.0301
chr2,59194992,-0.019462774211525435,0.1598,0.635625254122,0.0279
chr2,59194993,-0.019462773821489962,0.1596,0.635397552131,0.0279
chr2,59194994,-0.019462773143617277,0.1596,0.635397552131,0.0273
chr2,59194995,-0.01946277191108635,0.16,0.635625254122,0.0259
chr2,59194996,-0.019462769614272315,0.1604,0.635700812274,0.0253
chr2,59194997,-0.019462765625252103,0.1602,0.635625254122,0.0252
chr2,59194998,-0.019462760075272256,0.1604,0.635700812274,0.0251
chr2,59194999,-0.019462756090194256,0.1604,0.635700812274,0.0251
chr2,59195000,-0.01946274915283069,0.1604,0.635700812274,0.0251
chr2,59195001,-0.01946204329078655,0.161,0.637359702502,0.0251
chr2,59195002,-0.011736103028366467,0.407,0.782161378556,0.0251
chr2,59195003,-0.011736103027674536,0.4064,0.782161378556,0.0252
chr2,59195004,-0.011736103026982457,0.4058,0.781994185409,0.0252
chr2,59195005,-0.011736103026290088,0.4058,0.781994185409,0.0254
chr2,59195006,-0.01173610302559717,0.4058,0.781994185409,0.0255
chr2,59195007,-0.011736103024903239,0.4052,0.781994185409,0.0262
chr2,59195008,-0.011736103024207509,0.405,0.781994185409,0.0266
chr2,59195009,-0.011736103023508646,0.4048,0.781954470472,0.0273
chr2,59195010,-0.011736103022804497,0.4044,0.781869675289,0.0275
chr2,59195011,-0.011736103022091682,0.4044,0.781869675289,0.0279
chr2,59195012,-0.011736103021365036,0.4042,0.781869675289,0.0296
chr2,59195013,-0.011736103020616945,0.4044,0.781869675289,0.032
chr2,59195014,-0.011736103019836528,0.4042,0.781869675289,0.0325
chr2,59195015,-0.011736103019008732,0.4042,0.781869675289,0.034
chr2,59195016,-0.011736103018113423,0.4042,0.781869675289,0.037
chr2,59195017,-0.011736103017124588,0.4042,0.781869675289,0.0427
chr2,59195018,-0.011736103016009785,0.4042,0.781869675289,0.0494
chr2,59195019,-0.011736103014730033,0.4044,0.781869675289,0.0593
chr2,59195020,-0.01173610301324031,0.4042,0.781869675289,0.0701
chr2,59195021,-0.011736103011490799,0.4042,0.781869675289,0.0842
chr2,59195022,-0.01173610300942895,0.4042,0.781869675289,0.1044
chr2,59195023,-0.011736103007002298,0.4044,0.781869675289,0.1218
chr2,59195024,-0.011736103004161889,0.4044,0.781869675289,0.1389
chr2,59195025,-0.011736103000865953,0.404,0.781869675289,0.1522
chr2,59195026,-0.011736102997083418,0.404,0.781869675289,0.1612
chr2,59195027,-0.011736102992796755,0.4044,0.781869675289,0.165
chr2,59195028,-0.011736102988003712,0.4044,0.781869675289,0.2272
chr2,59195029,-0.011736102982717649,0.4042,0.781869675289,0.2127
chr2,59195030,-0.01173610297696633,0.4042,0.781869675289,0.1884
chr2,59195031,-0.011736102970789405,0.4042,0.781869675289,0.1639
chr2,59195032,-0.011736102964234918,0.4044,0.781869675289,0.1379
chr2,59195033,-0.01173610295735537,0.4046,0.781954470472,0.1115
chr2,59195034,-0.011736102950203975,0.4048,0.781954470472,0.0866
chr2,59195035,-0.011736102942831502,0.4052,0.781994185409,0.0696
chr2,59195036,-0.011736102935284008,0.4052,0.781994185409,0.0582
chr2,59195037,-0.011736102927601464,0.4054,0.781994185409,0.0412
chr2,59195038,-0.011736102919817306,0.4054,0.781994185409,0.0364
chr2,59195039,-0.011736102911958528,0.4056,0.781994185409,0.0331
chr2,59195040,-0.01173610290404619,0.406,0.782122175916,0.0308
chr2,59195041,-0.011736102896096143,0.4056,0.781994185409,0.0293
chr2,59195042,-0.01173610288811978,0.4056,0.781994185409,0.0282
chr2,59195043,-0.011736102880124796,0.4062,0.782161378556,0.0272
chr2,59195044,-0.01173610287211574,0.4086,0.782333511263,0.0269
chr2,59195045,-0.011736102864094449,0.4136,0.782333511263,0.0277
chr2,59195046,-0.011736102856060216,0.4158,0.782333511263,0.0283
chr2,59195047,-0.011736102848009768,0.417,0.782333511263,0.0294
chr2,59195048,-0.011736102839937037,0.4182,0.782704635056,0.0305
chr2,59195049,-0.011736102831832757,0.4178,0.782539667306,0.0331
chr2,59195050,-0.01173610282368398,0.417,0.782333511263,0.0365
chr2,59195051,-0.011736102815473569,0.4168,0.782333511263,0.0412
chr2,59195052,-0.011736102807179797,0.417,0.782333511263,0.0502
chr2,59195053,-0.011736102798776156,0.4178,0.782539667306,0.0622
chr2,59195054,-0.011736102790231535,0.4186,0.78295272069,0.0776
chr2,59195055,-0.011736102781510663,0.4184,0.782828717512,0.1023
chr2,59195056,-0.011736102772575153,0.4194,0.783864758459,0.136
chr2,59195057,-0.0117361027633849,0.4196,0.784071702128,0.1743
chr2,59195058,-0.01173610275389985,0.4216,0.785735404114,0.227
chr2,59195059,-0.011736102744082018,0.4226,0.785735404114,0.2861
chr2,59195060,-0.011736102733897599,0.4236,0.785735404114,0.3523
chr2,59195061,-0.011736102723319016,0.424,0.785735404114,0.4073
chr2,59195062,-0.011736102712326675,0.4238,0.785735404114,0.4526
chr2,59195063,-0.011736102700910299,0.4254,0.785735404114,0.4839
chr2,59195064,-0.011736102689069636,0.4272,0.785735404114,0.4945
chr2,59195065,-0.011736102676814544,0.427,0.785735404114,0.4861
chr2,59195066,-0.011736102664164293,0.4278,0.785735404114,0.4535
chr2,59195067,-0.011736102651146272,0.429,0.785735404114,0.4136
chr2,59195068,-0.0117361026377942,0.4284,0.785735404114,0.3592
chr2,59195069,-0.011736102624145978,0.4288,0.785735404114,0.2945
chr2,59195070,-0.011736102610241493,0.4298,0.785735404114,0.2323
chr2,59195071,-0.011736102596120538,0.4306,0.785735404114,0.1776
chr2,59195072,-0.011736102581821057,0.4312,0.786095277634,0.1385
chr2,59195073,-0.011736102567377745,0.4334,0.788203304078,0.1074
chr2,59195074,-0.011736102552821197,0.4348,0.788403220811,0.0842
chr2,59195075,-0.011736102538177555,0.4344,0.788203304078,0.0698
chr2,59195076,-0.011736102523468558,0.436,0.790008252527,0.0596
chr2,59195077,-0.011736102508711963,0.4388,0.793363046835,0.0522
chr2,59195078,-0.01173610249392238,0.4434,0.798474574534,0.0483
chr2,59195079,-0.011736102479112411,0.4498,0.806362216779,0.0532
chr2,59195080,-0.011736102464294022,0.4528,0.810004277421,0.0569
chr2,59195081,-0.01173610244948011,0.4574,0.814087648191,0.0639
chr2,59195082,-0.011736102434686127,0.4606,0.81707571169,0.0727
chr2,59195083,-0.01173610241993163,0.46,0.816894146194,0.0851
chr2,59195084,-0.011736102405241538,0.4614,0.817396974281,0.0983
chr2,59195085,-0.011736102390647086,0.4624,0.817815090543,0.1169
chr2,59195086,-0.01173610237618636,0.4634,0.81838135934,0.1396
chr2,59195087,-0.011736102361904557,0.4646,0.818573361395,0.1625
chr2,59195088,-0.011736102347853994,0.467,0.820449589918,0.1859
chr2,59195089,-0.011736102334093926,0.4678,0.821115918857,0.2159
chr2,59195090,-0.011736102320690231,0.468,0.821138747378,0.2429
chr2,59195091,-0.011736102307714703,0.4696,0.822921650718,0.2624
chr2,59195092,-0.011736102295243862,0.471,0.823723536984,0.286
chr2,59195093,-0.011736102283356972,0.4724,0.823723536984,0.3082
chr2,59195094,-0.011736102272133156,0.4728,0.823723536984,0.3229
chr2,59195095,-0.011736102261647738,0.4734,0.823723536984,0.331
chr2,59195096,-0.011736102251967903,0.4736,0.823723536984,0.3326
chr2,59195097,-0.01173610224314817,0.4736,0.823723536984,0.3234
chr2,59195098,-0.01173610223522623,0.4736,0.823723536984,0.3039
chr2,59195099,-0.011736102228219681,0.4736,0.823723536984,0.2727
chr2,59195160,0.0035414497238750345,0.7718,0.897402573175,0.2633
chr2,59195161,0.003541449697320152,0.7718,0.897402573175,0.3032
chr2,59195162,0.0035414496692558767,0.7718,0.897402573175,0.2512
chr2,59195163,0.003541449639712708,0.7718,0.897402573175,0.2771
chr2,59195164,0.0035414496079296275,0.772,0.897402573175,0.299
chr2,59195165,0.0035414495725619236,0.7712,0.897402573175,0.3161
chr2,59195166,0.0035414495324092928,0.77,0.897402573175,0.326
chr2,59195167,0.003541449486942998,0.7696,0.897402573175,0.2528
chr2,59195168,0.0035414494364091956,0.77,0.897402573175,0.2473
chr2,59195169,0.0035414493815670717,0.7658,0.897402573175,0.2406
chr2,59195170,0.0035414493233296078,0.7644,0.897402573175,0.2274
chr2,59195171,0.0035414492625385286,0.7638,0.897402573175,0.2048
chr2,59195172,0.003541449199883143,0.7602,0.897402573175,0.1783
chr2,59195173,0.003541449135896197,0.7592,0.897402573175,0.1522
chr2,59195174,0.003541449070979724,0.7604,0.897402573175,0.1338
chr2,59195175,0.0035414490054395667,0.7624,0.897402573175,0.1119
chr2,59195176,0.003541448939520206,0.762,0.897402573175,0.0977
chr2,59195177,0.003541448873436498,0.7614,0.897402573175,0.0856
chr2,59195178,0.0035414488074007313,0.7594,0.897402573175,0.0759
chr2,59195179,0.0035414487416442282,0.7596,0.897402573175,0.0712
chr2,59195180,0.0035414486764333486,0.7608,0.897402573175,0.0688
chr2,59195181,0.003541448612080088,0.7552,0.897402573175,0.0708
chr2,59195182,0.003541448548947398,0.761,0.897402573175,0.0737
chr2,59195183,0.003541448487449109,0.7626,0.897402573175,0.0825
chr2,59195184,0.003541448428044212,0.7636,0.897402573175,0.0949
chr2,59195185,0.0035414483712254597,0.7604,0.897402573175,0.1094
chr2,59195186,0.003541448317503013,0.7598,0.897402573175,0.1289
chr2,59195187,0.0035414482673839036,0.7586,0.897402573175,0.1503
chr2,59195188,0.0035414482213497753,0.758,0.897402573175,0.1721
chr2,59195189,0.0035414481798356607,0.7576,0.897402573175,0.1905
chr2,59195190,0.0035414481432106833,0.7582,0.897402573175,0.2023
chr2,59195191,0.0035414481117645564,0.7582,0.897402573175,0.2067
chr2,59195192,0.003541448085700891,0.7574,0.897402573175,0.2014
chr2,59195193,0.0035414480651382928,0.7576,0.897402573175,0.1894
chr2,59195194,0.003541448050118264,0.7586,0.897402573175,0.1678
chr2,59195195,0.003541448040619016,0.758,0.897402573175,0.1463
chr2,59195196,0.003541448036570937,0.7596,0.897402573175,0.1194
chr2,59195197,0.0035414480378710323,0.761,0.897402573175,0.1006
chr2,59195198,0.0035414480443955736,0.7618,0.897402573175,0.0857
chr2,59195199,0.003541448056013168,0.7618,0.897402573175,0.0719
chr2,59195200,0.0035414480726085,0.7616,0.897402573175,0.0609
chr2,59195201,0.0035414480941274164,0.761,0.897402573175,0.0532
chr2,59195202,0.0035414481206546733,0.7628,0.897402573175,0.0495
chr2,59195203,0.0035414481525338232,0.7662,0.897402573175,0.0476
chr2,59195204,0.003541448190547971,0.7724,0.897402573175,0.047
chr2,59195205,0.0035414482362275254,0.7782,0.897402573175,0.0494
chr2,59195206,0.0035414482925488857,0.777,0.897402573175,0.0533
chr2,59195207,0.0035414483663650663,0.7794,0.897402573175,0.0621
chr2,59195208,0.003541448481936509,0.7794,0.897402573175,0.0725
chr2,59195209,0.003541448790051993,0.7794,0.897402573175,0.0852
chr2,59195210,0.003541450160904446,0.7794,0.897402573175,0.0966
chr2,59195211,0.008690483911952573,0.5668,0.897402573175,0.1107
chr2,59195212,0.008690485211121484,0.5662,0.897402573175,0.1596
chr2,59195213,0.008690485515823803,0.5658,0.897402573175,0.1794
chr2,59195214,0.008690485617577967,0.566,0.897402573175,0.1932
chr2,59195215,0.008690485681884692,0.566,0.897402573175,0.2013
chr2,59195216,0.008690485726730727,0.566,0.897402573175,0.2012
chr2,59195217,0.008690485759983026,0.566,0.897402573175,0.193
chr2,59195218,0.008690485785750051,0.566,0.897402573175,0.179
chr2,59252296,0.00398909330252283,0.716,0.897402573175,0.0826
chr2,59252297,0.003989093302705238,0.716,0.897402573175,0.0813
chr2,59252298,0.003989093302908421,0.716,0.897402573175,0.0775
chr2,59252299,0.003989093303131257,0.716,0.897402573175,0.0716
chr2,59252300,0.0039890933033721885,0.716,0.897402573175,0.0662
chr2,59252301,0.003989093303629364,0.716,0.897402573175,0.0588
chr2,59252302,0.003989093303900772,0.716,0.897402573175,0.0524
chr2,59252303,0.003989093304184399,0.716,0.897402573175,0.0434
chr2,59252304,0.003989093304478359,0.716,0.897402573175,0.0413
chr2,59252305,0.003989093304781015,0.716,0.897402573175,0.0387
chr2,59252306,0.003989093305091051,0.716,0.897402573175,0.0382
chr2,59252307,0.0039890933054075334,0.712,0.897402573175,0.038
chr2,59252308,0.003989093305729919,0.7074,0.897402573175,0.0393
chr2,59252309,0.003989093306058037,0.705,0.897402573175,0.0414
chr2,59252310,0.003989093306392054,0.7,0.897402573175,0.0415
chr2,59252311,0.003989093306732388,0.6998,0.897402573175,0.047
chr2,59252312,0.003989093307079623,0.6988,0.897402573175,0.0529
chr2,59252313,0.003989093307434394,0.698,0.897402573175,0.06
chr2,59252314,0.003989093307797274,0.698,0.897402573175,0.0666
chr2,59252315,0.003989093308168628,0.6978,0.897402573175,0.0763
chr2,59252316,0.003989093308548512,0.6974,0.897402573175,0.0841
chr2,59252317,0.003989093308936565,0.6968,0.897402573175,0.0891
chr2,59252318,0.003989093309331934,0.696,0.897402573175,0.0939
chr2,59252319,0.003989093309733253,0.6956,0.897402573175,0.0985
chr2,59252320,0.00398909331013865,0.6952,0.897402573175,0.1034
chr2,59252321,0.003989093310545833,0.692,0.897402573175,0.1072
chr2,59252322,0.0039890933109522205,0.6916,0.897402573175,0.1101
chr2,59252323,0.003989093311355118,0.6894,0.897402573175,0.1122
chr2,59252324,0.003989093311751958,0.6926,0.897402573175,0.1129
chr2,59252325,0.003989093312140541,0.6868,0.897402573175,0.1013
chr2,59252326,0.003989093312519277,0.6874,0.897402573175,0.1031
chr2,59252327,0.003989093312887417,0.6868,0.897402573175,0.1077
chr2,59252328,0.003989093313245203,0.6874,0.897402573175,0.0991
chr2,59252329,0.003989093313593901,0.6864,0.897402573175,0.0924
chr2,59252330,0.0039890933139356795,0.6866,0.897402573175,0.0885
chr2,59252331,0.003989093314273249,0.6844,0.897402573175,0.0958
chr2,59252332,0.003989093314609194,0.6816,0.897402573175,0.1045
chr2,59252333,0.003989093314945041,0.68,0.897402573175,0.1146
chr2,59252334,0.003989093315280212,0.6744,0.897402573175,0.1302
chr2,59252335,0.003989093315611354,0.6732,0.897402573175,0.1449
chr2,59252336,0.003989093315932585,0.6674,0.897402573175,0.1728
chr2,59252337,0.003989093316236879,0.6692,0.897402573175,0.1965
chr2,59252338,0.003989093316518051,0.6666,0.897402573175,0.2176
chr2,59252339,0.003989093316772302,0.6652,0.897402573175,0.2412
chr2,59252340,0.003989093316998665,0.66,0.897402573175,0.2694
chr2,59252341,0.003989093317198437,0.6596,0.897402573175,0.281
chr2,59252342,0.0039890933173741365,0.659,0.897402573175,0.2832
chr2,59252343,0.003989093317528487,0.6564,0.897402573175,0.2786
chr2,59252344,0.007683446004453586,0.4416,0.79653974122,0.2661
chr2,59252345,0.007683446398753383,0.4424,0.797409543356,0.2465
chr2,59252346,0.007683446509768343,0.4392,0.793759440272,0.2257
chr2,59252347,0.007683446556243243,0.4384,0.792884678748,0.2074
chr2,59252348,0.007683446583958315,0.4354,0.789083883615,0.2126
chr2,59252349,0.007683446603851093,0.434,0.788203304078,0.1917
chr2,59252350,0.007683446619691253,0.4342,0.788203304078,0.1781
chr2,59252351,0.007683446633254546,0.434,0.788203304078,0.1725
chr2,59252352,0.007683446645515286,0.4352,0.788884210526,0.1677
chr2,59252353,0.007683446657044444,0.4328,0.787540868124,0.1629
chr2,59252354,0.0076834466681861046,0.4306,0.785735404114,0.1588
chr2,59252355,0.007683446679148725,0.4274,0.785735404114,0.1581
chr2,59252356,0.007683446690055609,0.4284,0.785735404114,0.1558
chr2,59252357,0.007683446700975085,0.4292,0.785735404114,0.1548
chr2,59252358,0.0076834467119391275,0.4276,0.785735404114,0.1498
chr2,59252359,0.007683446722955523,0.4282,0.785735404114,0.1429
chr2,59252360,0.007683446734016212,0.4278,0.785735404114,0.1346
chr2,59252361,0.007683446745103075,0.4264,0.785735404114,0.1242
chr2,59252362,0.007683446756191788,0.425,0.785735404114,0.113
chr2,59252363,0.007683446767254139,0.4258,0.785735404114,0.1072
chr2,59252364,0.007683446778258881,0.4244,0.785735404114,0.0994
chr2,59252365,0.007683446789171448,0.425,0.785735404114,0.0934
chr2,59252366,0.007683446799952706,0.4268,0.785735404114,0.0898
chr2,59252367,0.007683446810557082,0.4252,0.785735404114,0.0906
chr2,59252368,0.007683446820930468,0.4238,0.785735404114,0.0961
chr2,59252369,0.007683446831008424,0.4296,0.785735404114,0.1284
chr2,59252370,0.007683446840714927,0.4304,0.785735404114,0.1574
chr2,59252371,0.007683446849962178,0.427,0.785735404114,0.1931
chr2,59252372,0.007683446858651904,0.4304,0.785735404114,0.2451
chr2,59252373,0.007683446866677976,0.4264,0.785735404114,0.31
chr2,59252374,0.007683446873930578,0.427,0.785735404114,0.5049
chr2,59252375,0.007683446880301685,0.4242,0.785735404114,0.7153
chr2,59252376,0.007683446885691365,0.4228,0.785735404114,0.6502
chr2,59252377,0.007683446890014347,0.4204,0.784982034655,0.7519
chr2,59252378,0.007683446893206201,0.4182,0.782704635056,0.8146
chr2,59252379,0.007683446895228326,0.4192,0.783574332234,0.8338
chr2,59252380,0.007683446896071208,0.4174,0.7823744531,0.8178
chr2,59252381,0.007683446895755491,0.4172,0.782333511263,0.7673
chr2,59252382,0.007683446894330741,0.416,0.782333511263,0.6824
chr2,59252383,0.007683446891871907,0.4146,0.782333511263,0.5393
chr2,59252384,0.0076834468884740045,0.413,0.782333511263,0.3848
chr2,59252385,0.007683446884245608,0.4128,0.782333511263,0.303
chr2,59252386,0.007683446879301955,0.412,0.782333511263,0.1905
chr2,59252387,0.007683446873758344,0.4122,0.782333511263,0.1209
chr2,59252388,0.007683446867724548,0.4136,0.782333511263,0.0835
chr2,59252389,0.007683446861300582,0.4144,0.782333511263,0.0644
chr2,59252390,0.007683446854574023,0.415,0.782333511263,0.0526
chr2,59252391,0.007683446847618803,0.4144,0.782333511263,0.0449
chr2,59252392,0.007683446840495211,0.4158,0.782333511263,0.0411
chr2,59252393,0.0076834468332508225,0.4158,0.782333511263,0.0363
chr2,59252394,0.00768344682592201,0.4156,0.782333511263,0.0331
chr2,59252395,0.007683446818535722,0.4162,0.782333511263,0.0296
chr2,59252396,0.00768344681111133,0.416,0.782333511263,0.028
chr2,59252397,0.007683446803662342,0.4158,0.782333511263,0.0267
chr2,59252398,0.0076834467961979,0.4168,0.782333511263,0.0265
chr2,59252399,0.007683446788724001,0.4166,0.782333511263,0.0258
chr2,59252400,0.0076834467812444745,0.4172,0.782333511263,0.0255
chr2,59252401,0.007683446773761688,0.4172,0.782333511263,0.0254
chr2,59252402,0.007683446766277063,0.4174,0.7823744531,0.0253
chr2,59252403,0.007683446758791481,0.417,0.782333511263,0.0252
chr2,59252404,0.0076834467513054155,0.4166,0.782333511263,0.0251
chr2,59252405,0.007683446743819156,0.4206,0.785021676761,0.0251
chr2,59252406,0.0076834467363329165,0.4188,0.783160012775,0.0251
chr2,59252407,0.007683446728846911,0.4166,0.782333511263,0.0251
chr2,59252408,0.0076834467213613864,0.4172,0.782333511263,0.0254
chr2,59252409,0.007683446713876699,0.4172,0.782333511263,0.0255
chr2,59252410,0.007683446706393426,0.4172,0.782333511263,0.0257
chr2,59252411,0.007683446698912474,0.4172,0.782333511263,0.0263
chr2,59252412,0.0076834466914352225,0.4172,0.782333511263,0.0267
chr2,59252413,0.00768344668396374,0.417,0.782333511263,0.0272
chr2,59252414,0.00768344667650097,0.417,0.782333511263,0.0283
chr2,59252415,0.007683446669050993,0.417,0.782333511263,0.0304
chr2,59252416,0.007683446661619298,0.4164,0.782333511263,0.0325
chr2,59252417,0.007683446654213043,0.4166,0.782333511263,0.0344
chr2,59252418,0.00768344664684125,0.416,0.782333511263,0.0384
chr2,59252419,0.007683446639514933,0.4154,0.782333511263,0.0423
chr2,59252420,0.007683446632247119,0.415,0.782333511263,0.0468
chr2,59252421,0.007683446625052695,0.4146,0.782333511263,0.0536
chr2,59252422,0.007683446617948163,0.4148,0.782333511263,0.0622
chr2,59252423,0.007683446610951231,0.4152,0.782333511263,0.0746
chr2,59252424,0.00768344660408036,0.4138,0.782333511263,0.0874
chr2,59252425,0.007683446597354289,0.412,0.782333511263,0.1029
chr2,59252426,0.007683446590791674,0.4128,0.782333511263,0.1203
chr2,59252427,0.0076834465844108895,0.4118,0.782333511263,0.1431
chr2,59252428,0.007683446578230021,0.4102,0.782333511263,0.1982
chr2,59252429,0.007683446572267122,0.4108,0.782333511263,0.2342
chr2,59252430,0.007683446566540503,0.412,0.782333511263,0.2307
chr2,59252431,0.007683446561068953,0.4132,0.782333511263,0.2665
chr2,59252432,0.007683446555871564,0.4126,0.782333511263,0.3837
chr2,59252433,0.007683446550966775,0.4112,0.782333511263,0.5412
chr2,59252434,0.007683446546370489,0.4116,0.782333511263,0.609
chr2,59252435,0.0076834465420930025,0.4138,0.782333511263,0.6934
chr2,59252436,0.007683446538134876,0.4132,0.782333511263,0.7457
chr2,59252437,0.007683446534481778,0.4128,0.782333511263,0.7656
chr2,59252438,0.007683446531098488,0.413,0.782333511263,0.7543
chr2,59252439,0.007683446527921978,0.4122,0.782333511263,0.7136
chr2,59252440,0.007683446524853005,0.4128,0.782333511263,0.6185
chr2,59252441,0.00768344652174502,0.4122,0.782333511263,0.5515
chr2,59252442,0.007683446518387969,0.4118,0.782333511263,0.4677
chr2,59252443,0.007683446514483117,0.4102,0.782333511263,0.3833
chr2,59252444,0.007683446509603306,0.4088,0.782333511263,0.3051
chr2,59252445,0.007683446503133152,0.4104,0.782333511263,0.2356
chr2,59252446,0.007683446494185225,0.4118,0.782333511263,0.1866
chr2,59252447,0.007683446481413354,0.412,0.782333511263,0.1477
chr2,59252448,0.007683446461662356,0.408,0.782333511263,0.1196
chr2,59252449,0.007683446419405498,0.4046,0.781954470472,0.0905
chr2,59252450,0.007683446291257487,0.4038,0.781869675289,0.0772
chr2,59252451,0.007683445090093634,0.3992,0.78062323356,0.0676
chr2,59252452,0.0034745496209631944,0.666,0.897402573175,0.0636
chr2,59252453,0.003474549286240152,0.6654,0.897402573175,0.066
chr2,59252454,0.0034745491792696035,0.6666,0.897402573175,0.0719
chr2,59252455,0.003474549121893399,0.6676,0.897402573175,0.075
chr2,59252456,0.003474549084367115,0.6664,0.897402573175,0.0778
chr2,59252457,0.0034745490573129373,0.6648,0.897402573175,0.0725
chr2,59252458,0.0034745490365733884,0.6626,0.897402573175,0.075
chr2,59252459,0.0034745490199596775,0.6628,0.897402573175,0.0765
chr2,59252460,0.0034745490061991423,0.6644,0.897402573175,0.0776
chr2,59252461,0.0034745489944994997,0.6654,0.897402573175,0.0796
chr2,59252462,0.003474548984340099,0.6662,0.897402573175,0.079
chr2,59252463,0.0034745489753625594,0.6668,0.897402573175,0.0755
chr2,59252464,0.0034745489673098026,0.6676,0.897402573175,0.0761
chr2,59252465,0.003474548959990598,0.6684,0.897402573175,0.0749
chr2,59252466,0.003474548953258126,0.671,0.897402573175,0.0756
chr2,59252467,0.0034745489469964167,0.6712,0.897402573175,0.0749
chr2,59252468,0.0034745489411120746,0.672,0.897402573175,0.0773
chr2,59252469,0.0034745489355285306,0.6714,0.897402573175,0.077
chr2,59252470,0.00347454893018197,0.6694,0.897402573175,0.0783
chr2,59252471,0.003474548925018243,0.67,0.897402573175,0.0772
chr2,59252472,0.003474548919990327,0.6704,0.897402573175,0.0777
chr2,59252473,0.003474548915056008,0.6682,0.897402573175,0.0793
chr2,59252474,0.003474548910175639,0.6698,0.897402573175,0.0864
chr2,59252475,0.0034745489053097226,0.671,0.897402573175,0.092
chr2,59252476,0.0034745489004161857,0.6688,0.897402573175,0.0945
chr2,59252477,0.003474548895447084,0.6672,0.897402573175,0.1022
chr2,59252478,0.003474548890344433,0.67,0.897402573175,0.103
chr2,59252479,0.0034745488850347387,0.6688,0.897402573175,0.1183
chr2,59252480,0.0034745488794216805,0.667,0.897402573175,0.1255
chr2,59252481,0.0034745488733758365,0.668,0.897402573175,0.1282
chr2,59252482,0.0034745488667197962,0.6682,0.897402573175,0.1275
chr2,59252483,0.003474548859205635,0.6696,0.897402573175,0.1227
chr2,59252484,0.003474548850479131,0.6678,0.897402573175,0.1153
chr2,59252485,0.003474548840020631,0.6678,0.897402573175,0.106
chr2,59252486,0.0034745488270410906,0.6692,0.897402573175,0.0957
chr2,59252487,0.0034745488102881526,0.6704,0.897402573175,0.0887
chr2,59252488,0.003474548787652021,0.6726,0.897402573175,0.0828
chr2,59252489,-0.003099561954105961,0.8366,0.91711158959,0.0856
chr2,59252490,-0.003099561979217293,0.8372,0.917597529015,0.091
chr2,59252491,-0.003099561983373044,0.839,0.918919351823,0.1012
chr2,59252492,-0.003099561984346133,0.8342,0.915852428277,0.1184
chr2,59252493,-0.003099561984154997,0.8302,0.91437565839,0.1434
chr2,59252494,-0.0035960050152961417,0.7918,0.897402573175,0.1868
chr2,59252495,-0.003596005915075524,0.7918,0.897402573175,0.238
chr2,59252496,-0.003596006491830099,0.7878,0.897402573175,0.3105
chr2,59252497,-0.00359600672899191,0.7886,0.897402573175,0.3378
chr2,59252498,-0.003596006863218076,0.7874,0.897402573175,0.4218
chr2,59252499,-0.003596006958174624,0.7894,0.897402573175,0.49
chr2,59252500,-0.0035960070356918683,0.7864,0.897402573175,0.4896
chr2,59252501,-0.00359600710588802,0.7864,0.897402573175,0.5367
chr2,59252502,-0.003596007175448266,0.7838,0.897402573175,0.5724
chr2,59252503,-0.003596007250975671,0.7828,0.897402573175,0.5787
chr2,59252504,-0.0035960073422044497,0.7848,0.897402573175,0.5579
chr2,59252505,-0.0035960074692083024,0.787,0.897402573175,0.5076
chr2,59252506,-0.0035960076901998535,0.7864,0.897402573175,0.4451
chr2,59252507,-0.0035960083118840125,0.783,0.897402573175,0.3703
chr2,59252508,-0.01529127604510328,0.1724,0.641735818145,0.3642
chr2,59252509,-0.015291276036676623,0.172,0.641439490446,0.288
chr2,59252510,-0.01529127602814829,0.1714,0.641439490446,0.2158
chr2,59252511,-0.01529127601967289,0.1728,0.641735818145,0.1591
chr2,59252512,-0.015291276011394498,0.1698,0.641439490446,0.1272
chr2,59252513,-0.015291276003441337,0.1694,0.641439490446,0.1109
chr2,59252514,-0.015291275995920393,0.1702,0.641439490446,0.0974
chr2,59252515,-0.01529127598891393,0.1708,0.641439490446,0.0885
chr2,59252516,-0.015291275982480756,0.1734,0.641735818145,0.08
chr2,59252517,-0.015291275976664093,0.1762,0.641735818145,0.0736
chr2,59252518,-0.015291275971505792,0.1762,0.641735818145,0.0701
chr2,59252519,-0.01529127596706361,0.177,0.641735818145,0.073
chr2,59252520,-0.015291275963427274,0.1768,0.641735818145,0.0713
chr2,59252521,-0.015291275960730445,0.178,0.641735818145,0.0747
chr2,59252522,-0.015291275959157913,0.1786,0.641929404543,0.077
chr2,59252523,-0.015291275958948726,0.1798,0.64256093591,0.0807
chr2,59252524,-0.015291275960396691,0.1784,0.641735818145,0.0851
chr2,59252525,-0.015291275963844974,0.177,0.641735818145,0.0909
chr2,59252526,-0.015291275969673371,0.1782,0.641735818145,0.0975
chr2,59252527,-0.015291275978268092,0.1782,0.641735818145,0.0977
chr2,59252528,-0.015291275989967037,0.1794,0.64243853211,0.0967
chr2,59252529,-0.015291276004974243,0.1798,0.64256093591,0.0947
chr2,59252530,-0.01529127602324391,0.1796,0.642499796334,0.0898
chr2,59252531,-0.015291276044429682,0.1806,0.644109441624,0.0831
chr2,59252532,-0.01529127606792387,0.1808,0.644430194805,0.075
chr2,59252533,-0.015291276093039338,0.1804,0.643657525899,0.0672
chr2,59252534,-0.015291276119247299,0.181,0.644750557696,0.0643
chr2,59252535,-0.015291276146355627,0.1812,0.645201297385,0.059
chr2,59252536,-0.015291276174605784,0.181,0.644750557696,0.0544
chr2,59252537,-0.015291276204731637,0.1794,0.64243853211,0.0518
chr2,59252538,-0.015291276238122722,0.1788,0.641991414554,0.0522
chr2,59252539,-0.015291276277286794,0.1808,0.644430194805,0.0549
chr2,59252540,-0.01529127632713374,0.184,0.650633794348,0.0612
chr2,59252541,-0.015291276399119567,0.1816,0.646101681183,0.0699
chr2,59252542,-0.015291276531268353,0.184,0.650633794348,0.0844
chr2,59252543,-0.015291277086366142,0.1834,0.649611010284,0.1064
chr2,59252544,-0.04580185510279469,0.0002,0.00643406593407,0.1418
chr2,59252545,-0.04580185510196752,0.0002,0.00643406593407,0.1919
chr2,59252546,-0.04580185510051157,0.0002,0.00643406593407,0.3156
chr2,59252547,-0.04580185509825487,0.0002,0.00643406593407,0.4612
chr2,59252548,-0.04580185509493893,0.0002,0.00643406593407,0.6078
chr2,59252549,-0.04580185509015274,0.0002,0.00643406593407,0.7462
chr2,59252550,-0.045801855083208096,0.0002,0.00643406593407,0.8322
chr2,59252551,-0.04580185507287939,0.0002,0.00643406593407,0.8822
chr2,59252552,-0.045801855056704865,0.0002,0.00643406593407,0.849
chr2,59252553,-0.04580185502816549,0.0002,0.00643406593407,0.867
chr2,59252554,-0.04580185496495718,0.0004,0.0116710963455,0.868
chr2,59252555,-0.0458018547591687,0.0004,0.0116710963455,0.8498
chr2,59252556,-0.019590262566553492,0.0968,0.497161403509,0.8156
chr2,59252557,-0.0030995617122380084,0.8652,0.941063719116,0.7593
chr2,59252558,-0.0030995617062365187,0.8664,0.94213557853,0.6795
chr2,59252559,-0.0030995617001988844,0.8674,0.942697747803,0.5644
chr2,59252560,-0.003099561694121536,0.8724,0.94555757127,0.507
chr2,59252561,-0.003099561688002252,0.8738,0.946490934879,0.4105
chr2,59252562,-0.0030995616818414685,0.8722,0.945399136069,0.3265
chr2,59252563,-0.003099561675643015,0.8718,0.945257222222,0.2475
chr2,59252564,-0.003099561669413778,0.8714,0.945056865893,0.1859
chr2,59252565,-0.0030995616631623738,0.872,0.9452990187,0.1373
chr2,59252566,-0.0030995616568974533,0.8708,0.944639451581,0.1168
chr2,59252567,-0.0030995616506264228,0.871,0.944798060891,0.0879
chr2,59252568,-0.0030995616443549616,0.8716,0.945215410261,0.0684
chr2,59252569,-0.0030995616380872035,0.8718,0.945257222222,0.0565
chr2,59252570,-0.003099561631826287,0.8714,0.945056865893,0.0462
chr2,59252571,-0.003099561625575004,0.8702,0.944105188388,0.0406
chr2,59252572,-0.003099561619336389,0.872,0.9452990187,0.0366
chr2,59252573,-0.0030995616131141842,0.8706,0.944480822679,0.0367
chr2,59252574,-0.0030995616069131636,0.8748,0.947223646899,0.0359
chr2,59252575,-0.0030995616007392962,0.877,0.948202942263,0.0355
chr2,59252576,-0.0030995615945997542,0.876,0.947763473976,0.0363
chr2,59252577,-0.00309956158850274,0.8782,0.948507839882,0.0381
chr2,59252578,-0.0030995615824571474,0.8766,0.948003878833,0.041
chr2,59252579,-0.0030995615764721277,0.876,0.947763473976,0.0442
chr2,59252580,-0.0030995615705564955,0.8754,0.947581253466,0.0478
chr2,59252581,-0.003099561564718179,0.8764,0.947962682431,0.0544
chr2,59252582,-0.0030995615589636634,0.8778,0.948408461964,0.0569
chr2,59252583,-0.0030995615532975794,0.8798,0.949476959941,0.0584
chr2,59252584,-0.0030995615477224033,0.8806,0.94960511782,0.0595
chr2,59252585,-0.003099561542238339,0.8808,0.94960511782,0.0586
chr2,59252586,-0.0030995615368434076,0.881,0.94960511782,0.0572
chr2,59252587,-0.0030995615315337123,0.8804,0.94960511782,0.0543
chr2,59252588,-0.0030995615263038987,0.8802,0.94960511782,0.0515
chr2,59252589,-0.0030995615211477454,0.8794,0.94910359447,0.0473
chr2,59252590,-0.0030995615160588335,0.8776,0.94838464378,0.0462
chr2,59252591,-0.0030995615110312484,0.8766,0.948003878833,0.0441
chr2,59252592,-0.00309956150606022,0.8784,0.94860719336,0.0427
chr2,59252593,-0.0030995615011426437,0.8802,0.94960511782,0.0418
chr2,59252594,-0.00309956149627742,0.8812,0.94976241026,0.0398
chr2,59252595,-0.003099561491465579,0.883,0.950827305051,0.0396
chr2,59252596,-0.0030995614867101616,0.88,0.949576115002,0.0399
chr2,59252597,-0.0030995614820158858,0.8824,0.950647448479,0.0415
chr2,59252598,-0.003099561477388626,0.882,0.950508006626,0.0443
chr2,59252599,-0.003099561472834801,0.8832,0.950926075763,0.047
chr2,59252600,-0.003099561468360692,0.8828,0.950786804832,0.0531
chr2,59252601,-0.0030995614639717714,0.8822,0.950548582996,0.0551
chr2,59252602,-0.0030995614596721443,0.8822,0.950548582996,0.0572
chr2,59252603,-0.0030995614554641293,0.8826,0.950687986754,0.0613
chr2,59252604,-0.0030995614513480065,0.8826,0.950687986754,0.0689
chr2,59252605,-0.0030995614473220043,0.8828,0.950786804832,0.0741
chr2,59252606,-0.0030995614433825033,0.8838,0.951338828288,0.0822
chr2,59252607,-0.003099561439524482,0.884,0.951495802439,0.0919
chr2,59252608,-0.003099561435742147,0.8848,0.952065180103,0.0795
chr2,59252609,-0.0030995614320297213,0.8846,0.951908288917,0.0708
chr2,59252610,-0.0030995614283823177,0.8844,0.951809693034,0.0628
chr2,59252611,-0.0030995614247968264,0.8838,0.951338828288,0.057
chr2,59252612,-0.0030995614212727565,0.8832,0.950926075763,0.0643
chr2,59252613,-0.003099561417812925,0.883,0.950827305051,0.083
chr2,59252614,-0.003099561414423949,0.88,0.949576115002,0.0832
chr2,59252615,-0.003099561411116462,0.881,0.94960511782,0.0903
chr2,59252616,-0.0030995614079050013,0.881,0.94960511782,0.1033
chr2,59252617,-0.0030995614048075298,0.881,0.94960511782,0.122
chr2,59252618,-0.003099561401844581,0.881,0.94960511782,0.144
chr2,59252619,-0.0030995613990380593,0.881,0.94960511782,0.1723
chr2,59252620,-0.003099561396409781,0.881,0.94960511782,0.1983
chr2,59252621,-0.003099561393979857,0.881,0.94960511782,0.2251
chr2,59252622,-0.003099561391765094,0.881,0.94960511782,0.24
chr2,59252623,-0.003099561389777588,0.881,0.94960511782,0.2453
chr2,59261308,0.028189628148684955,0.3384,0.727656082071,0.1865
chr2,59261309,0.028189628150866106,0.3384,0.727656082071,0.1827
chr2,59261310,0.028189628153289757,0.3384,0.727656082071,0.1701
chr2,59261311,0.028189628155941445,0.3384,0.727656082071,0.1519
chr2,59261312,0.028189628158801598,0.3384,0.727656082071,0.1309
chr2,59261313,0.028189628161847065,0.3384,0.727656082071,0.1102
chr2,59261314,0.02818962816505266,0.3384,0.727656082071,0.0896
chr2,59261315,0.028189628168392794,0.3384,0.727656082071,0.0718
chr2,59261316,0.028189628171842833,0.3384,0.727656082071,0.0581
chr2,59261317,0.028189628175380173,0.3384,0.727656082071,0.0488
chr2,59261318,0.028189628178984925,0.3384,0.727656082071,0.043
chr2,59261319,0.028189628182640303,0.3384,0.727656082071,0.0367
chr2,59261320,0.028189628186332645,0.3384,0.727656082071,0.0333
chr2,59261321,0.02818962819005122,0.3384,0.727656082071,0.0317
chr2,59261322,0.028189628193787914,0.3384,0.727656082071,0.0296
chr2,59261323,0.02818962819753676,0.3384,0.727656082071,0.0283
chr2,59261324,0.028189628201293542,0.3384,0.727656082071,0.027
chr2,59261325,0.028189628205055356,0.3384,0.727656082071,0.0263
chr2,59261326,0.028189628208820275,0.3384,0.727656082071,0.0254
chr2,59261327,0.02818962821258704,0.3384,0.727656082071,0.0254
chr2,59261328,0.028189628216354835,0.3384,0.727656082071,0.0251
chr2,59261329,0.028189628220123133,0.3384,0.727656082071,0.0251
chr2,59261330,0.028189628223891566,0.3384,0.727656082071,0.0251
chr2,59261331,0.02818962822765979,0.3392,0.727656082071,0.0255
chr2,59261332,0.028189628231427417,0.3392,0.727656082071,0.0258
chr2,59261333,0.028189628235193866,0.3392,0.727656082071,0.0259
chr2,59261334,0.028189628238958243,0.3392,0.727656082071,0.0264
chr2,59261335,0.028189628242719162,0.3392,0.727656082071,0.0275
chr2,59261336,0.028189628246474516,0.3392,0.727656082071,0.0284
chr2,59261337,0.02818962825022115,0.3392,0.727656082071,0.0297
chr2,59261338,0.02818962825395451,0.3392,0.727656082071,0.0318
chr2,59261339,0.02818962825766821,0.3392,0.727656082071,0.0336
chr2,59261340,0.02818962826135361,0.3392,0.727656082071,0.0371
chr2,59261341,0.02818962826499939,0.3392,0.727656082071,0.0428
chr2,59261342,0.028189628268591248,0.3392,0.727656082071,0.0493
chr2,59261343,0.028189628272111748,0.3392,0.727656082071,0.0589
chr2,59261344,0.028189628275540436,0.3392,0.727656082071,0.0736
chr2,59261345,0.02818962827885425,0.3392,0.727656082071,0.0918
chr2,59261346,0.028189628282028326,0.3392,0.727656082071,0.1135
chr2,59261347,0.0281896282850371,0.3392,0.727656082071,0.1341
chr2,59261348,0.02818962828785578,0.3392,0.727656082071,0.1553
chr2,59261349,0.028189628290461854,0.3392,0.727656082071,0.1745
chr2,59261350,0.028189628292836763,0.3392,0.727656082071,0.1865
chr2,59261351,0.028189628294967264,0.3392,0.727656082071,0.1902
chr2,59261432,-0.017106549337432168,0.5834,0.897402573175,0.6146
chr2,59261523,-0.009058521619862361,0.6854,0.897402573175,0.3074
chr2,59261524,-0.00905852161882054,0.6854,0.897402573175,0.3485
chr2,59261525,-0.009058521617716433,0.6854,0.897402573175,0.3871
chr2,59261526,-0.009058521616571807,0.6854,0.897402573175,0.419
chr2,59261527,-0.009058521615410143,0.6854,0.897402573175,0.3037
chr2,59261528,-0.009058521614254914,0.6854,0.897402573175,0.3124
chr2,59261529,-0.009058521613127903,0.686,0.897402573175,0.3156
chr2,59261530,-0.009058521612047774,0.6862,0.897402573175,0.3143
chr2,59261531,-0.009058521611029071,0.6866,0.897402573175,0.3058
chr2,59261532,-0.00905852161008169,0.686,0.897402573175,0.2987
chr2,59261533,-0.009058521609210847,0.6864,0.897402573175,0.2827
chr2,59261534,-0.009058521608417474,0.6862,0.897402573175,0.2516
chr2,59261535,-0.0090585216076989,0.6884,0.897402573175,0.2226
chr2,59261536,-0.009058521607049688,0.6878,0.897402573175,0.1924
chr2,59261537,-0.009058521606462562,0.6864,0.897402573175,0.1599
chr2,59261538,-0.00905852160592924,0.6852,0.897402573175,0.1295
chr2,59261539,-0.009058521605441171,0.6862,0.897402573175,0.104
chr2,59261540,-0.009058521604990112,0.6858,0.897402573175,0.0843
chr2,59261541,-0.009058521604568524,0.6854,0.897402573175,0.0683
chr2,59261542,-0.009058521604169803,0.685,0.897402573175,0.0558
chr2,59261543,-0.009058521603788408,0.6848,0.897402573175,0.0478
chr2,59261544,-0.009058521603419821,0.6854,0.897402573175,0.0407
chr2,59261545,-0.009058521603060489,0.6852,0.897402573175,0.0363
chr2,59261546,-0.009058521602707693,0.6846,0.897402573175,0.0324
chr2,59261547,-0.00905852160235941,0.685,0.897402573175,0.0302
chr2,59261548,-0.009058521602014176,0.6848,0.897402573175,0.0287
chr2,59261549,-0.009058521601670961,0.685,0.897402573175,0.0271
chr2,59261550,-0.009058521601329065,0.6854,0.897402573175,0.0263
chr2,59261551,-0.009058521600988014,0.686,0.897402573175,0.0262
chr2,59261552,-0.009058521600647518,0.687,0.897402573175,0.026
chr2,59261553,-0.009058521600307408,0.6872,0.897402573175,0.0256
chr2,59261554,-0.009058521599967605,0.6872,0.897402573175,0.0255
chr2,59261555,-0.009058521599628144,0.6886,0.897402573175,0.0255
chr2,59261556,-0.009058521599289143,0.685,0.897402573175,0.0253
chr2,59261557,-0.009058521598950845,0.679,0.897402573175,0.0254
chr2,59261558,-0.009058521598613657,0.6792,0.897402573175,0.0257
chr2,59261559,-0.009058521598278187,0.6792,0.897402573175,0.0261
chr2,59261560,-0.009058521597945311,0.6798,0.897402573175,0.0269
chr2,59261561,-0.009058521597616246,0.6798,0.897402573175,0.0284
chr2,59261562,-0.009058521597292613,0.6802,0.897402573175,0.0303
chr2,59261563,-0.009058521596976475,0.68,0.897402573175,0.0328
chr2,59261564,-0.009058521596670368,0.6788,0.897402573175,0.0371
chr2,59261565,-0.009058521596377241,0.6792,0.897402573175,0.0434
chr2,59261566,-0.009058521596100374,0.6796,0.897402573175,0.0519
chr2,59261567,-0.009058521595843194,0.679,0.897402573175,0.0625
chr2,59261568,-0.009058521595609034,0.6794,0.897402573175,0.0762
chr2,59261569,-0.009058521595400847,0.679,0.897402573175,0.0949
chr2,59261570,-0.00905852159522089,0.6788,0.897402573175,0.1208
chr2,59261571,-0.009058521595070455,0.6792,0.897402573175,0.1492
chr2,59261572,-0.009058521594949631,0.6786,0.897402573175,0.1818
chr2,59261573,-0.009058521594857245,0.6786,0.897402573175,0.2065
chr2,59261574,-0.009058521594790874,0.6786,0.897402573175,0.2274
chr2,59261575,-0.009058521594747048,0.6786,0.897402573175,0.3537
chr2,59261576,-0.009058521594721572,0.6786,0.897402573175,0.3606
chr2,59261577,-0.009058521594709905,0.6786,0.897402573175,0.3537
chr2,59261578,-0.00905852159470758,0.6786,0.897402573175,0.3328
chr2,59261638,-0.008550660505962026,0.8442,0.922966077431,0.354
chr2,59262040,-0.017806027894048424,0.2072,0.676967756585,0.1598
chr2,59262041,-0.017806027896884218,0.2072,0.676967756585,0.1765
chr2,59262042,-0.017806027900360268,0.2072,0.676967756585,0.1878
chr2,59262043,-0.017806027904608536,0.2072,0.676967756585,0.1938
chr2,59262044,-0.017806027909786318,0.2072,0.676967756585,0.1957
chr2,59262045,-0.017806027916076366,0.2072,0.676967756585,0.1945
chr2,59262046,-0.017806027923682622,0.2068,0.676967756585,0.1895
chr2,59262047,-0.017806027932818606,0.2056,0.676967756585,0.187
chr2,59262048,-0.017806027943685045,0.2022,0.675345693098,0.1832
chr2,59262049,-0.017806027956434614,0.1998,0.672444337996,0.177
chr2,59262050,-0.017806027971126053,0.1952,0.667059922179,0.1808
chr2,59262051,-0.017806027987678563,0.1884,0.658032610857,0.1827
chr2,59262052,-0.017806028005847113,0.183,0.64924156736,0.194
chr2,59262053,-0.017806028025238205,0.1782,0.641735818145,0.2246
chr2,59262054,-0.01780602804537255,0.1738,0.641735818145,0.2468
chr2,59262055,-0.017806028065774096,0.1688,0.641439490446,0.2738
chr2,59262056,-0.017806028086051178,0.1674,0.641439490446,0.3199
chr2,59262057,-0.017806028105944723,0.163,0.640869215292,0.3606
chr2,59262058,-0.01780602812533949,0.159,0.635397552131,0.4079
chr2,59262059,-0.017806028144250717,0.1566,0.632049402574,0.4666
chr2,59262060,-0.017806028162802336,0.1522,0.619845351264,0.5068
chr2,59262061,-0.017806028181207002,0.1522,0.619845351264,0.5524
chr2,59262062,-0.017806028199758565,0.1496,0.615392037471,0.5811
chr2,59262063,-0.017806028218833838,0.1496,0.615392037471,0.5946
chr2,59262064,-0.017806028238908974,0.1488,0.613394038958,0.5061
chr2,59262065,-0.017806028260593333,0.149,0.613930330753,0.4265
chr2,59262066,-0.017806028284689104,0.1472,0.609085512367,0.4114
chr2,59262067,-0.017806028312294712,0.1468,0.608003301108,0.397
chr2,59262068,-0.017806028344991873,0.1442,0.602491198858,0.3794
chr2,59262069,-0.01780602838519924,0.1438,0.601822015726,0.357
chr2,59262070,-0.017806028436913486,0.1414,0.595895153551,0.3352
chr2,59262071,-0.017806028507504432,0.1404,0.592961288771,0.3192
chr2,59262072,-0.017806028613450382,0.139,0.590027791203,0.2593
chr2,59262073,-0.01780602881076965,0.138,0.589748911466,0.2446
chr2,59262074,-0.01780602958807289,0.1374,0.58936043956,0.2375
chr2,59262075,-0.018852473972153425,0.111,0.53534184514,0.2292
chr2,59262076,-0.018852480643000442,0.11,0.533743093923,0.2132
chr2,59262077,-0.018852481003314842,0.1098,0.533657166574,0.1985
chr2,59262078,-0.018852481124919683,0.1092,0.532744940394,0.1859
chr2,59262079,-0.018852481191547733,0.1106,0.534881332599,0.1728
chr2,59262080,-0.018852481234109795,0.1106,0.534881332599,0.1594
chr2,59262081,-0.01885248126414126,0.1112,0.535718047175,0.1488
chr2,59262082,-0.018852481287070833,0.1108,0.535259075908,0.1353
chr2,59262083,-0.018852481305744188,0.1102,0.534355469826,0.1187
chr2,59262084,-0.018852481321768387,0.1114,0.536240339819,0.1093
chr2,59262085,-0.018852481336102025,0.1096,0.53327534626,0.0972
chr2,59262086,-0.01885248134933964,0.1098,0.533657166574,0.0851
chr2,59262087,-0.018852481361859793,0.1098,0.533657166574,0.0768
chr2,59262088,-0.018852481373907323,0.1094,0.532744940394,0.0675
chr2,59262089,-0.018852481385641766,0.109,0.532568845619,0.0603
chr2,59262090,-0.018852481397167248,0.1088,0.532480356645,0.0514
chr2,59262091,-0.018852481408551676,0.1088,0.532480356645,0.0466
chr2,59262092,-0.01885248141983957,0.109,0.532568845619,0.0426
chr2,59262093,-0.01885248143106036,0.1092,0.532744940394,0.0382
chr2,59262094,-0.01885248144223383,0.1094,0.532744940394,0.0344
chr2,59262095,-0.018852481453373655,0.1094,0.532744940394,0.0316
chr2,59262096,-0.01885248146448952,0.1094,0.532744940394,0.03
chr2,59262097,-0.018852481475588472,0.11,0.533743093923,0.0291
chr2,59262098,-0.018852481486675718,0.1096,0.53327534626,0.0279
chr2,59262099,-0.018852481497755234,0.109,0.532568845619,0.028
chr2,59262100,-0.018852481508830076,0.11,0.533743093923,0.0278
chr2,59262101,-0.018852481519902816,0.1096,0.53327534626,0.0289
chr2,59262102,-0.01885248153097583,0.1084,0.532005029338,0.0301
chr2,59262103,-0.018852481542051654,0.1092,0.532744940394,0.0317
chr2,59262104,-0.018852481553133488,0.109,0.532568845619,0.0355
chr2,59262105,-0.018852481564225632,0.1094,0.532744940394,0.0421
chr2,59262106,-0.01885248157533404,0.1088,0.532480356645,0.0513
chr2,59262107,-0.018852481586466845,0.109,0.532568845619,0.0639
chr2,59262108,-0.018852481597634623,0.1082,0.531468959732,0.081
chr2,59262109,-0.018852481608850207,0.1086,0.532243024554,0.1014
chr2,59262110,-0.018852481620127506,0.1082,0.531468959732,0.1313
chr2,59262111,-0.012508600020881585,0.2818,0.694991670137,0.1685
chr2,59262112,-0.012508600021831,0.2816,0.694991670137,0.2088
chr2,59262113,-0.012508600022701285,0.2818,0.694991670137,0.2711
chr2,59262114,-0.01250860002352646,0.2816,0.694991670137,0.4106
chr2,59262115,-0.012508600024332248,0.2804,0.694991670137,0.5276
chr2,59262116,-0.012508600025138311,0.28,0.694991670137,0.5496
chr2,59262117,-0.01250860002595977,0.2794,0.694991670137,0.5659
chr2,59262118,-0.01250860002680818,0.281,0.694991670137,0.5656
chr2,59262119,-0.012508600027692182,0.2796,0.694991670137,0.547
chr2,59262120,-0.012508600028618007,0.2818,0.694991670137,0.5111
chr2,59262121,-0.012508600029589798,0.2792,0.694991670137,0.4672
chr2,59262122,-0.012508600030609869,0.277,0.694991670137,0.4093
chr2,59262123,-0.012508600031678889,0.2758,0.694991670137,0.348
chr2,59262124,-0.012508600032796038,0.2764,0.694991670137,0.2828
chr2,59262125,-0.012508600033959245,0.276,0.694991670137,0.2942
chr2,59262126,-0.012508600035165362,0.2758,0.694991670137,0.2292
chr2,59262127,-0.012508600036410425,0.2742,0.694991670137,0.1719
chr2,59262128,-0.012508600037689952,0.2746,0.694991670137,0.1744
chr2,59262129,-0.01250860003899919,0.274,0.694991670137,0.1283
chr2,59262130,-0.012508600040333384,0.2734,0.694991670137,0.0952
chr2,59262131,-0.012508600041688012,0.2724,0.694991670137,0.0737
chr2,59262132,-0.012508600043058928,0.2726,0.694991670137,0.0572
chr2,59262133,-0.012508600044442495,0.2736,0.694991670137,0.0458
chr2,59262134,-0.012508600045835625,0.274,0.694991670137,0.0385
chr2,59262135,-0.012508600047235795,0.274,0.694991670137,0.0334
chr2,59262136,-0.012508600048641011,0.2742,0.694991670137,0.0299
chr2,59262137,-0.012508600050049744,0.2732,0.694991670137,0.0289
chr2,59262138,-0.012508600051460863,0.2736,0.694991670137,0.0274
chr2,59262139,-0.01250860005287356,0.273,0.694991670137,0.0263
chr2,59262140,-0.012508600054287267,0.2732,0.694991670137,0.0261
chr2,59262141,-0.01250860005570161,0.273,0.694991670137,0.0257
chr2,59262142,-0.01250860005711634,0.273,0.694991670137,0.0255
chr2,59262143,-0.012508600058531298,0.2722,0.694991670137,0.0252
chr2,59262144,-0.012508600059946388,0.2748,0.694991670137,0.0251
chr2,59262145,-0.012508600061361565,0.2796,0.694991670137,0.0251
chr2,59262146,-0.012508600062776803,0.285,0.694991670137,0.0252
chr2,59262147,-0.012508600064192106,0.2856,0.695392847241,0.0253
chr2,59262148,-0.012508600065607492,0.2844,0.694991670137,0.0252
chr2,59262149,-0.012508600067023014,0.2848,0.694991670137,0.0256
chr2,59262150,-0.012508600068438755,0.2834,0.694991670137,0.0256
chr2,59262151,-0.012508600069854854,0.2832,0.694991670137,0.0262
chr2,59262152,-0.012508600071271527,0.2834,0.694991670137,0.0269
chr2,59262153,-0.012508600072689086,0.2834,0.694991670137,0.0278
chr2,59262154,-0.012508600074107984,0.283,0.694991670137,0.0288
chr2,59262155,-0.012508600075528842,0.2828,0.694991670137,0.0304
chr2,59262156,-0.012508600076952491,0.2826,0.694991670137,0.0319
chr2,59262157,-0.01250860007838,0.2822,0.694991670137,0.0349
chr2,59262158,-0.012508600079812688,0.2822,0.694991670137,0.0392
chr2,59262159,-0.01250860008125211,0.2826,0.694991670137,0.0413
chr2,59262160,-0.012508600082699994,0.2828,0.694991670137,0.0465
chr2,59262161,-0.012508600084158121,0.2826,0.694991670137,0.0534
chr2,59262162,-0.012508600085628098,0.2828,0.694991670137,0.0614
chr2,59262163,-0.012508600087111054,0.283,0.694991670137,0.0687
chr2,59262164,-0.01250860008860724,0.283,0.694991670137,0.0758
chr2,59262165,-0.012508600090115469,0.2824,0.694991670137,0.0802
chr2,59262166,-0.012508600091632573,0.282,0.694991670137,0.0832
chr2,59262167,-0.012508600093152725,0.2822,0.694991670137,0.0946
chr2,59262168,-0.012508600094666759,0.2826,0.694991670137,0.1092
chr2,59262169,-0.012508600096161547,0.2828,0.694991670137,0.1037
chr2,59262170,-0.01250860009761933,0.2822,0.694991670137,0.0824
chr2,59262171,-0.012508600099017206,0.2822,0.694991670137,0.0667
chr2,59262172,-0.012508600100326908,0.282,0.694991670137,0.0596
chr2,59262173,-0.01250860010151498,0.2812,0.694991670137,0.0535
chr2,59262174,-0.012508600102544051,0.2812,0.694991670137,0.0471
chr2,59262175,-0.012508600103375529,0.2814,0.694991670137,0.0443
chr2,59262176,-0.012508600103974329,0.2822,0.694991670137,0.0399
chr2,59262177,-0.012508600104315192,0.2824,0.694991670137,0.0342
chr2,59262178,-0.01250860010438915,0.283,0.694991670137,0.0317
chr2,59262179,-0.012508600104207556,0.2818,0.694991670137,0.0301
chr2,59262180,-0.012508600103801473,0.2816,0.694991670137,0.0289
chr2,59262181,-0.012508600103216399,0.2812,0.694991670137,0.0288
chr2,59262182,-0.012508600102504737,0.2796,0.694991670137,0.0289
chr2,59262183,-0.012508600101719348,0.2772,0.694991670137,0.0294
chr2,59262184,-0.012508600100909269,0.2768,0.694991670137,0.0303
chr2,59262185,-0.012508600100118433,0.2746,0.694991670137,0.0329
chr2,59262186,-0.0125086000993856,0.2732,0.694991670137,0.0361
chr2,59262187,-0.012508600098744969,0.272,0.694991670137,0.0401
chr2,59262188,-0.012508600098226035,0.2708,0.693483306604,0.0464
chr2,59262189,-0.01250860009785302,0.2708,0.693483306604,0.0566
chr2,59262190,-0.012508600097644072,0.2708,0.693483306604,0.0699
chr2,59262191,-0.01250860009761068,0.27,0.692444152431,0.0844
chr2,59262192,-0.012508600097757727,0.2694,0.691511179307,0.1055
chr2,59262193,-0.012508600098084209,0.269,0.691090390522,0.1333
chr2,59262194,-0.012508600098584491,0.2688,0.690677589233,0.1676
chr2,59262195,-0.0077751004266394825,0.5098,0.863263954497,0.2702
chr2,59262196,-0.0077751005129840225,0.508,0.862127536232,0.39
chr2,59262197,-0.007775100541252461,0.509,0.862990830116,0.489
chr2,59262198,-0.007775100555046398,0.51,0.863352929838,0.5628
chr2,59262199,-0.007775100563189198,0.509,0.862990830116,0.6014
chr2,59262200,-0.0077751005685785446,0.5094,0.863252387844,0.6183
chr2,59262201,-0.007775100572436757,0.5094,0.863252387844,0.6042
chr2,59262202,-0.0077751005753734954,0.507,0.861179286336,0.5717
chr2,59262203,-0.007775100577729321,0.508,0.862127536232,0.5267
chr2,59262204,-0.007775100579712525,0.51,0.863352929838,0.4828
chr2,59262205,-0.007775100581462001,0.512,0.865404157044,0.4161
chr2,59262206,-0.007775100583079831,0.509,0.862990830116,0.3578
chr2,59262207,-0.007775100584650398,0.5092,0.86307999614,0.2976
chr2,59262208,-0.0077751005862537964,0.5118,0.865399210628,0.2385
chr2,59262209,-0.007775100587978529,0.5086,0.86264571263,0.1828
chr2,59262210,-0.007775100589937713,0.5076,0.861781751402,0.1529
chr2,59262211,-0.007775100592296259,0.5078,0.861954677232,0.1437
chr2,59262212,-0.007775100595324633,0.5068,0.860922823985,0.1385
chr2,59262213,-0.007775100599522201,0.5062,0.860832833511,0.1304
chr2,59262214,-0.0077751006059487374,0.503,0.85803583568,0.1296
chr2,59262215,-0.007775100617329453,0.5036,0.858475737578,0.1291
chr2,59262216,-0.007775100643173571,0.5066,0.860832833511,0.1355
chr2,59262217,-0.0077751007474864894,0.5058,0.860472348668,0.141
chr2,59262218,-0.012508600136295888,0.2582,0.679850547144,0.1572
chr2,59262219,-0.012508600138172898,0.2554,0.677287760024,0.1964
chr2,59262220,-0.01250860014005344,0.251,0.676967756585,0.2203
chr2,59262221,-0.01250860014193524,0.2514,0.676967756585,0.2483
chr2,59262222,-0.012508600143814752,0.2504,0.676967756585,0.2774
chr2,59262223,-0.012508600145687231,0.2494,0.676967756585,0.3111
chr2,59262224,-0.012508600147546874,0.249,0.676967756585,0.351
chr2,59262225,-0.012508600149386977,0.2476,0.676967756585,0.3908
chr2,59262226,-0.012508600151200144,0.2474,0.676967756585,0.4247
chr2,59262227,-0.012508600152978545,0.2484,0.676967756585,0.4539
chr2,59262228,-0.012508600154714168,0.2484,0.676967756585,0.4825
chr2,59262229,-0.012508600156399138,0.2516,0.676967756585,0.4363
chr2,59262230,-0.012508600158026063,0.2524,0.676967756585,0.4611
chr2,59262231,-0.012508600159588322,0.254,0.676967756585,0.4774
chr2,59262232,-0.012508600161080373,0.2534,0.676967756585,0.4793
chr2,59262233,-0.012508600162498,0.2514,0.676967756585,0.4636
chr2,59262234,-0.012508600163838526,0.2526,0.676967756585,0.432
chr2,59262235,-0.01250860016510095,0.2552,0.677230397341,0.3758
chr2,59262236,-0.01250860016628611,0.2568,0.678503610108,0.3166
chr2,59262237,-0.012508600167396761,0.2556,0.677287760024,0.2743
chr2,59262238,-0.01250860016843763,0.2574,0.679390990991,0.2328
chr2,59262239,-0.012508600169415369,0.2592,0.681156193896,0.1985
chr2,59262240,-0.012508600170338419,0.2598,0.68161120239,0.1676
chr2,59262241,-0.01250860017121662,0.2598,0.68161120239,0.1306
chr2,59262242,-0.012508600172060689,0.2584,0.680071321546,0.1172
chr2,59262243,-0.012508600172881504,0.2618,0.683997768853,0.096
chr2,59262244,-0.012508600173689313,0.2608,0.682806975704,0.0893
chr2,59262245,-0.012508600174493007,0.2622,0.6844320107,0.0852
chr2,59262246,-0.012508600175299566,0.261,0.682821715818,0.088
chr2,59262247,-0.012508600176113792,0.2586,0.680495730337,0.0948
chr2,59262248,-0.012508600176938337,0.2554,0.677287760024,0.1085
chr2,59262249,-0.012508600177773981,0.2538,0.676967756585,0.1195
chr2,59262250,-0.012508600178620115,0.2524,0.676967756585,0.1275
chr2,59262251,-0.012508600179475233,0.2528,0.676967756585,0.1435
chr2,59262252,-0.012508600180337436,0.2536,0.676967756585,0.1645
chr2,59262253,-0.01250860018120483,0.2524,0.676967756585,0.1638
chr2,59262254,-0.012508600182075825,0.2542,0.676967756585,0.1584
chr2,59262255,-0.012508600182949251,0.2548,0.677006499395,0.1475
chr2,59262256,-0.012508600183824433,0.2546,0.676967756585,0.1314
chr2,59262257,-0.012508600184701091,0.2542,0.676967756585,0.114
chr2,59262258,-0.012508600185579269,0.254,0.676967756585,0.0975
chr2,59262259,-0.012508600186459162,0.2546,0.676967756585,0.0901
chr2,59262260,-0.012508600187340983,0.2564,0.678160819154,0.0743
chr2,59262261,-0.012508600188224882,0.2556,0.677287760024,0.0624
chr2,59262262,-0.01250860018911085,0.2556,0.677287760024,0.0549
chr2,59262263,-0.012508600189998718,0.2558,0.677287760024,0.0459
chr2,59262264,-0.012508600190888147,0.255,0.677006499395,0.0396
chr2,59262265,-0.012508600191778659,0.2558,0.677287760024,0.0352
chr2,59262266,-0.012508600192669632,0.2578,0.679408402101,0.0317
chr2,59262267,-0.012508600193560317,0.2578,0.679408402101,0.0306
chr2,59262268,-0.012508600194449828,0.2584,0.680071321546,0.0298
chr2,59262269,-0.012508600195337099,0.2608,0.682806975704,0.0303
chr2,59262270,-0.012508600196220878,0.2606,0.682690380313,0.0312
chr2,59262271,-0.01250860019709969,0.2588,0.680512275449,0.0326
chr2,59262272,-0.01250860019797183,0.2588,0.680512275449,0.0344
chr2,59262273,-0.012508600198835393,0.2596,0.681493648184,0.037
chr2,59262274,-0.012508600199688313,0.259,0.680834331039,0.0424
chr2,59262275,-0.01250860020052844,0.2598,0.68161120239,0.0469
chr2,59262276,-0.012508600201353647,0.2606,0.682690380313,0.0521
chr2,59262277,-0.01250860020216196,0.2606,0.682690380313,0.0568
chr2,59262278,-0.01250860020295165,0.261,0.682821715818,0.0622
chr2,59262279,-0.012508600203721364,0.2634,0.686035142349,0.0633
chr2,59262280,-0.01250860020447017,0.2632,0.685921068249,0.0691
chr2,59262281,-0.012508600205197548,0.264,0.687088457549,0.0758
chr2,59262282,-0.012508600205903367,0.2648,0.687562804428,0.0766
chr2,59262283,-0.012508600206587724,0.2644,0.687562804428,0.0839
chr2,59262284,-0.012508600207250767,0.2652,0.687562804428,0.0991
chr2,59262285,-0.012508600207892495,0.2664,0.688288540445,0.1014
chr2,59262286,-0.012508600208512482,0.265,0.687562804428,0.1261
chr2,59262287,-0.0331760130824331,0.0062,0.0856155660377,0.1522
chr2,59262288,-0.03317608873398389,0.006,0.0844471153846,0.1863
chr2,59262289,-0.03317608934727128,0.0066,0.088630733945,0.2215
chr2,59262290,-0.03317608956312928,0.0064,0.0864073789393,0.2949
chr2,59262291,-0.03317608968053318,0.0064,0.0864073789393,0.3725
chr2,59262292,-0.03317608975941454,0.0068,0.0902811791383,0.4403
chr2,59262293,-0.033176089820011724,0.0068,0.0902811791383,0.4879
chr2,59262294,-0.021132141977420558,0.062,0.405980498375,0.5022
chr2,59262295,-0.02113213783566912,0.063,0.405980498375,0.4887
chr2,59262296,-0.02113213777840449,0.0626,0.405980498375,0.446
chr2,59262297,-0.021132137758089583,0.0622,0.405980498375,0.3684
chr2,59262298,-0.0211321377471355,0.062,0.405980498375,0.284
chr2,59262299,-0.02113213773991699,0.0614,0.405980498375,0.2057
chr2,59262300,-0.02113213773453596,0.062,0.405980498375,0.1653
chr2,59262301,-0.021132137730175183,0.0622,0.405980498375,0.1267
chr2,59262302,-0.021132137726427507,0.062,0.405980498375,0.0974
chr2,59262303,-0.021132137723069617,0.063,0.405980498375,0.0841
chr2,59262304,-0.021132137719970592,0.063,0.405980498375,0.0724
chr2,59262305,-0.02113213771705011,0.0632,0.405980498375,0.0586
chr2,59262306,-0.021132137714257565,0.0646,0.406556431387,0.0486
chr2,59262307,-0.02113213771156102,0.0654,0.407214108472,0.0423
chr2,59262308,-0.021132137708940957,0.0662,0.40797705146,0.0392
chr2,59262309,-0.02113213770638674,0.0658,0.40797705146,0.0361
chr2,59262310,-0.02113213770389432,0.067,0.408063453537,0.0362
chr2,59262311,-0.02113213770146445,0.0656,0.40797705146,0.0387
chr2,59262312,-0.02113213769910115,0.065,0.40683410302,0.0415
chr2,59262313,-0.02113213769681011,0.0654,0.407214108472,0.0453
chr2,59262314,-0.02113213769459718,0.0648,0.40683410302,0.0502
chr2,59262315,-0.021132137692467128,0.0648,0.40683410302,0.0561
chr2,59262316,-0.02113213769042276,0.065,0.40683410302,0.0631
chr2,59262317,-0.021132137688464614,0.065,0.40683410302,0.0734
chr2,59262318,-0.021132137686591047,0.0652,0.40683410302,0.083
chr2,59262319,-0.021132137684798845,0.0652,0.40683410302,0.096
chr2,59262320,-0.02113213768308382,0.0652,0.40683410302,0.1129
chr2,59262321,-0.021132137681441482,0.0654,0.407214108472,0.1314
chr2,59262322,-0.021132137679867706,0.0656,0.40797705146,0.1596
chr2,59262323,-0.02113213767835904,0.0662,0.40797705146,0.1957
chr2,59262324,-0.02113213767691304,0.065,0.40683410302,0.2408
chr2,59262325,-0.021132137675528354,0.0654,0.407214108472,0.2957
chr2,59262326,-0.021132137674204642,0.0654,0.407214108472,0.3625
chr2,59262327,-0.02113213767294242,0.0652,0.40683410302,0.4936
chr2,59262328,-0.021132137671742754,0.0658,0.40797705146,0.5054
chr2,59262329,-0.02113213767060697,0.0644,0.406170915619,0.6277
chr2,59262330,-0.0211321376695362,0.0638,0.405980498375,0.7295
chr2,59262331,-0.021132137668531004,0.064,0.405980498375,0.796
chr2,59262332,-0.021132137667591002,0.065,0.40683410302,0.8396
chr2,59262333,-0.02113213766671457,0.0646,0.406556431387,0.8613
chr2,59262334,-0.02113213766589854,0.066,0.40797705146,0.8618
chr2,59262335,-0.02113213766513808,0.066,0.40797705146,0.8461
chr2,59262336,-0.021132137664426648,0.0662,0.40797705146,0.6937
chr2,59262337,-0.02113213766375601,0.066,0.40797705146,0.498
chr2,59262338,-0.021132137663116363,0.0668,0.40797705146,0.3661
chr2,59262339,-0.021132137662496362,0.0676,0.409587443946,0.3122
chr2,59262340,-0.021132137661883058,0.0676,0.409587443946,0.23
chr2,59262341,-0.02113213766126168,0.0684,0.412159862779,0.184
chr2,59262342,-0.02113213766061504,0.07,0.417646059783,0.1483
chr2,59262343,-0.02113213765992264,0.072,0.423253012048,0.1239
chr2,59262344,-0.021132137659159375,0.071,0.421322635135,0.1082
chr2,59262345,-0.021132137658293706,0.0716,0.422173212487,0.0885
chr2,59262346,-0.021132137657285256,0.0726,0.425498498498,0.078
chr2,59262347,-0.021132137656081705,0.0736,0.429211155378,0.0704
chr2,59262348,-0.021132137654614972,0.0734,0.428614029255,0.0608
chr2,59262349,-0.02113213765279704,0.0738,0.430091904446,0.0517
chr2,59262350,-0.021132137650516303,0.0742,0.431563907285,0.0426
chr2,59262351,-0.021132137647636533,0.0744,0.432011900826,0.0372
chr2,59262352,-0.021132137644002104,0.0752,0.434100686499,0.0343
chr2,59262353,-0.02113213763945379,0.0754,0.434100686499,0.0319
chr2,59262354,-0.021132137633857472,0.0754,0.434100686499,0.0302
chr2,59262355,-0.021132137627140724,0.0756,0.434100686499,0.0293
chr2,59262356,-0.021132137619321915,0.0756,0.434100686499,0.0283
chr2,59262357,-0.021132137610513833,0.076,0.43455078125,0.0273
chr2,59262358,-0.021132137600896436,0.0758,0.434113791979,0.0268
chr2,59262359,-0.012508600218195077,0.2928,0.701163190184,0.026
chr2,59262360,-0.012508600218383731,0.2938,0.702122040816,0.0252
chr2,59262361,-0.01250860021856836,0.2994,0.707039661199,0.0254
chr2,59262362,-0.012508600218747506,0.3056,0.710698873203,0.0258
chr2,59262363,-0.012508600218918475,0.3094,0.710698873203,0.0254
chr2,59262364,-0.012508600219077048,0.3078,0.710698873203,0.0258
chr2,59262365,-0.012508600219217167,0.306,0.710698873203,0.0264
chr2,59262366,-0.012508600219330738,0.3064,0.710698873203,0.027
chr2,59262367,-0.012508600219407764,0.3066,0.710698873203,0.0276
chr2,59262368,-0.012508600219436969,0.3066,0.710698873203,0.0292
chr2,59262369,-0.012508600219406958,0.3072,0.710698873203,0.032
chr2,59262370,-0.012508600219307747,0.3078,0.710698873203,0.0343
chr2,59262371,-0.01250860021913223,0.308,0.710698873203,0.0381
chr2,59262372,-0.012508600218877052,0.3076,0.710698873203,0.0454
chr2,59262373,-0.012508600218542663,0.3086,0.710698873203,0.0533
chr2,59262374,-0.01250860021813262,0.3094,0.710698873203,0.0639
chr2,59262375,-0.012508600217652504,0.3094,0.710698873203,0.0697
chr2,59262376,-0.01250860021710886,0.3098,0.710698873203,0.0843
chr2,59262377,-0.012508600216508351,0.3094,0.710698873203,0.1033
chr2,59262378,-0.012508600215857264,0.3086,0.710698873203,0.1265
chr2,59262379,-0.012508600215161234,0.31,0.710698873203,0.1374
chr2,59262380,-0.012508600214425123,0.3094,0.710698873203,0.1485
chr2,59262381,-0.012508600213653054,0.3088,0.710698873203,0.1774
chr2,59262382,-0.01250860021284842,0.312,0.710698873203,0.2415
chr2,59262383,-0.01250860021201396,0.3126,0.710877654065,0.3277
chr2,59262384,-0.010199848457396379,0.4114,0.782333511263,0.3791
chr2,59262385,-0.010199848457824606,0.4148,0.782333511263,0.492
chr2,59262386,-0.01019984845879344,0.4174,0.7823744531,0.6178
chr2,59262387,-0.010199848460261382,0.421,0.785100859964,0.638
chr2,59262388,-0.01019984846218398,0.4224,0.785735404114,0.7492
chr2,59262389,-0.010199848464511808,0.4278,0.785735404114,0.7285
chr2,59262390,-0.01019984846719047,0.4304,0.785735404114,0.6838
chr2,59262391,-0.01019984847016242,0.433,0.787660004143,0.6253
chr2,59262392,-0.010199848473369903,0.4362,0.790207611386,0.5506
chr2,59262393,-0.010199848476758217,0.4374,0.791646676971,0.4577
chr2,59262394,-0.010199848480278408,0.4392,0.793759440272,0.444
chr2,59262395,-0.01019984848388906,0.4426,0.797688179766,0.3331
chr2,59262396,-0.010199848487557006,0.4454,0.800516832088,0.2419
chr2,59262397,-0.010199848491257118,0.4466,0.802130212592,0.1698
chr2,59262398,-0.010199848494971511,0.449,0.805092384647,0.1214
chr2,59262399,-0.010199848498688355,0.4508,0.807577970423,0.087
chr2,59262400,-0.01019984850240059,0.4522,0.809343081312,0.0626
chr2,59262401,-0.010199848506104666,0.4536,0.810088378708,0.049
chr2,59262402,-0.010199848509799462,0.4534,0.810088378708,0.0395
chr2,59262403,-0.01019984851348536,0.454,0.810088378708,0.0345
chr2,59262404,-0.010199848517163556,0.4556,0.811624137931,0.0316
chr2,59262405,-0.010199848520835594,0.4558,0.811898083359,0.0289
chr2,59262406,-0.010199848524503055,0.4574,0.814087648191,0.0271
chr2,59262407,-0.010199848528167388,0.4588,0.816083240506,0.0263
chr2,59262408,-0.01019984853182994,0.4612,0.817372414489,0.0262
chr2,59262409,-0.010199848535491966,0.4648,0.818573361395,0.026
chr2,59262410,-0.010199848539154722,0.4818,0.833939396926,0.0266
chr2,59262411,-0.010199848542819608,0.4898,0.844623699195,0.0265
chr2,59262412,-0.010199848546488305,0.4936,0.849425296365,0.0276
chr2,59262413,-0.01019984855016291,0.4932,0.848903282705,0.0287
chr2,59262414,-0.010199848553846006,0.493,0.848808566948,0.0303
chr2,59262415,-0.010199848557540745,0.4934,0.849164315109,0.0322
chr2,59262416,-0.01019984856125072,0.4924,0.848024904402,0.0363
chr2,59262417,-0.010199848564979744,0.4932,0.848903282705,0.0416
chr2,59262418,-0.010199848568731405,0.4942,0.850041421857,0.0486
chr2,59262419,-0.010199848572508375,0.4946,0.850101509985,0.0593
chr2,59262420,-0.010199848576311496,0.4948,0.850101509985,0.0755
chr2,59262421,-0.01019984858013864,0.4956,0.850101509985,0.0985
chr2,59262422,-0.010199848583983364,0.4958,0.850101509985,0.1281
chr2,59262423,-0.01019984858783358,0.4968,0.850101509985,0.1686
chr2,59262424,-0.01019984859167033,0.4988,0.85277613393,0.2098
chr2,59262425,-0.010199848595467064,0.5014,0.856887624051,0.3008
chr2,59262426,-0.010199848599189714,0.5016,0.856979282171,0.4345
chr2,59262427,-0.010199848602797894,0.5018,0.857162438029,0.5486
chr2,59262428,-0.010199848606247407,0.502,0.857162438029,0.6204
chr2,59262429,-0.010199848609493817,0.502,0.857162438029,0.6467
chr2,59262430,-0.010199848612496587,0.502,0.857162438029,0.629
chr2,59262431,-0.010199848615222927,0.502,0.857162438029,0.5662
chr2,59310239,-0.020664553919999107,0.1602,0.635625254122,0.3056
chr2,59310240,-0.020664553921305014,0.1602,0.635625254122,0.4078
chr2,59310241,-0.02066455392291847,0.1602,0.635625254122,0.464
chr2,59310242,-0.020664553924888092,0.1602,0.635625254122,0.4951
chr2,59310243,-0.02066455392725661,0.1602,0.635625254122,0.4802
chr2,59310244,-0.020664553930058012,0.1602,0.635625254122,0.4425
chr2,59310245,-0.020664553933318928,0.1602,0.635625254122,0.374
chr2,59310246,-0.020664553937064546,0.1598,0.635625254122,0.2972
chr2,59310247,-0.020664553941328687,0.1574,0.634986449242,0.2377
chr2,59310248,-0.020664553946165534,0.1562,0.632049402574,0.2214
chr2,59310249,-0.02066455395166067,0.1538,0.624912560722,0.2231
chr2,59310250,-0.02066455395794011,0.15,0.616171655753,0.2301
chr2,59310251,-0.020664553965178217,0.1458,0.605002834869,0.2395
chr2,59310252,-0.020664553973607058,0.142,0.597563488261,0.2498
chr2,59310253,-0.02066455398353312,0.1386,0.589748911466,0.2657
chr2,59310254,-0.020664553995367596,0.1334,0.581150074294,0.2839
chr2,59310255,-0.02066455400968453,0.1296,0.573117824773,0.2986
chr2,59310256,-0.02066455402733326,0.127,0.567477741033,0.3164
chr2,59310257,-0.020664554049663462,0.1256,0.562796938776,0.3278
chr2,59310258,-0.020664554079002206,0.1246,0.561755390144,0.3281
chr2,59310259,-0.020664554119753084,0.12,0.552793076318,0.33
chr2,59310260,-0.020664554181280662,0.1212,0.553818418314,0.3262
chr2,59310261,-0.020664554287419448,0.1178,0.54957689243,0.3198
chr2,59310262,-0.020664554525942135,0.1164,0.549199625869,0.3146
chr2,59310263,-0.02066455566206121,0.1156,0.549199625869,0.3104
chr2,59310264,-0.02070089837756292,0.114,0.544577100897,0.2598
chr2,59310265,-0.020700898391953017,0.1118,0.536841716785,0.2601
chr2,59310266,-0.0207008984061816,0.1118,0.536841716785,0.2638
chr2,59310267,-0.02070089842018929,0.1086,0.532243024554,0.2704
chr2,59310268,-0.020700898433920787,0.1084,0.532005029338,0.2758
chr2,59310269,-0.020700898447324326,0.1062,0.524726582278,0.283
chr2,59310270,-0.02070089846035024,0.1048,0.522957954545,0.2505
chr2,59310271,-0.020700898472949352,0.1018,0.511475114416,0.2554
chr2,59310272,-0.020700898485071558,0.1008,0.508195177956,0.2536
chr2,59310273,-0.020700898496665072,0.1004,0.506906007473,0.2461
chr2,59310274,-0.020700898507676008,0.1004,0.506906007473,0.2399
chr2,59310275,-0.020700898518048107,0.0988,0.502873048005,0.2056
chr2,59310276,-0.0207008985277217,0.095,0.491509572901,0.1988
chr2,59310277,-0.020700898536630822,0.0922,0.48531405454,0.1961
chr2,59310278,-0.02070089854469819,0.0924,0.485493867783,0.1944
chr2,59310279,-0.0207008985518282,0.0914,0.483420957543,0.1928
chr2,59310280,-0.0207008985578989,0.091,0.482758985201,0.1871
chr2,59310281,-0.02070089856275321,0.0872,0.470703134604,0.1825
chr2,59310282,-0.020700898566187554,0.0868,0.469409482759,0.1802
chr2,59310283,-0.02070089856793405,0.085,0.461665120594,0.1789
chr2,59310284,-0.0207008985676279,0.0846,0.46091780397,0.1725
chr2,59310285,-0.02070089856474514,0.084,0.459931421446,0.165
chr2,59310286,-0.020700898558478256,0.0832,0.458265286924,0.153
chr2,59310287,-0.02070089854748819,0.0822,0.455327341533,0.1387
chr2,59310288,-0.02070089852937331,0.082,0.454649621212,0.1222
chr2,59310289,-0.020700898499388935,0.0816,0.453290322581,0.1015
chr2,59310290,-0.020700898446096055,0.082,0.454649621212,0.0881
chr2,59310291,-0.02070089833118414,0.0816,0.453290322581,0.0804
chr2,59310292,-0.020700898076774884,0.0812,0.451639645345,0.0704
chr2,59310293,-0.0182874120436027,0.12,0.552793076318,0.0601
chr2,59310294,-0.01828730240688009,0.12,0.552793076318,0.0543
chr2,59310295,-0.01828730195682653,0.1198,0.55259637605,0.0452
chr2,59310296,-0.01828730172255542,0.1194,0.551910789474,0.0381
chr2,59310297,-0.018287301581641834,0.1196,0.551963741461,0.0348
chr2,59310298,-0.018287301483207008,0.1192,0.55142164867,0.0313
chr2,59310299,-0.018287301407144803,0.1192,0.55142164867,0.0301
chr2,59310300,-0.01828730134483885,0.1206,0.553669367486,0.0289
chr2,59310301,-0.018287301292279918,0.1234,0.558495490853,0.0288
chr2,59310302,-0.018287301247502327,0.1246,0.561755390144,0.0286
chr2,59310303,-0.018287301209453783,0.125,0.562115975422,0.0291
chr2,59310304,-0.018287301177431305,0.1252,0.562331120756,0.0302
chr2,59310305,-0.018287301150775627,0.1252,0.562331120756,0.0319
chr2,59310306,-0.018287301128769567,0.1248,0.561935913868,0.0345
chr2,59310307,-0.018287301110652472,0.1244,0.561141756549,0.0383
chr2,59310308,-0.01828730109568254,0.1238,0.559584920226,0.0426
chr2,59310309,-0.01828730108319461,0.1234,0.558495490853,0.048
chr2,59310310,-0.0182873010726302,0.1228,0.557647880041,0.0596
chr2,59310311,-0.018287301063541057,0.1238,0.559584920226,0.0763
chr2,59310312,-0.01828730105557641,0.1244,0.561141756549,0.0902
chr2,59310313,-0.018287301048465772,0.1238,0.559584920226,0.096
chr2,59310314,-0.018287301042001526,0.1254,0.562331120756,0.1105
chr2,59310315,-0.018287301036024023,0.1254,0.562331120756,0.1254
chr2,59310316,-0.01828730103040986,0.1256,0.562796938776,0.1419
chr2,59310317,-0.018287301025062923,0.1248,0.561935913868,0.1572
chr2,59310318,-0.01828730101990765,0.1252,0.562331120756,0.1686
chr2,59310319,-0.01828730101488408,0.1254,0.562331120756,0.1785
chr2,59310320,-0.01828730100994419,0.1278,0.569892612338,0.2131
chr2,59310321,-0.01828730100504918,0.1284,0.571262917933,0.2151
chr2,59310322,-0.018287301000167497,0.129,0.572337711543,0.2126
chr2,59310323,-0.018287300995273436,0.1288,0.57188372093,0.2432
chr2,59310324,-0.01828730099034609,0.1308,0.575526553106,0.2285
chr2,59310325,-0.018287300985368717,0.1292,0.572646479939,0.2101
chr2,59310326,-0.018287300980328266,0.1288,0.57188372093,0.1888
chr2,59310327,-0.018287300975215078,0.1288,0.57188372093,0.1675
chr2,59310328,-0.018287300970022614,0.1286,0.571718299165,0.1761
chr2,59310329,-0.018287300964747115,0.1284,0.571262917933,0.1519
chr2,59310330,-0.01828730095938713,0.1284,0.571262917933,0.1353
chr2,59310331,-0.018287300953943007,0.13,0.573299020839,0.1201
chr2,59310332,-0.01828730094841609,0.132,0.578632393312,0.1107
chr2,59310333,-0.014925224097330584,0.2154,0.676967756585,0.1042
chr2,59310334,-0.014925224201881707,0.2166,0.676967756585,0.1038
chr2,59310335,-0.014925224262829048,0.2196,0.676967756585,0.1049
chr2,59310336,-0.014925224301693655,0.2206,0.676967756585,0.1338
chr2,59310337,-0.014925224327821484,0.2204,0.676967756585,0.1449
chr2,59310338,-0.01492522434594212,0.2206,0.676967756585,0.1619
chr2,59310339,-0.014925224358718623,0.2192,0.676967756585,0.2308
chr2,59310340,-0.014925224367778062,0.2196,0.676967756585,0.261
chr2,59310341,-0.014925224374185064,0.2226,0.676967756585,0.2901
chr2,59310342,-0.01492522437868187,0.2222,0.676967756585,0.2475
chr2,59310343,-0.014925224381819386,0.2218,0.676967756585,0.2173
chr2,59310344,-0.014925224384031743,0.2212,0.676967756585,0.2298
chr2,59310345,-0.014925224385679699,0.2198,0.676967756585,0.2405
chr2,59310346,-0.014925224387075234,0.2184,0.676967756585,0.2473
chr2,59310347,-0.01492522438849451,0.2186,0.676967756585,0.2492
chr2,59310348,-0.014925224390183954,0.2188,0.676967756585,0.2487
chr2,59310349,-0.01492522439236318,0.218,0.676967756585,0.2433
chr2,59310350,-0.01492522439522638,0.2166,0.676967756585,0.2364
chr2,59310351,-0.014925224398943868,0.2164,0.676967756585,0.2278
chr2,59310352,-0.014925224403663827,0.2164,0.676967756585,0.2148
chr2,59310353,-0.014925224409514166,0.2176,0.676967756585,0.2001
chr2,59310354,-0.014925224416603839,0.2186,0.676967756585,0.187
chr2,59310355,-0.01492522442502407,0.2182,0.676967756585,0.1716
chr2,59310356,-0.01492522443484904,0.22,0.676967756585,0.157
chr2,59310357,-0.014925224446136682,0.2206,0.676967756585,0.1469
chr2,59310358,-0.01492522445892995,0.2198,0.676967756585,0.1375
chr2,59310359,-0.014925224473258798,0.2204,0.676967756585,0.1277
chr2,59310360,-0.014925224489142913,0.2218,0.676967756585,0.121
chr2,59310361,-0.014925224506594672,0.221,0.676967756585,0.1152
chr2,59310362,-0.01492522452562146,0.222,0.676967756585,0.1086
chr2,59310363,-0.014925224546226612,0.2206,0.676967756585,0.0909
chr2,59310364,-0.014925224568408292,0.221,0.676967756585,0.0863
chr2,59310365,-0.014925224592156224,0.2218,0.676967756585,0.0813
chr2,59310366,-0.014925224617446832,0.2208,0.676967756585,0.0672
chr2,59310367,-0.014925224644238384,0.2208,0.676967756585,0.0664
chr2,59310368,-0.014925224672464531,0.2204,0.676967756585,0.0608
chr2,59310369,-0.014925224702032851,0.2204,0.676967756585,0.0538
chr2,59310370,-0.014925224732824817,0.2216,0.676967756585,0.0485
chr2,59310371,-0.014925224764700758,0.2218,0.676967756585,0.0442
chr2,59310372,-0.014925224797506579,0.222,0.676967756585,0.0394
chr2,59310373,-0.014925224831082128,0.2216,0.676967756585,0.0372
chr2,59310374,-0.014925224865268788,0.2212,0.676967756585,0.0338
chr2,59310375,-0.014925224899916165,0.221,0.676967756585,0.0317
chr2,59310376,-0.01492522493488358,0.2214,0.676967756585,0.0301
chr2,59310377,-0.014925224970038235,0.2212,0.676967756585,0.0294
chr2,59310378,-0.014925225005249407,0.2194,0.676967756585,0.0295
chr2,59310379,-0.014925225040379452,0.2174,0.676967756585,0.0302
chr2,59310380,-0.014925225075272537,0.2194,0.676967756585,0.0311
chr2,59310381,-0.0149252251097447,0.2194,0.676967756585,0.0339
chr2,59310382,-0.014925225143575256,0.2204,0.676967756585,0.0371
chr2,59310383,-0.014925225176505102,0.2206,0.676967756585,0.0431
chr2,59310384,-0.014925225208244424,0.221,0.676967756585,0.0501
chr2,59310385,-0.014925225238491406,0.2206,0.676967756585,0.0604
chr2,59310386,-0.014925225266960239,0.2204,0.676967756585,0.0741
chr2,59310387,-0.014925225293412604,0.2202,0.676967756585,0.0803
chr2,59310388,-0.014925225317684442,0.2202,0.676967756585,0.0973
chr2,59310389,-0.014925225339700745,0.22,0.676967756585,0.1159
chr2,59310390,-0.014925225359474248,0.2204,0.676967756585,0.1355
chr2,59310391,-0.014925225377093856,0.22,0.676967756585,0.1551
chr2,59310392,-0.01492522539270374,0.22,0.676967756585,0.2052
chr2,59310393,-0.014925225406481613,0.22,0.676967756585,0.2196
chr2,59310394,-0.01492522541861982,0.22,0.676967756585,0.2211
chr2,59310395,-0.014925225429311401,0.2206,0.676967756585,0.2122
chr2,59310396,-0.01492522543874074,0.2218,0.676967756585,0.192
chr2,59310397,-0.014925225447077832,0.2222,0.676967756585,0.1671
chr2,59310398,-0.014925225454474856,0.223,0.676967756585,0.1438
chr2,59310399,-0.014925225461063904,0.2236,0.676967756585,0.1424
chr2,59310400,-0.014925225466955112,0.2238,0.676967756585,0.1168
chr2,59310401,-0.014925225472234849,0.2256,0.676967756585,0.0984
chr2,59310402,-0.014925225476964071,0.227,0.676967756585,0.0828
chr2,59310403,-0.01492522548117716,0.2268,0.676967756585,0.0734
chr2,59310404,-0.014925225484881812,0.227,0.676967756585,0.0609
chr2,59310405,-0.014925225488060453,0.23,0.676967756585,0.0599
chr2,59310406,-0.01492522549067348,0.2284,0.676967756585,0.0615
chr2,59310407,-0.01828730025802778,0.1446,0.602990042674,0.0674
chr2,59310408,-0.018287300243577966,0.145,0.603393745558,0.0768
chr2,59310409,-0.018287300229089098,0.1446,0.602990042674,0.0901
chr2,59310410,-0.01828730021466524,0.1434,0.601581323143,0.0935
chr2,59310411,-0.01828730020039988,0.1428,0.600067464115,0.1134
chr2,59310412,-0.018287300186375494,0.1428,0.600067464115,0.1324
chr2,59310413,-0.018287300172665204,0.1424,0.598816375389,0.1523
chr2,59310414,-0.018287300159335294,0.1416,0.596308798849,0.1653
chr2,59310415,-0.018287300146447437,0.1408,0.593793997599,0.1759
chr2,59310416,-0.018287300134060717,0.1392,0.590591304348,0.1777
chr2,59310417,-0.018287300122232463,0.1378,0.589748911466,0.1736
chr2,59310418,-0.018287300111017302,0.1376,0.589642351793,0.1641
chr2,59310419,-0.018287300100464303,0.1386,0.589748911466,0.1526
chr2,59310420,-0.018287300090612402,0.1388,0.589748911466,0.1396
chr2,59310421,-0.01828730008148599,0.1388,0.589748911466,0.1254
chr2,59310422,-0.018287300073091775,0.139,0.590027791203,0.1145
chr2,59310423,-0.01828730006541954,0.1376,0.589642351793,0.1073
chr2,59310424,-0.018287300058446268,0.1394,0.591011585807,0.1
chr2,59310425,-0.018287300052142255,0.139,0.590027791203,0.0965
chr2,59310426,-0.0182873000464775,0.1382,0.589748911466,0.0957
chr2,59310427,-0.018287300041426854,0.1386,0.589748911466,0.097
chr2,59310428,-0.01828730003697323,0.1384,0.589748911466,0.1011
chr2,59310429,-0.018287300033109258,0.1382,0.589748911466,0.1066
chr2,59310430,-0.01828730002983783,0.137,0.588790129489,0.1136
chr2,59310431,-0.01828730002717237,0.137,0.588790129489,0.1201
chr2,59310432,-0.018287300025137745,0.1358,0.58665199213,0.1253
chr2,59310433,-0.01828730002377228,0.136,0.586938574939,0.1275
chr2,59310434,-0.01828730002313202,0.1354,0.585211860236,0.1271
chr2,59310435,-0.018287300023298723,0.136,0.586938574939,0.1249
chr2,59310436,-0.018287300024393726,0.138,0.589748911466,0.1194
chr2,59310437,-0.018287300026603195,0.1372,0.588790129489,0.1136
chr2,59310438,-0.018287300030224676,0.1368,0.588790129489,0.106
chr2,59310439,-0.018287300035759596,0.137,0.588790129489,0.0977
chr2,59310440,-0.018287300044113157,0.1382,0.589748911466,0.0804
chr2,59310441,-0.018287300057084132,0.1392,0.590591304348,0.0689
chr2,59310442,-0.01828730007880486,0.1388,0.589748911466,0.0577
chr2,59310443,-0.01828730012137762,0.1394,0.591011585807,0.0554
chr2,59310444,-0.018287300244067082,0.1388,0.589748911466,0.0542
chr2,59310445,-0.027118406596362696,0.0294,0.274979233227,0.058
chr2,59310446,-0.027118414180978004,0.0292,0.274979233227,0.0655
chr2,59310447,-0.027118414296242215,0.0298,0.276511885895,0.0677
chr2,59310448,-0.027118414337619336,0.0304,0.27739012987,0.0788
chr2,59310449,-0.02711841435959021,0.0306,0.277721765914,0.0918
chr2,59310450,-0.027118414373599558,0.0302,0.277148902821,0.1115
chr2,59310451,-0.02711841438361205,0.0292,0.274979233227,0.1364
chr2,59310452,-0.027118414391380075,0.0288,0.274979233227,0.1692
chr2,59310453,-0.027118414397804044,0.0282,0.274979233227,0.2039
chr2,59310454,-0.027118414403397042,0.0284,0.274979233227,0.2407
chr2,59310455,-0.0271184144084742,0.0278,0.274979233227,0.276
chr2,59310456,-0.027118414413239846,0.028,0.274979233227,0.3014
chr2,59310457,-0.0271184144178314,0.0284,0.274979233227,0.3208
chr2,59310458,-0.027118414422343144,0.0294,0.274979233227,0.3266
chr2,59310459,-0.027118414426839637,0.0286,0.274979233227,0.2796
chr2,59310460,-0.02711841443136392,0.0284,0.274979233227,0.2756
chr2,59310461,-0.0271184144359427,0.0294,0.274979233227,0.2536
chr2,59310462,-0.027118414440589756,0.0298,0.276511885895,0.2401
chr2,59310463,-0.0271184144453084,0.0294,0.274979233227,0.2216
chr2,59310464,-0.027118414450093192,0.0294,0.274979233227,0.1971
chr2,59310465,-0.027118414454931215,0.0292,0.274979233227,0.1682
chr2,59310466,-0.02711841445980331,0.0304,0.27739012987,0.1683
chr2,59310467,-0.027118414464685086,0.0304,0.27739012987,0.1436
chr2,59310468,-0.027118414469548078,0.0304,0.27739012987,0.1211
chr2,59310469,-0.027118414474361238,0.0296,0.275821750663,0.1161
chr2,59310470,-0.027118414479092776,0.0296,0.275821750663,0.097
chr2,59310471,-0.027118414483712543,0.0292,0.274979233227,0.0804
chr2,59310472,-0.02711841448819489,0.03,0.277148902821,0.0667
chr2,59310473,-0.027118414492521503,0.029,0.274979233227,0.0554
chr2,59310474,-0.027118414496684094,0.029,0.274979233227,0.0449
chr2,59310475,-0.027118414500686066,0.0286,0.274979233227,0.0414
chr2,59310476,-0.02711841450454297,0.0288,0.274979233227,0.0378
chr2,59310477,-0.027118414508281685,0.0288,0.274979233227,0.036
chr2,59310478,-0.027118414511938742,0.0286,0.274979233227,0.036
chr2,59310479,-0.027118414515558433,0.0288,0.274979233227,0.0364
chr2,59310480,-0.02711841451919111,0.0286,0.274979233227,0.0393
chr2,59310481,-0.02711841452289191,0.0282,0.274979233227,0.0435
chr2,59310482,-0.027118414526719422,0.0282,0.274979233227,0.056
chr2,59310483,-0.02711841453073377,0.0288,0.274979233227,0.0712
chr2,59310484,-0.02711841453499422,0.0288,0.274979233227,0.0901
chr2,59310485,-0.027118414539556056,0.029,0.274979233227,0.1227
chr2,59310486,-0.027118414544467333,0.029,0.274979233227,0.1626
chr2,59310487,-0.027118414549766646,0.0284,0.274979233227,0.2087
chr2,59310488,-0.027118414555481914,0.0284,0.274979233227,0.2622
chr2,59310489,-0.027118414561630253,0.0282,0.274979233227,0.311
chr2,59310490,-0.027118414568218802,0.028,0.274979233227,0.4264
chr2,59310491,-0.027118414575245605,0.0276,0.274979233227,0.4586
chr2,59310492,-0.02711841458270048,0.0282,0.274979233227,0.4693
chr2,59310493,-0.027118414590565482,0.028,0.274979233227,0.4559
chr2,59310494,-0.027118414598815192,0.0278,0.274979233227,0.4263
chr2,59310495,-0.0271184146074167,0.0278,0.274979233227,0.3807
chr2,59310496,-0.027118414616329668,0.0282,0.274979233227,0.3231
chr2,59310497,-0.027118414625506345,0.0282,0.274979233227,0.266
chr2,59310498,-0.027118414634891876,0.0278,0.274979233227,0.2121
chr2,59310499,-0.027118414644424584,0.0282,0.274979233227,0.1685
chr2,59310500,-0.0271184146540367,0.0302,0.277148902821,0.133
chr2,59310501,-0.027118414663655117,0.0304,0.27739012987,0.1093
chr2,59310502,-0.02711841467320265,0.0332,0.286001961746,0.0843
chr2,59310503,-0.027118414682599425,0.0332,0.286001961746,0.0777
chr2,59310504,-0.027118414691764625,0.0324,0.282715350224,0.0737
chr2,59310505,-0.02711841470061855,0.0328,0.284369200395,0.0719
chr2,59310506,-0.0271184147090848,0.0328,0.284369200395,0.0722
chr2,59310507,-0.027118414717092695,0.0326,0.283474752475,0.0739
chr2,59310508,-0.027118414724579355,0.0326,0.283474752475,0.0852
chr2,59310509,-0.02711841473149161,0.0332,0.286001961746,0.0875
chr2,59310510,-0.027118414737787196,0.0332,0.286001961746,0.0873
chr2,59310511,-0.027118414743435182,0.0334,0.286320644217,0.0876
chr2,59310512,-0.02711841474841565,0.0338,0.288482507289,0.085
chr2,59310513,-0.027118414752718374,0.0336,0.287054474708,0.0934
chr2,59310514,-0.02711841475634085,0.0342,0.291047965116,0.0886
chr2,59310515,-0.027118414759285774,0.0346,0.293456784162,0.0858
chr2,59310516,-0.027118414761557876,0.0346,0.293456784162,0.0837
chr2,59310517,-0.027118414763160695,0.0354,0.29966313253,0.0736
chr2,59310518,-0.027118414764092883,0.0356,0.3001987518,0.0736
chr2,59310519,-0.027118414764344408,0.0362,0.301587735849,0.0857
chr2,59310520,-0.027118414763892974,0.0368,0.303612963833,0.0883
chr2,59310521,-0.027118414762700226,0.0364,0.301587735849,0.0927
chr2,59310522,-0.02711841476070828,0.0362,0.301587735849,0.0956
chr2,59310523,-0.027118414757835628,0.037,0.30511971831,0.0987
chr2,59310524,-0.027118414753972156,0.0356,0.3001987518,0.0889
chr2,59310525,-0.027118414748971486,0.0356,0.3001987518,0.0885
chr2,59310526,-0.027118414742638965,0.036,0.301587735849,0.0871
chr2,59310527,-0.02711841473471245,0.0362,0.301587735849,0.082
chr2,59310528,-0.02711841472483123,0.0364,0.301587735849,0.0762
chr2,59310529,-0.02711841471248586,0.0364,0.301587735849,0.0682
chr2,59310530,-0.027118414696934805,0.0364,0.301587735849,0.0618
chr2,59310531,-0.027118414677061976,0.0362,0.301587735849,0.0547
chr2,59310532,-0.027118414651120255,0.0362,0.301587735849,0.0484
chr2,59310533,-0.027118414616231722,0.0364,0.301587735849,0.0437
chr2,59310534,-0.027118414567309384,0.0362,0.301587735849,0.0393
chr2,59310535,-0.02711841449425567,0.0362,0.301587735849,0.0358
chr2,59310536,-0.027118414372108737,0.0366,0.302816297692,0.033
chr2,59310537,-0.027118414108953465,0.0368,0.303612963833,0.0313
chr2,59310538,-0.027118413262326686,0.0364,0.301587735849,0.0302
chr2,59310539,-0.02711841198595994,0.0382,0.311940027894,0.0305
chr2,59310540,-0.02215198897612414,0.0882,0.474787925222,0.0308
chr2,59310541,-0.022151988340012044,0.0896,0.479678146906,0.0324
chr2,59310542,-0.022151987380616824,0.0908,0.482758985201,0.0353
chr2,59310543,-0.022151987096474656,0.0902,0.482155508217,0.0406
chr2,59310544,-0.022151986971290796,0.0906,0.482758985201,0.05
chr2,59310545,-0.022151986898497206,0.091,0.482758985201,0.0669
chr2,59310546,-0.02215198685086812,0.091,0.482758985201,0.0876
chr2,59310547,-0.022151986817730653,0.0906,0.482758985201,0.1077
chr2,59310548,-0.022151986793788655,0.0908,0.482758985201,0.1356
chr2,59310549,-0.022151986776083224,0.0906,0.482758985201,0.1702
chr2,59310550,-0.022151986762839,0.091,0.482758985201,0.2157
chr2,59310551,-0.022151986752938498,0.091,0.482758985201,0.2629
chr2,59310552,-0.022151986745651667,0.0908,0.482758985201,0.3132
chr2,59310553,-0.022151986740485907,0.0906,0.482758985201,0.3627
chr2,59310554,-0.02215198673709832,0.0912,0.482944829665,0.3941
chr2,59310555,-0.022151986735241908,0.0912,0.482944829665,0.4212
chr2,59310556,-0.022151986734731677,0.0912,0.482944829665,0.3344
chr2,59310557,-0.02215198673542287,0.0918,0.484369780715,0.2652
chr2,59310558,-0.022151986737196892,0.0918,0.484369780715,0.2622
chr2,59310559,-0.022151986739952383,0.093,0.487479856759,0.2565
chr2,59310560,-0.022151986743600027,0.095,0.491509572901,0.243
chr2,59310561,-0.022151986748059696,0.0948,0.490908608491,0.2342
chr2,59310562,-0.02215198675325935,0.0948,0.490908608491,0.2757
chr2,59310563,-0.02215198675913498,0.0952,0.492109476162,0.2608
chr2,59310564,-0.02215198676563091,0.0946,0.490596102746,0.2538
chr2,59310565,-0.022151986772700402,0.0954,0.492853235294,0.1996
chr2,59310566,-0.02215198678030598,0.0964,0.49568676815,0.1972
chr2,59310567,-0.02215198678841972,0.0976,0.500100350058,0.2006
chr2,59310568,-0.022151986797023106,0.0984,0.502873048005,0.2039
chr2,59310569,-0.02215198680610654,0.0992,0.503016166282,0.1657
chr2,59310570,-0.022151986815668382,0.0994,0.503884848485,0.1669
chr2,59310571,-0.022151986825713007,0.0986,0.502873048005,0.1412
chr2,59310572,-0.02215198683624801,0.1,0.505613126079,0.136
chr2,59310573,-0.022151986847280543,0.1012,0.509480653482,0.1322
chr2,59310574,-0.022151986858813377,0.1028,0.515320205479,0.1272
chr2,59310575,-0.022151986870841512,0.1036,0.518442735043,0.1164
chr2,59310576,-0.02215198688335004,0.1048,0.522957954545,0.1026
chr2,59310577,-0.0221519868963138,0.106,0.524328358209,0.1018
chr2,59310578,-0.022151986909698374,0.106,0.524328358209,0.0882
chr2,59310579,-0.022151986923462257,0.1066,0.526258853288,0.0733
chr2,59310580,-0.022151986937559546,0.1052,0.524328358209,0.0627
chr2,59310581,-0.030431577040150225,0.0292,0.274979233227,0.0542
chr2,59310582,-0.030431584011336055,0.029,0.274979233227,0.0468
chr2,59310583,-0.03043158680834944,0.029,0.274979233227,0.0405
chr2,59310584,-0.030431588485360223,0.0294,0.274979233227,0.0356
chr2,59310585,-0.03043158969437545,0.029,0.274979233227,0.0324
chr2,59310586,-0.030431590663066308,0.029,0.274979233227,0.0304
chr2,59310587,-0.03043159149247702,0.029,0.274979233227,0.029
chr2,59310588,-0.030431592233519374,0.0294,0.274979233227,0.028
chr2,59310589,-0.030431592912712302,0.0294,0.274979233227,0.0272
chr2,59310590,-0.030431593542286355,0.0294,0.274979233227,0.0263
chr2,59310591,-0.030431594124681164,0.0312,0.279119939271,0.027
chr2,59310592,-0.03043159465475077,0.0322,0.281389552239,0.0272
chr2,59310593,-0.03043159512384345,0.0324,0.282715350224,0.0273
chr2,59310594,-0.03043159552365486,0.033,0.285398818316,0.0288
chr2,59310595,-0.030431595850446816,0.0328,0.284369200395,0.0306
chr2,59310596,-0.0304315961073802,0.0334,0.286320644217,0.033
chr2,59310597,-0.030431596303186006,0.0332,0.286001961746,0.0373
chr2,59310598,-0.030431596449340972,0.0328,0.284369200395,0.044
chr2,59310599,-0.030431596557253644,0.0326,0.283474752475,0.0535
chr2,59310600,-0.03043159663668839,0.0328,0.284369200395,0.0649
chr2,59310601,-0.030431596695295774,0.033,0.285398818316,0.078
chr2,59310602,-0.030431596738764756,0.033,0.285398818316,0.0993
chr2,59310603,-0.03043159677120284,0.033,0.285398818316,0.1244
chr2,59310604,-0.03043159679553216,0.0332,0.286001961746,0.1497
chr2,59310605,-0.030431596813818504,0.0334,0.286320644217,0.2226
chr2,59310606,-0.030431596827519794,0.0336,0.287054474708,0.2605
chr2,59310607,-0.030431596837664575,0.0334,0.286320644217,0.2956
chr2,59310608,-0.030431596844976736,0.0336,0.287054474708,0.3286
chr2,59310609,-0.030431596849961464,0.034,0.289767103348,0.352
chr2,59310610,-0.030431596852963934,0.0352,0.298257597685,0.4738
chr2,59310611,-0.030431596854209347,0.0356,0.3001987518,0.4901
chr2,59310612,-0.03043159685383125,0.0386,0.314329624478,0.5006
chr2,59310613,-0.030431596851893606,0.0404,0.32492032967,0.5126
chr2,59310614,-0.03043159684841265,0.0442,0.344442324756,0.5113
chr2,59310615,-0.030431596843385495,0.046,0.350234070221,0.5061
chr2,59310616,-0.030431596836831762,0.0486,0.357006247397,0.5104
chr2,59310617,-0.030431596828850063,0.0484,0.356305951383,0.5136
chr2,59310618,-0.030431596819676433,0.0486,0.357006247397,0.5058
chr2,59310619,-0.030431596809711522,0.0488,0.357006247397,0.4906
chr2,59310620,-0.030431596799480442,0.0488,0.357006247397,0.6019
chr2,59310621,-0.030431596789526307,0.0488,0.357006247397,0.5568
chr2,59310622,-0.030431596780293283,0.0488,0.357006247397,0.5003
chr2,59311450,0.00650123831728666,0.6342,0.897402573175,0.0814
chr2,59311451,0.006501238313904996,0.6342,0.897402573175,0.0677
chr2,59311452,0.006501238310135599,0.6342,0.897402573175,0.0653
chr2,59311453,0.006501238305998793,0.6342,0.897402573175,0.0613
chr2,59311454,0.006501238301522917,0.6342,0.897402573175,0.0509
chr2,59311455,0.006501238296741926,0.6342,0.897402573175,0.0442
chr2,59311456,0.006501238291692653,0.6342,0.897402573175,0.0418
chr2,59311457,0.006501238286412109,0.6342,0.897402573175,0.0403
chr2,59311458,0.006501238280935008,0.6342,0.897402573175,0.0386
chr2,59311459,0.006501238275291796,0.6342,0.897402573175,0.038
chr2,59311460,0.006501238269507267,0.6332,0.897402573175,0.0382
chr2,59311461,0.006501238263599848,0.6324,0.897402573175,0.0391
chr2,59311462,0.004336238513875843,0.7242,0.897402573175,0.0418
chr2,59311463,0.004336238533396299,0.7238,0.897402573175,0.0451
chr2,59311464,0.00433623855337787,0.7232,0.897402573175,0.0486
chr2,59311465,0.004336238573851005,0.7232,0.897402573175,0.0578
chr2,59311466,0.004336238594848211,0.7248,0.897402573175,0.0658
chr2,59311467,0.004336238616398399,0.7236,0.897402573175,0.0745
chr2,59311468,0.004336238638521992,0.7222,0.897402573175,0.0872
chr2,59311469,0.004336238661227128,0.7222,0.897402573175,0.0953
chr2,59311470,0.004336238684507273,0.7236,0.897402573175,0.1054
chr2,59311471,0.004336238708340352,0.7228,0.897402573175,0.1142
chr2,59311472,0.0043362387326894535,0.7226,0.897402573175,0.1203
chr2,59311473,0.00433623875750486,0.7204,0.897402573175,0.1306
chr2,59311474,0.0043362387827270985,0.7216,0.897402573175,0.1386
chr2,59311475,0.004336238808290654,0.7214,0.897402573175,0.143
chr2,59311476,0.004336238834127749,0.7188,0.897402573175,0.1469
chr2,59311477,0.00433623886017213,0.7182,0.897402573175,0.1505
chr2,59311478,0.0043362388863621695,0.7196,0.897402573175,0.1514
chr2,59311479,0.004336238912643376,0.7172,0.897402573175,0.1545
chr2,59311480,0.004336238938970139,0.7172,0.897402573175,0.1525
chr2,59311481,0.004336238965306667,0.7158,0.897402573175,0.1478
chr2,59311482,0.0043362389916270115,0.713,0.897402573175,0.1415
chr2,59311483,0.004336239017914347,0.7108,0.897402573175,0.1365
chr2,59311484,0.004336239044159274,0.7106,0.897402573175,0.1309
chr2,59311485,0.004336239070357359,0.7098,0.897402573175,0.1234
chr2,59311486,0.0043362390965062565,0.7118,0.897402573175,0.1211
chr2,59311487,0.004336239122602764,0.71,0.897402573175,0.1183
chr2,59311488,0.004336239148640064,0.712,0.897402573175,0.1223
chr2,59311489,0.004336239174605224,0.7124,0.897402573175,0.1303
chr2,59311490,0.004336239200476882,0.71,0.897402573175,0.1432
chr2,59311491,0.004336239226223007,0.71,0.897402573175,0.16
chr2,59311492,0.00433623925179878,0.71,0.897402573175,0.1853
chr2,59311493,0.004336239277144819,0.7112,0.897402573175,0.2098
chr2,59311494,0.004336239302186097,0.7152,0.897402573175,0.2463
chr2,59311495,0.004336239326831793,0.7128,0.897402573175,0.2822
chr2,59311496,0.00433623935097611,0.7102,0.897402573175,0.3282
chr2,59311497,0.004336239374500167,0.71,0.897402573175,0.3704
chr2,59311498,0.004336239397274514,0.7122,0.897402573175,0.4418
chr2,59311499,0.0043362394191624526,0.7128,0.897402573175,0.5166
chr2,59311500,0.004336239440024142,0.7136,0.897402573175,0.5724
chr2,59311501,0.004336239459721526,0.715,0.897402573175,0.6153
chr2,59311502,0.004336239478124129,0.7164,0.897402573175,0.6207
chr2,59311503,0.004336239495115589,0.7172,0.897402573175,0.6169
chr2,59311504,0.004336239510600669,0.7168,0.897402573175,0.5892
chr2,59311505,0.004336239524512138,0.7168,0.897402573175,0.5349
chr2,59311506,0.0043362395368167495,0.7168,0.897402573175,0.4604
chr2,59311592,-0.02926909730371135,0.056,0.38863690241,0.1835
chr2,59311593,-0.02926909730443109,0.056,0.38863690241,0.2037
chr2,59311594,-0.02926909730527182,0.056,0.38863690241,0.1891
chr2,59311595,-0.029269097306247185,0.056,0.38863690241,0.1572
chr2,59311596,-0.02926909730737349,0.056,0.38863690241,0.1265
chr2,59311597,-0.029269097308671565,0.056,0.38863690241,0.1256
chr2,59311598,-0.029269097310169613,0.056,0.38863690241,0.1272
chr2,59311599,-0.029269097311908,0.0554,0.386304485907,0.1315
chr2,59311600,-0.029269097313947105,0.0528,0.372163723917,0.1372
chr2,59311601,-0.02926909731638069,0.0502,0.358586010573,0.1571
chr2,59311602,-0.02926909731935994,0.047,0.352794893617,0.1744
chr2,59311603,-0.029269097323141133,0.0452,0.348384010485,0.1906
chr2,59311604,-0.02926909732819212,0.0436,0.342501788909,0.2228
chr2,59311605,-0.029269097335478188,0.0428,0.338640540541,0.2724
chr2,59311606,-0.02926909734746614,0.0414,0.330691678035,0.3026
chr2,59311607,-0.029269097373055483,0.0394,0.319069156293,0.3288
chr2,59311608,-0.029269097457052567,0.0382,0.311940027894,0.3361
chr2,59311609,-0.03314587603519202,0.0178,0.208716288385,0.3335
chr2,59311610,-0.033145876229725216,0.018,0.210219414894,0.3273
chr2,59311611,-0.0331458762681479,0.0172,0.202899932841,0.3053
chr2,59311612,-0.03314587628161656,0.0164,0.194770791075,0.2759
chr2,59311613,-0.033145876288697994,0.0156,0.187040273038,0.2424
chr2,59311614,-0.03314587629327755,0.0154,0.185528806584,0.2263
chr2,59311615,-0.033145876296625805,0.0138,0.168448227936,0.2129
chr2,59311616,-0.03314587629930742,0.0128,0.159229461756,0.2022
chr2,59311617,-0.033145876301618075,0.0132,0.162025157233,0.1889
chr2,59311618,-0.03314587630372846,0.0128,0.159229461756,0.1754
chr2,59311619,-0.0331458763057434,0.013,0.159793561931,0.1602
chr2,59311620,-0.033145876307729735,0.0128,0.159229461756,0.1494
chr2,59311621,-0.033145876309730364,0.0134,0.164135983264,0.1393
chr2,59311622,-0.0331458763117718,0.013,0.159793561931,0.1326
chr2,59311623,-0.03314587631386848,0.0124,0.155022064057,0.1316
chr2,59311624,-0.03314587631602526,0.0122,0.152739130435,0.1293
chr2,59311625,-0.03314587631823916,0.0124,0.155022064057,0.1331
chr2,59311626,-0.03314587632050074,0.0126,0.157186789773,0.1434
chr2,59311627,-0.03314587632279535,0.0126,0.157186789773,0.1587
chr2,59311628,-0.03314587632510448,0.013,0.159793561931,0.1804
chr2,59311629,-0.03314587632740717,0.0142,0.172491701245,0.2061
chr2,59311630,-0.03314587632968133,0.0156,0.187040273038,0.227
chr2,59311631,-0.033145876331904994,0.017,0.200675403226,0.2971
chr2,59311632,-0.03314587633405756,0.0182,0.212132050431,0.384
chr2,59311633,-0.033145876336120594,0.0186,0.214708712614,0.4659
chr2,59311634,-0.03314587633807863,0.0182,0.212132050431,0.5261
chr2,59311635,-0.033145876339919604,0.0186,0.214708712614,0.5628
chr2,59311636,-0.03314587634163522,0.0192,0.218142302717,0.5784
chr2,59311637,-0.03314587634322098,0.019,0.216570408825,0.5632
chr2,59311638,-0.03314587634467617,0.0206,0.231948076923,0.5353
chr2,59311639,-0.01978640192442904,0.1668,0.641439490446,0.4776
chr2,59311640,-0.019786400688325424,0.1704,0.641439490446,0.407
chr2,59311641,-0.019786400364517537,0.1732,0.641735818145,0.3376
chr2,59311642,-0.01978640027672844,0.1748,0.641735818145,0.2596
chr2,59311643,-0.019786400228803215,0.1774,0.641735818145,0.1906
chr2,59311644,-0.01978640019447207,0.179,0.642053297938,0.1628
chr2,59311645,-0.019786400168151155,0.1802,0.643205242837,0.15
chr2,59311646,-0.01978640014740973,0.1816,0.646101681183,0.1193
chr2,59311647,-0.019786400130755485,0.1824,0.648553846154,0.0995
chr2,59311648,-0.019786400117180344,0.1848,0.650633794348,0.0834
chr2,59311649,-0.019786400105975942,0.1862,0.653467132867,0.0744
chr2,59311650,-0.019786400096628888,0.1894,0.659035459588,0.0665
chr2,59311651,-0.019786400088757712,0.193,0.663322517592,0.0614
chr2,59311652,-0.019786400082074065,0.1952,0.667059922179,0.0582
chr2,59311653,-0.019786400076358113,0.1952,0.667059922179,0.0574
chr2,59311654,-0.01978640007144217,0.1952,0.667059922179,0.0569
chr2,59311655,-0.019786400067198805,0.1952,0.667059922179,0.0569
chr2,59311656,-0.01978640006353146,0.1952,0.667059922179,0.0626
chr2,59311657,-0.0197864000603667,0.1952,0.667059922179,0.0625
chr2,59311658,-0.019786400057647546,0.1952,0.667059922179,0.0613
chr2,59311737,0.001691224192945153,0.8356,0.916415709291,0.2904
chr2,59311738,0.001691224188699647,0.8356,0.916415709291,0.2916
chr2,59311739,0.0016912241839598036,0.8356,0.916415709291,0.1711
chr2,59311740,0.001691224178743598,0.8356,0.916415709291,0.1628
chr2,59311741,0.001691224173075258,0.8356,0.916415709291,0.1543
chr2,59311742,0.0016912241669812052,0.8356,0.916415709291,0.1475
chr2,59311743,0.0016912241604855984,0.8356,0.916415709291,0.1444
chr2,59311744,0.0016912241536060054,0.8356,0.916415709291,0.1474
chr2,59311745,0.0016912241463497,0.8356,0.916415709291,0.1566
chr2,59311746,0.0016912241387110462,0.834,0.915804576144,0.1784
chr2,59311747,0.001691224130670321,0.8348,0.916224818795,0.2166
chr2,59311748,0.00169122412219416,0.8336,0.915766089186,0.2787
chr2,59311749,0.001691224113237651,0.834,0.915804576144,0.3585
chr2,59311750,0.001691224103747889,0.8354,0.916415709291,0.4391
chr2,59311751,0.0016912240936686428,0.8338,0.915804576144,0.5145
chr2,59311752,0.0016912240829456283,0.833,0.915670274667,0.59
chr2,59311753,0.0016912240715318298,0.8326,0.915526417929,0.6354
chr2,59311754,0.001691224059392271,0.8338,0.915804576144,0.4603
chr2,59311755,0.0016912240465077437,0.8342,0.915852428277,0.3293
chr2,59311756,0.0016912240328771136,0.8344,0.915957502656,0.2347
chr2,59311757,0.0016912240185180095,0.8336,0.915766089186,0.1734
chr2,59311758,0.0016912240034658986,0.8336,0.915766089186,0.151
chr2,59311759,0.0016912239877717393,0.8328,0.915631697546,0.128
chr2,59311760,0.0016912239714985304,0.833,0.915670274667,0.1063
chr2,59311761,0.0016912239547171772,0.8332,0.915670274667,0.0861
chr2,59311762,0.0016912239375021362,0.8326,0.915526417929,0.0635
chr2,59311763,0.0016912239199272866,0.8316,0.915105035701,0.0498
chr2,59311764,0.001691223902062343,0.831,0.914797881675,0.0411
chr2,59311765,0.0016912238839701635,0.8314,0.915066169559,0.0362
chr2,59311766,0.0016912238657051,0.8318,0.915105035701,0.0334
chr2,59311767,0.0016912238473122839,0.832,0.915267739713,0.0307
chr2,59311768,0.0016912238288277872,0.8326,0.915526417929,0.0293
chr2,59311769,0.0016912238102794112,0.8332,0.915670274667,0.0279
chr2,59311770,0.0016912237916878597,0.8336,0.915766089186,0.027
chr2,59311771,0.0016912237730680767,0.8352,0.916415709291,0.0267
chr2,59311772,0.0016912237544305742,0.833,0.915670274667,0.0262
chr2,59311773,0.0016912237357826362,0.8296,0.914058712834,0.0259
chr2,59311774,0.001691223717129351,0.8224,0.911327739575,0.0262
chr2,59311775,0.0016912236984744527,0.8232,0.911926589304,0.0262
chr2,59311776,0.0016912236798209915,0.8232,0.911926589304,0.0269
chr2,59311777,0.001691223661171853,0.8246,0.912668428005,0.0276
chr2,59311778,0.0016912236425301467,0.825,0.912668428005,0.0289
chr2,59311779,0.0016912236238994713,0.825,0.912668428005,0.0307
chr2,59311780,0.0016912236052840537,0.8252,0.912668428005,0.0329
chr2,59311781,0.001691223586688768,0.8248,0.912668428005,0.0345
chr2,59311782,0.0016912235681188516,0.8244,0.912668428005,0.0372
chr2,59311783,0.0016912235495796515,0.8242,0.912668428005,0.0417
chr2,59311784,0.00169122353107617,0.8236,0.912254634885,0.0454
chr2,59311785,0.0016912235126125736,0.8232,0.911926589304,0.0472
chr2,59311786,0.001691223494191682,0.8234,0.912090622438,0.049
chr2,59311787,0.0016912234758145385,0.8228,0.911655964171,0.0522
chr2,59311788,0.001691223457480055,0.8216,0.910613579001,0.0549
chr2,59311789,0.0016912234391846834,0.8198,0.908905320962,0.0579
chr2,59311790,0.0016912234209220495,0.8202,0.90923401704,0.0593
chr2,59311791,0.0016912234026823787,0.82,0.909069679374,0.0607
chr2,59311792,0.0016912233844516985,0.8186,0.907804091167,0.0584
chr2,59311793,0.0016912233662107457,0.8192,0.908354775582,0.0578
chr2,59311794,0.001691223347933642,0.8174,0.907038716605,0.0566
chr2,59311795,0.0016912233295864553,0.8176,0.907038716605,0.061
chr2,59311796,0.0016912233111258381,0.815,0.906616529449,0.0665
chr2,59311797,0.0016912232924980002,0.8088,0.90250796876,0.0716
chr2,59311798,0.001691223273638272,0.804,0.901286616887,0.0821
chr2,59311799,0.0016912232544715308,0.8026,0.901286616887,0.102
chr2,59311800,0.0016912232349136807,0.8056,0.901548571792,0.1325
chr2,59311801,0.0016912232148742889,0.804,0.901286616887,0.1683
chr2,59311802,0.0016912231942603423,0.803,0.901286616887,0.236
chr2,59311803,0.0016912231729809056,0.8028,0.901286616887,0.3361
chr2,59311804,0.0016912231509523313,0.8,0.899846311475,0.4442
chr2,59311805,0.0016912231281035145,0.8,0.899846311475,0.5443
chr2,59311806,0.0016912231043806419,0.8006,0.900117711067,0.7349
chr2,59311807,0.0016912230797509066,0.7988,0.89884189622,0.8796
chr2,59311808,0.0016912230542047862,0.7994,0.899401806303,0.9001
chr2,59311809,0.001691223027756694,0.795,0.897844467305,0.9092
chr2,59311810,0.001691223000444063,0.7926,0.897402573175,0.9102
chr2,59311811,0.00169122297232516,0.794,0.897402573175,0.902
chr2,59311812,0.0016912229434760918,0.7932,0.897402573175,0.8794
chr2,59311813,0.001691222913987518,0.7928,0.897402573175,0.8352
chr2,59311814,0.0016912228839616142,0.7926,0.897402573175,0.7638
chr2,59311815,0.0016912228535095714,0.792,0.897402573175,0.6578
chr2,59311816,0.0016912228227499565,0.7904,0.897402573175,0.522
chr2,59311817,0.0016912227918077316,0.7938,0.897402573175,0.3785
chr2,59311818,0.0016912227608137304,0.794,0.897402573175,0.2469
chr2,59311819,0.00169122272990344,0.793,0.897402573175,0.1525
chr2,59311820,0.0016912226992132375,0.7932,0.897402573175,0.1191
chr2,59311821,0.0016912226688728233,0.7906,0.897402573175,0.0934
chr2,59311822,0.001691222638997785,0.7882,0.897402573175,0.0748
chr2,59311823,0.0016912226097045484,0.7894,0.897402573175,0.0629
chr2,59311824,0.0016912225811717395,0.7892,0.897402573175,0.057
chr2,59311825,0.0016912225536179595,0.7868,0.897402573175,0.0526
chr2,59311826,-0.0041661589995608105,0.7504,0.897402573175,0.0498
chr2,59311827,-0.004166159057850847,0.7474,0.897402573175,0.051
chr2,59311828,-0.004166159132618604,0.7456,0.897402573175,0.0551
chr2,59311829,-0.004166159234631655,0.7456,0.897402573175,0.0613
chr2,59311830,-0.004166159388412309,0.7444,0.897402573175,0.0779
chr2,59311831,-0.004166159661321641,0.744,0.897402573175,0.0992
chr2,59311832,-0.004166160361482069,0.7424,0.897402573175,0.1299
chr2,59311833,-0.009463381753820686,0.3856,0.77744077135,0.1715
chr2,59311834,-0.02386697857792791,0.0258,0.269267379679,0.2444
chr2,59311835,-0.02386697859287893,0.0262,0.272632109005,0.3697
chr2,59311836,-0.023866978602494916,0.0258,0.269267379679,0.5047
chr2,59311837,-0.023866978607857844,0.0254,0.267637072585,0.6203
chr2,59311838,-0.02386697860970074,0.025,0.267107664234,0.7262
chr2,59311839,-0.02386697860854761,0.0236,0.259733082707,0.795
chr2,59311840,-0.023866978604799312,0.0236,0.259733082707,0.8454
chr2,59311841,-0.023866978598787385,0.0234,0.258016949153,0.8737
chr2,59311842,-0.02386697859080697,0.0226,0.250928571429,0.8844
chr2,59311843,-0.02386697858113433,0.0228,0.252829545455,0.8796
chr2,59311844,-0.023866978570032366,0.0238,0.261279375,0.8655
chr2,59311845,-0.023866978557747137,0.0252,0.26761668682,0.8329
chr2,59311846,-0.023866978544499574,0.0248,0.266266503667,0.7732
chr2,59311847,-0.02386697853047609,0.0258,0.269267379679,0.6972
chr2,59311848,-0.023866978515821147,0.0272,0.274979233227,0.5971
chr2,59311849,-0.023866978500633646,0.028,0.274979233227,0.4777
chr2,59311850,-0.023866978484967483,0.0284,0.274979233227,0.3518
chr2,59311851,-0.023866978468835714,0.0284,0.274979233227,0.2485
chr2,59311852,-0.023866978452217497,0.0286,0.274979233227,0.1889
chr2,59311853,-0.023866978435066397,0.0294,0.274979233227,0.1581
chr2,59311854,-0.0238669784173186,0.03,0.277148902821,0.1361
chr2,59311855,-0.023866978398900285,0.032,0.280759240759,0.1112
chr2,59311856,-0.023866978379733676,0.0332,0.286001961746,0.0949
chr2,59311857,-0.023866978359743062,0.0342,0.291047965116,0.0901
chr2,59311858,-0.023866978338863233,0.0356,0.3001987518,0.0914
chr2,59311859,-0.023866978317053235,0.0372,0.305764155358,0.0904
chr2,59311860,-0.02386697829431796,0.0378,0.309537062937,0.097
chr2,59311861,-0.023866978270736604,0.039,0.316999074503,0.0953
chr2,59311862,-0.02386697824648969,0.04,0.32258953168,0.0934
chr2,59311863,-0.023866978221868784,0.0406,0.32593190128,0.0834
chr2,59311864,-0.02386697819725196,0.042,0.334875170222,0.0794
chr2,59311865,-0.023866978173042657,0.0414,0.330691678035,0.0877
chr2,59311866,-0.023866978149595815,0.0422,0.335859990938,0.0921
chr2,59311867,-0.023866978127164536,0.0434,0.341541666667,0.0942
chr2,59311868,-0.023866978105885776,0.0428,0.338640540541,0.0829
chr2,59311869,-0.02386697808579893,0.044,0.343951935915,0.0765
chr2,59311870,-0.023866978066877115,0.0454,0.348384010485,0.07
chr2,59311871,-0.023866978049055007,0.0464,0.351752900731,0.0603
chr2,59311872,-0.023866978032248062,0.046,0.350234070221,0.0541
chr2,59311873,-0.023866978016362575,0.0466,0.351752900731,0.0485
chr2,59311874,-0.02386697800129984,0.0466,0.351752900731,0.0432
chr2,59311875,-0.023866977986958093,0.0472,0.352794893617,0.0393
chr2,59311876,-0.02386697797323402,0.0474,0.35308778626,0.0354
chr2,59311877,-0.023866977960025345,0.0478,0.353816687737,0.0324
chr2,59311878,-0.02386697794723422,0.0482,0.356027333894,0.03
chr2,59311879,-0.023866977934770852,0.0484,0.356305951383,0.0289
chr2,59311880,-0.02386697792255649,0.0484,0.356305951383,0.0277
chr2,59311881,-0.023866977910525188,0.0484,0.356305951383,0.0269
chr2,59311882,-0.023866977898624023,0.0484,0.356305951383,0.0262
chr2,59311883,-0.02386697788681232,0.0484,0.356305951383,0.0256
chr2,59311884,-0.02386697787506026,0.0484,0.356305951383,0.0255
chr2,59311885,-0.023866977863346444,0.0484,0.356305951383,0.0256
chr2,59311886,-0.02386697785165604,0.049,0.357427325581,0.0255
chr2,59311887,-0.02386697783997868,0.0512,0.364100404858,0.0253
chr2,59311888,-0.02386697782830704,0.0584,0.401014855356,0.0253
chr2,59311889,-0.02386697781663551,0.0602,0.405397783722,0.0255
chr2,59311890,-0.02386697780495917,0.061,0.405980498375,0.0264
chr2,59311891,-0.02386697779327321,0.0614,0.405980498375,0.0268
chr2,59311892,-0.023866977781572443,0.0616,0.405980498375,0.0282
chr2,59311893,-0.023866977769851316,0.0624,0.405980498375,0.03
chr2,59311894,-0.023866977758104303,0.0628,0.405980498375,0.033
chr2,59311895,-0.02386697774632684,0.063,0.405980498375,0.0377
chr2,59311896,-0.023866977734517198,0.0632,0.405980498375,0.0501
chr2,59311897,-0.023866977722678585,0.0634,0.405980498375,0.0738
chr2,59311898,-0.023866977710821975,0.0634,0.405980498375,0.1048
chr2,59311899,-0.023866977698969057,0.0634,0.405980498375,0.1495
chr2,59311900,-0.023866977687154903,0.0636,0.405980498375,0.2692
chr2,59311901,-0.023866977675429793,0.0644,0.406170915619,0.3887
chr2,59311902,-0.023866977663859673,0.0644,0.406170915619,0.521
chr2,59311903,-0.023866977652525018,0.0652,0.40683410302,0.6431
chr2,59311904,-0.02386697764151793,0.066,0.40797705146,0.7455
chr2,59311905,-0.023866977630937803,0.0674,0.409081202488,0.8155
chr2,59311906,-0.023866977620885625,0.0684,0.412159862779,0.8609
chr2,59311907,-0.023866977611457594,0.0692,0.414562755798,0.885
chr2,59311908,-0.023866977602738496,0.0692,0.414562755798,0.8935
chr2,59311909,-0.02386697759479557,0.0698,0.417303267529,0.8901
chr2,59311910,-0.023866977587673685,0.07,0.417646059783,0.8728
chr2,59311911,-0.02386697758139231,0.0702,0.417845814978,0.938
chr2,59311912,-0.023866977575944973,0.0702,0.417845814978,0.9088
chr2,59311913,-0.023866977571300952,0.0702,0.417845814978,0.8568
chr2,59311914,-0.023866977567408975,0.0702,0.417845814978,0.7718
chr2,59311986,0.009281624149292737,0.8144,0.906063845959,0.3502
chr2,59324103,-0.009761443102359813,0.6566,0.897402573175,0.458
chr2,59324104,-0.00976144310270608,0.6566,0.897402573175,0.5059
chr2,59324105,-0.009761443103075414,0.6566,0.897402573175,0.5357
chr2,59324106,-0.009761443103461278,0.6566,0.897402573175,0.546
chr2,59324107,-0.009761443103856236,0.6566,0.897402573175,0.5422
chr2,59324108,-0.00976144310425236,0.6566,0.897402573175,0.524
chr2,59324109,-0.009761443104641618,0.6566,0.897402573175,0.4908
chr2,59324110,-0.009761443105016249,0.6562,0.897402573175,0.4528
chr2,59324111,-0.009761443105369076,0.6574,0.897402573175,0.4093
chr2,59324112,-0.009761443105693794,0.6592,0.897402573175,0.3665
chr2,59324113,-0.009761443105985127,0.6578,0.897402573175,0.3348
chr2,59324114,-0.009761443106239028,0.6584,0.897402573175,0.3002
chr2,59324115,-0.009761443106452735,0.6592,0.897402573175,0.272
chr2,59324116,-0.009761443106624882,0.662,0.897402573175,0.2559
chr2,59324117,-0.009761443106755502,0.6654,0.897402573175,0.242
chr2,59324118,-0.009761443106846008,0.6662,0.897402573175,0.2281
chr2,59324119,-0.009761443106899121,0.6654,0.897402573175,0.219
chr2,59324120,-0.009761443106918698,0.6668,0.897402573175,0.209
chr2,59324121,-0.009761443106909492,0.6668,0.897402573175,0.1999
chr2,59324122,-0.009761443106876893,0.667,0.897402573175,0.1889
chr2,59324123,-0.009761443106826558,0.667,0.897402573175,0.1775
chr2,59324124,-0.009761443106764111,0.667,0.897402573175,0.1653
chr2,59324125,-0.009761443106694802,0.667,0.897402573175,0.152
chr2,59324179,-0.008681722270646149,0.5974,0.897402573175,0.0764
chr2,59324180,-0.008681722270490527,0.5974,0.897402573175,0.0688
chr2,59324181,-0.008681722270332383,0.5974,0.897402573175,0.0677
chr2,59324182,-0.0086817222701786,0.5974,0.897402573175,0.0659
chr2,59324183,-0.008681722270037561,0.5974,0.897402573175,0.065
chr2,59324184,-0.008681722269919444,0.5974,0.897402573175,0.0635
chr2,59324185,-0.008681722269836668,0.5974,0.897402573175,0.0635
chr2,59324186,-0.008681722269804694,0.5974,0.897402573175,0.0655
chr2,59324187,-0.008681722269843069,0.5974,0.897402573175,0.0695
chr2,59324188,-0.008681722269976789,0.5966,0.897402573175,0.0761
chr2,59324189,-0.00868172227023803,0.5904,0.897402573175,0.0901
chr2,59324190,-0.008681722270668426,0.5878,0.897402573175,0.1055
chr2,59324191,-0.008681722271322235,0.5838,0.897402573175,0.1334
chr2,59324192,-0.008681722272270901,0.5826,0.897402573175,0.164
chr2,59324193,-0.008681722273609901,0.5828,0.897402573175,0.2057
chr2,59324194,-0.008681722275468935,0.5816,0.897402573175,0.2554
chr2,59324195,-0.008681722278026847,0.579,0.897402573175,0.3137
chr2,59324196,-0.008681722281531844,0.5758,0.897402573175,0.3743
chr2,59324197,-0.0086817222863235,0.5754,0.897402573175,0.4409
chr2,59324198,-0.008681722292838527,0.575,0.897402573175,0.4967
chr2,59324199,-0.008681722301545099,0.5732,0.897402573175,0.4564
chr2,59324200,-0.008681722312699014,0.573,0.897402573175,0.4977
chr2,59324201,-0.008681722325883365,0.5676,0.897402573175,0.5315
chr2,59324202,-0.008681722339734263,0.5658,0.897402573175,0.5489
chr2,59324203,-0.008681722352532025,0.5644,0.897402573175,0.5589
chr2,59324204,-0.008681722363220703,0.5594,0.897175036523,0.5561
chr2,59324205,-0.008681722371669058,0.5564,0.893914387634,0.5511
chr2,59324206,-0.008681722378248222,0.5562,0.893914387634,0.536
chr2,59324207,-0.008681722383429045,0.5544,0.893206464018,0.4995
chr2,59324208,-0.008681722387611205,0.5552,0.893206464018,0.4469
chr2,59324209,-0.008681722391091681,0.5532,0.893206464018,0.3944
chr2,59324210,-0.00868172239408041,0.5554,0.893206464018,0.3341
chr2,59324211,-0.008681722396723468,0.5554,0.893206464018,0.2709
chr2,59324212,-0.008681722399122481,0.5536,0.893206464018,0.2171
chr2,59324213,-0.008681722401348761,0.5548,0.893206464018,0.175
chr2,59324214,-0.008681722403453048,0.5536,0.893206464018,0.1394
chr2,59324215,-0.0086817224054722,0.553,0.893206464018,0.1116
chr2,59324216,-0.008681722407433725,0.5524,0.893206464018,0.0848
chr2,59324217,-0.008681722409358852,0.5522,0.893206464018,0.0755
chr2,59324218,-0.008681722411264668,0.5556,0.893282745995,0.0707
chr2,59324219,-0.008681722413165591,0.5592,0.897100009133,0.0707
chr2,59324220,-0.008681722415074443,0.559,0.896861070515,0.0721
chr2,59324221,-0.008681722417003154,0.5582,0.896478284722,0.0778
chr2,59324222,-0.00868172241896326,0.5614,0.897402573175,0.0838
chr2,59324223,-0.008681722420966114,0.5594,0.897175036523,0.0896
chr2,59324224,-0.008681722423022937,0.5596,0.897402573175,0.0949
chr2,59324225,-0.008681722425144657,0.5618,0.897402573175,0.1038
chr2,59324226,-0.00868172242734155,0.5632,0.897402573175,0.1152
chr2,59324227,-0.008681722429622857,0.5632,0.897402573175,0.1172
chr2,59324228,-0.008681722431996289,0.5642,0.897402573175,0.1135
chr2,59324229,-0.008681722434467638,0.5646,0.897402573175,0.113
chr2,59324230,-0.008681722437040445,0.5646,0.897402573175,0.1088
chr2,59324231,-0.008681722439715817,0.5618,0.897402573175,0.1135
chr2,59324232,-0.008681722442492412,0.5632,0.897402573175,0.1005
chr2,59324233,-0.008681722445366625,0.5642,0.897402573175,0.0897
chr2,59324234,-0.008681722448332953,0.5658,0.897402573175,0.0808
chr2,59324235,-0.008681722451384499,0.5672,0.897402573175,0.0702
chr2,59324236,-0.008681722454513652,0.5682,0.897402573175,0.0644
chr2,59324237,-0.008681722457712772,0.568,0.897402573175,0.056
chr2,59324238,-0.00868172246097492,0.5682,0.897402573175,0.0506
chr2,59324239,-0.008681722464294508,0.5708,0.897402573175,0.0467
chr2,59324240,-0.008681722467667841,0.5712,0.897402573175,0.0444
chr2,59324241,-0.008681722471093473,0.5734,0.897402573175,0.0419
chr2,59324242,-0.008681722474572382,0.5754,0.897402573175,0.0419
chr2,59324243,-0.00868172247810789,0.5816,0.897402573175,0.0427
chr2,59324244,-0.008681722481705376,0.5838,0.897402573175,0.0448
chr2,59324245,-0.008681722485371789,0.5852,0.897402573175,0.0464
chr2,59324246,-0.008681722489114951,0.5846,0.897402573175,0.0499
chr2,59324247,-0.008681722492942771,0.5852,0.897402573175,0.0514
chr2,59324248,-0.008681722496862375,0.5862,0.897402573175,0.0579
chr2,59324249,-0.00868172250087931,0.5874,0.897402573175,0.0664
chr2,59324250,-0.00868172250499679,0.5886,0.897402573175,0.0682
chr2,59324251,-0.008681722509215126,0.5896,0.897402573175,0.0682
chr2,59324252,-0.008681722513531363,0.5898,0.897402573175,0.0664
chr2,59324253,-0.008681722517939116,0.5896,0.897402573175,0.0701
chr2,59324254,-0.008681722522428615,0.59,0.897402573175,0.0655
chr2,59324255,-0.00868172252698698,0.593,0.897402573175,0.0619
chr2,59324256,-0.008681722531598603,0.5928,0.897402573175,0.0586
chr2,59324257,-0.00868172253624575,0.5936,0.897402573175,0.0551
chr2,59324258,-0.008681722540909225,0.5946,0.897402573175,0.0604
chr2,59324259,-0.00868172254556917,0.5978,0.897402573175,0.0696
chr2,59324260,-0.00868172255020587,0.598,0.897402573175,0.0841
chr2,59324261,-0.008681722554800429,0.6006,0.897402573175,0.0872
chr2,59324262,-0.008681722559335244,0.6038,0.897402573175,0.0929
chr2,59324263,-0.008681722563794058,0.6042,0.897402573175,0.1019
chr2,59324264,-0.008681722568161557,0.6052,0.897402573175,0.11
chr2,59324265,-0.008681722572422534,0.6058,0.897402573175,0.1151
chr2,59324266,-0.008681722576560805,0.6066,0.897402573175,0.1181
chr2,59324267,-0.008681722580558061,0.607,0.897402573175,0.1191
chr2,59324268,-0.008681722584393037,0.607,0.897402573175,0.1158
chr2,59324269,-0.008681722588041271,0.6072,0.897402573175,0.1104
chr2,59324270,-0.00868172259147575,0.607,0.897402573175,0.099
chr2,59324271,-0.008681722594668609,0.6068,0.897402573175,0.09
chr2,59324272,-0.00868172259759403,0.6074,0.897402573175,0.0773
chr2,59324273,-0.008681722600231966,0.6086,0.897402573175,0.0668
chr2,59324274,-0.008681722602572281,0.6088,0.897402573175,0.0573
chr2,59324275,-0.00868172260461826,0.6084,0.897402573175,0.0503
chr2,59324276,-0.008681722606388522,0.6092,0.897402573175,0.045
chr2,59324277,-0.0086817226079166,0.6096,0.897402573175,0.0455
chr2,59324278,-0.00868172260924829,0.6092,0.897402573175,0.0411
chr2,59324279,-0.008681722610437382,0.613,0.897402573175,0.0387
chr2,59324280,-0.008681722611540967,0.6174,0.897402573175,0.0381
chr2,59324281,-0.008681722612615074,0.6238,0.897402573175,0.0367
chr2,59324282,-0.008681722613710929,0.625,0.897402573175,0.0398
chr2,59324283,-0.008681722614871597,0.625,0.897402573175,0.0569
chr2,59324284,-0.008681722616128902,0.625,0.897402573175,0.0659
chr2,59324285,-0.008681722617500701,0.625,0.897402573175,0.0788
chr2,59324286,-0.00868172261898911,0.625,0.897402573175,0.0977
chr2,59324287,-0.00868172262058035,0.625,0.897402573175,0.1208
chr2,59324288,-0.008681722622246545,0.625,0.897402573175,0.1475
chr2,59324289,-0.008681722623949357,0.625,0.897402573175,0.1741
chr2,59324290,-0.008681722625644749,0.625,0.897402573175,0.193
chr2,59324291,-0.008681722627288101,0.625,0.897402573175,0.2091
chr2,59324292,-0.008681722628838756,0.625,0.897402573175,0.2142
chr2,59324405,-0.00011326707384063326,0.957,0.975040893271,0.1398
chr2,59324406,-0.00011326707355943075,0.957,0.975040893271,0.1538
chr2,59324407,-0.00011326707324054127,0.957,0.975040893271,0.1662
chr2,59324408,-0.00011326707288359017,0.957,0.975040893271,0.1756
chr2,59324409,-0.00011326707248874164,0.957,0.975040893271,0.1842
chr2,59324410,-0.00011326707205664925,0.957,0.975040893271,0.1895
chr2,59324411,-0.00011326707158840771,0.9568,0.975040893271,0.1959
chr2,59324412,-0.00011326707108551378,0.958,0.975833333333,0.1997
chr2,59324413,-0.0001132670705498395,0.9594,0.976036631944,0.2038
chr2,59324414,-0.0001132670699836132,0.9594,0.976036631944,0.2079
chr2,59324415,-0.00011326706938940337,0.9602,0.976036631944,0.2134
chr2,59324416,-0.00011326706877008129,0.9612,0.976431553988,0.2138
chr2,59324417,-0.00011326706812877757,0.9604,0.976070473876,0.2135
chr2,59324418,-0.0001132670674688003,0.9608,0.976251055707,0.2125
chr2,59324419,-0.00011326706679352759,0.9604,0.976070473876,0.2065
chr2,59324420,-0.00011326706610627932,0.9614,0.976521771815,0.1968
chr2,59324421,-0.00011326706541018279,0.962,0.97673583815,0.1862
chr2,59324422,-0.000113267064708048,0.9608,0.976251055707,0.1725
chr2,59324423,-0.00011326706400226697,0.9592,0.976036631944,0.1597
chr2,59324424,-0.00011326706329474684,0.9594,0.976036631944,0.142
chr2,59324425,-0.00011326706258687703,0.96,0.976036631944,0.1263
chr2,59324426,-0.00011326706187952742,0.96,0.976036631944,0.1186
chr2,59324427,-0.00011326706117306833,0.9596,0.976036631944,0.1115
chr2,59324428,-0.00011326706046740182,0.9618,0.976645681582,0.0895
chr2,59324429,-0.00011326705976199533,0.9636,0.977851637876,0.0891
chr2,59324430,-0.00011326705905590888,0.962,0.97673583815,0.0933
chr2,59324431,-0.00011326705834780811,0.9592,0.976036631944,0.0995
chr2,59324432,-0.00011326705763596134,0.9584,0.976036631944,0.1099
chr2,59324433,-0.00011326705691817017,0.96,0.976036631944,0.131
chr2,59324434,-0.00011326705619165689,0.9598,0.976036631944,0.1519
chr2,59324435,-0.00011326705545284242,0.959,0.976036631944,0.1782
chr2,59324436,-0.0001132670546969763,0.961,0.976397790375,0.2021
chr2,59324437,-0.00011326705391756213,0.9602,0.976036631944,0.2275
chr2,59324438,-0.00011326705310550046,0.9612,0.976431553988,0.246
chr2,59324439,-0.00011326705224782137,0.9618,0.976645681582,0.2612
chr2,59324440,-0.0001132670513257761,0.9618,0.976645681582,0.2615
chr2,59324441,-0.00011326705031184513,0.9616,0.976645681582,0.2518
chr2,59324442,-0.00011326704916476511,0.9626,0.977119105409,0.2344
chr2,59324443,-0.00011326704782078506,0.9626,0.977119105409,0.2105
chr2,59324444,-0.00011326704617722864,0.9634,0.977761657133,0.1884
chr2,59324445,-0.00011326704405918696,0.9618,0.976645681582,0.1655
chr2,59324446,-0.00011326704114475584,0.9626,0.977119105409,0.143
chr2,59324447,-0.0001132670367684384,0.9614,0.976521771815,0.1239
chr2,59324448,-0.00011326702926120252,0.9612,0.976431553988,0.1122
chr2,59324449,-0.00011326701284437443,0.9572,0.975188098138,0.1043
chr2,59324450,-0.0001132669516683223,0.9562,0.974678098886,0.1005
chr2,59324451,0.01905999311537099,0.1662,0.641439490446,0.1001
chr2,59324452,0.01905999312535195,0.167,0.641439490446,0.0886
chr2,59324453,0.01905999312875892,0.1662,0.641439490446,0.0898
chr2,59324454,0.01905999313052524,0.1656,0.641439490446,0.0919
chr2,59324455,0.019059993131632792,0.1656,0.641439490446,0.0923
chr2,59324456,0.019059993132410302,0.1658,0.641439490446,0.0899
chr2,59324457,0.01905999313299969,0.1646,0.641439490446,0.0997
chr2,59324458,0.01905999313347256,0.1654,0.641439490446,0.0948
chr2,59324459,0.01905999313386908,0.1656,0.641439490446,0.0872
chr2,59324460,0.019059993134213565,0.166,0.641439490446,0.0796
chr2,59324461,0.019059993134521634,0.166,0.641439490446,0.0716
chr2,59324462,0.019059993134803752,0.1658,0.641439490446,0.0631
chr2,59324463,0.0190599931350672,0.1654,0.641439490446,0.0547
chr2,59324464,0.019059993135317196,0.1652,0.641439490446,0.0489
chr2,59324465,0.01905999313555757,0.1652,0.641439490446,0.0457
chr2,59324466,0.019059993135791188,0.1656,0.641439490446,0.0462
chr2,59324467,0.01905999313602027,0.1656,0.641439490446,0.0436
chr2,59324468,0.01905999313624656,0.1664,0.641439490446,0.0443
chr2,59324469,0.019059993136471505,0.1664,0.641439490446,0.0463
chr2,59324470,0.019059993136696318,0.165,0.641439490446,0.0486
chr2,59324471,0.01905999313692209,0.165,0.641439490446,0.0547
chr2,59324472,0.019059993137149824,0.1652,0.641439490446,0.0624
chr2,59324473,0.019059993137380486,0.1662,0.641439490446,0.0723
chr2,59324474,0.01905999313761502,0.1664,0.641439490446,0.0966
chr2,59324475,0.019059993137854322,0.1658,0.641439490446,0.1103
chr2,59324476,0.019059993138099265,0.1664,0.641439490446,0.1283
chr2,59324477,0.019059993138350634,0.1664,0.641439490446,0.1403
chr2,59324478,0.019059993138609125,0.167,0.641439490446,0.1473
chr2,59324479,0.019059993138875263,0.1666,0.641439490446,0.1494
chr2,59324480,0.0190599931391494,0.167,0.641439490446,0.1469
chr2,59324481,0.01905999313943167,0.167,0.641439490446,0.1392
chr2,59324482,0.019059993139721964,0.1672,0.641439490446,0.1266
chr2,59324483,0.019059993140019948,0.1672,0.641439490446,0.1101
chr2,59324484,0.01905999314032508,0.1664,0.641439490446,0.0957
chr2,59324485,0.019059993140636607,0.1668,0.641439490446,0.0831
chr2,59324486,0.01905999314095368,0.1666,0.641439490446,0.0717
chr2,59324487,0.019059993141275322,0.1662,0.641439490446,0.053
chr2,59324488,0.01905999314160052,0.166,0.641439490446,0.0465
chr2,59324489,0.01905999314192823,0.1666,0.641439490446,0.043
chr2,59324490,0.019059993142257408,0.167,0.641439490446,0.0416
chr2,59324491,0.01905999314258698,0.167,0.641439490446,0.0443
chr2,59324492,0.019059993142915867,0.1666,0.641439490446,0.0459
chr2,59324493,0.019059993143242943,0.1676,0.641439490446,0.0481
chr2,59324494,0.019059993143567044,0.168,0.641439490446,0.053
chr2,59324495,0.019059993143886993,0.1668,0.641439490446,0.0613
chr2,59324496,0.01905999314420162,0.1666,0.641439490446,0.0722
chr2,59324497,0.019059993144509846,0.1668,0.641439490446,0.0819
chr2,59324498,0.019059993144810734,0.1672,0.641439490446,0.095
chr2,59324499,0.019059993145103555,0.167,0.641439490446,0.1091
chr2,59324500,0.019059993145387887,0.1672,0.641439490446,0.1251
chr2,59324501,0.01905999314566356,0.1682,0.641439490446,0.1393
chr2,59324502,0.019059993145930727,0.1684,0.641439490446,0.1465
chr2,59324503,0.019059993146189794,0.1692,0.641439490446,0.1497
chr2,59324504,0.019059993146441342,0.17,0.641439490446,0.1463
chr2,59324505,0.019059993146686105,0.1696,0.641439490446,0.1371
chr2,59324506,0.019059993146924893,0.1692,0.641439490446,0.124
chr2,59324507,0.01905999314715851,0.169,0.641439490446,0.0882
chr2,59324508,0.01905999314738777,0.1688,0.641439490446,0.0788
chr2,59324509,0.019059993147613412,0.1692,0.641439490446,0.0699
chr2,59324510,0.01905999314783613,0.1692,0.641439490446,0.0589
chr2,59324511,0.01905999314805651,0.1692,0.641439490446,0.0502
chr2,59324512,0.019059993148275063,0.1696,0.641439490446,0.0421
chr2,59324513,0.019059993148492226,0.1698,0.641439490446,0.0372
chr2,59324514,0.01905999314870835,0.171,0.641439490446,0.034
chr2,59324515,0.019059993148923718,0.1714,0.641439490446,0.0314
chr2,59324516,0.019059993149138553,0.1714,0.641439490446,0.0299
chr2,59324517,0.019059993149353027,0.1718,0.641439490446,0.0281
chr2,59324518,0.019059993149567286,0.172,0.641439490446,0.0274
chr2,59324519,0.019059993149781435,0.1722,0.641640432754,0.0263
chr2,59324520,0.019059993149995583,0.1722,0.641640432754,0.0252
chr2,59324521,0.01905999315020984,0.174,0.641735818145,0.0254
chr2,59324522,0.019059993150424337,0.1736,0.641735818145,0.0269
chr2,59324523,0.01905999315063927,0.1746,0.641735818145,0.0264
chr2,59324524,0.019059993150854878,0.1754,0.641735818145,0.0278
chr2,59324525,0.019059993151071503,0.1764,0.641735818145,0.0291
chr2,59324526,0.01905999315128961,0.1766,0.641735818145,0.0314
chr2,59324527,0.019059993151509802,0.1762,0.641735818145,0.0347
chr2,59324528,0.019059993151732842,0.176,0.641735818145,0.0387
chr2,59324529,0.019059993151959678,0.1762,0.641735818145,0.045
chr2,59324530,0.01905999315219142,0.1766,0.641735818145,0.0503
chr2,59324531,0.019059993152429327,0.177,0.641735818145,0.0702
chr2,59324532,0.019059993152674697,0.1768,0.641735818145,0.0858
chr2,59324533,0.019059993152928757,0.177,0.641735818145,0.1048
chr2,59324534,0.019059993153192328,0.1764,0.641735818145,0.131
chr2,59324535,0.0190599931534655,0.1762,0.641735818145,0.158
chr2,59324536,0.01905999315374708,0.1768,0.641735818145,0.1869
chr2,59324537,0.019059993154034196,0.1758,0.641735818145,0.2161
chr2,59324538,0.019059993154322195,0.1764,0.641735818145,0.2431
chr2,59324539,0.019059993154605163,0.1766,0.641735818145,0.2657
chr2,59324540,0.019059993154877098,0.1772,0.641735818145,0.2759
chr2,59324541,0.019059993155133167,0.177,0.641735818145,0.2796
chr2,59324542,0.01905999315537057,0.1782,0.641735818145,0.2724
chr2,59324543,0.019059993155588574,0.1792,0.64211505508,0.2558
chr2,59324544,0.019059993155788053,0.1788,0.641991414554,0.2365
chr2,59324545,0.01905999315597082,0.1784,0.641735818145,0.2159
chr2,59324546,0.019059993156139085,0.1784,0.641735818145,0.1944
chr2,59324547,0.019059993156295054,0.1796,0.642499796334,0.1789
chr2,59324548,0.019059993156440753,0.1816,0.646101681183,0.17
chr2,59324549,0.01905999315657791,0.1844,0.650633794348,0.1645
chr2,59324550,0.01905999315670795,0.189,0.6588182179,0.1638
chr2,59324551,0.019059993156831975,0.1938,0.664343676815,0.1749
chr2,59324552,0.019059993156950783,0.2016,0.675138989514,0.1946
chr2,59324553,0.019059993157064865,0.2056,0.676967756585,0.2191
chr2,59324554,0.019059993157174448,0.2072,0.676967756585,0.2664
chr2,59324555,0.019059993157279506,0.2072,0.676967756585,0.441
chr2,59324556,0.019059993157379773,0.208,0.676967756585,0.5103
chr2,59324557,0.01905999315747485,0.2084,0.676967756585,0.5711
chr2,59324558,0.019059993157564216,0.2086,0.676967756585,0.614
chr2,59324559,0.019059993157647295,0.209,0.676967756585,0.6422
chr2,59324560,0.01905999315772359,0.209,0.676967756585,0.6463
chr2,59324561,0.019059993157792672,0.209,0.676967756585,0.6315
chr2,59324562,0.019059993157854286,0.209,0.676967756585,0.5936
chr2,59324563,0.01905999315790837,0.209,0.676967756585,0.5368
chr2,59395876,-0.01813362586164008,0.5594,0.897175036523,0.5984
chr2,59395953,0.015199826178102551,0.237,0.676967756585,0.9355
chr2,59395954,0.015199826178991188,0.237,0.676967756585,0.9486
chr2,59395955,0.015199826180066343,0.237,0.676967756585,0.9504
chr2,59395956,0.015199826181345893,0.237,0.676967756585,0.9437
chr2,59395957,0.015199826182844227,0.237,0.676967756585,0.9249
chr2,59395958,0.015199826184570824,0.237,0.676967756585,0.8872
chr2,59395959,0.015199826186528955,0.2372,0.676967756585,0.8194
chr2,59395960,0.015199826188714745,0.2372,0.676967756585,0.7164
chr2,59395961,0.015199826191116969,0.2368,0.676967756585,0.5859
chr2,59395962,0.015199826193717673,0.2364,0.676967756585,0.434
chr2,59395963,0.015199826196493649,0.2356,0.676967756585,0.303
chr2,59395964,0.015199826199418549,0.2356,0.676967756585,0.2059
chr2,59395965,0.015199826202465168,0.2348,0.676967756585,0.1418
chr2,59395966,0.015199826205607544,0.2334,0.676967756585,0.0958
chr2,59395967,0.015199826208822504,0.2324,0.676967756585,0.0691
chr2,59395968,0.015199826212090537,0.2298,0.676967756585,0.0509
chr2,59395969,0.015199826215396067,0.2284,0.676967756585,0.0418
chr2,59395970,0.015199826218727206,0.227,0.676967756585,0.0361
chr2,59395971,0.015199826222075292,0.2268,0.676967756585,0.0322
chr2,59395972,0.015199826225434242,0.2256,0.676967756585,0.0293
chr2,59395973,0.015199826228799946,0.2252,0.676967756585,0.028
chr2,59395974,0.01519982623216973,0.2238,0.676967756585,0.0266
chr2,59395975,0.015199826235541922,0.2194,0.676967756585,0.0266
chr2,59395976,0.015199826238915524,0.2156,0.676967756585,0.0263
chr2,59395977,0.015199826242290005,0.21,0.676967756585,0.0269
chr2,59395978,0.015199826245665182,0.2094,0.676967756585,0.0273
chr2,59395979,0.015199826249041237,0.2076,0.676967756585,0.0282
chr2,59395980,0.015199826252418901,0.2066,0.676967756585,0.0293
chr2,59395981,0.015199826255799838,0.2052,0.676967756585,0.0304
chr2,59395982,0.015199826259187317,0.2038,0.676572859573,0.0324
chr2,59395983,0.015199826262587538,0.2038,0.676572859573,0.0364
chr2,59395984,0.015199826266011173,0.2014,0.674726492466,0.0411
chr2,59395985,0.015199826269475351,0.2012,0.674726492466,0.0475
chr2,59395986,0.015199826273005541,0.2008,0.674130733945,0.0556
chr2,59395987,0.015199826276636765,0.2008,0.674130733945,0.0642
chr2,59395988,0.015199826280413432,0.2004,0.673431413813,0.0755
chr2,59395989,0.015199826284387366,0.1998,0.672444337996,0.0891
chr2,59395990,0.015199826288614115,0.1996,0.672444337996,0.1028
chr2,59395991,0.015199826293147872,0.1996,0.672444337996,0.112
chr2,59395992,0.015199826298036161,0.1994,0.672444337996,0.1199
chr2,59395993,0.01519982630331499,0.1996,0.672444337996,0.1226
chr2,59395994,0.015199826309005394,0.1994,0.672444337996,0.1189
chr2,59395995,0.015199826315111874,0.1994,0.672444337996,0.1127
chr2,59395996,0.015199826321622747,0.199,0.672444337996,0.103
chr2,59395997,0.015199826328512257,0.199,0.672444337996,0.0895
chr2,59395998,0.015199826335743969,0.1984,0.672444337996,0.0767
chr2,59395999,0.015199826343274712,0.1986,0.672444337996,0.0656
chr2,59396000,0.015199826351058567,0.1988,0.672444337996,0.0563
chr2,59396001,0.015199826359050294,0.1986,0.672444337996,0.0436
chr2,59396002,0.01519982636720789,0.1986,0.672444337996,0.0361
chr2,59396003,0.015199826375494246,0.1984,0.672444337996,0.0321
chr2,59396004,0.015199826383877903,0.1986,0.672444337996,0.0291
chr2,59396005,0.015199826392333178,0.1988,0.672444337996,0.029
chr2,59396006,0.015199826400839795,0.199,0.672444337996,0.0281
chr2,59396007,0.015199826409382299,0.1982,0.672444337996,0.0275
chr2,59396008,0.015199826417949237,0.1986,0.672444337996,0.0259
chr2,59396009,0.015199826426532432,0.1992,0.672444337996,0.0257
chr2,59396010,0.015199826435126242,0.1992,0.672444337996,0.0256
chr2,59396011,0.015199826443727,0.1996,0.672444337996,0.0254
chr2,59396012,0.0151998264523325,0.1964,0.670117715618,0.0253
chr2,59396013,0.01519982646094171,0.1942,0.665455130706,0.0255
chr2,59396014,0.015199826469554567,0.1918,0.66187956778,0.0261
chr2,59396015,0.015199826478171955,0.189,0.6588182179,0.026
chr2,59396016,0.015199826486795754,0.1884,0.658032610857,0.0266
chr2,59396017,0.015199826495429064,0.1872,0.655797367371,0.0271
chr2,59396018,0.015199826504076443,0.1864,0.65377715655,0.0286
chr2,59396019,0.015199826512744225,0.1866,0.654217365269,0.0308
chr2,59396020,0.015199826521440783,0.1852,0.650998198919,0.0336
chr2,59396021,0.015199826530176751,0.185,0.650685822988,0.0379
chr2,59396022,0.015199826538964947,0.185,0.650685822988,0.0433
chr2,59396023,0.015199826547819989,0.1848,0.650633794348,0.0517
chr2,59396024,0.015199826556757386,0.1848,0.650633794348,0.0591
chr2,59396025,0.015199826565792083,0.1846,0.650633794348,0.061
chr2,59396026,0.015199826574936222,0.1844,0.650633794348,0.0621
chr2,59396027,0.015199826584196222,0.1844,0.650633794348,0.0707
chr2,59396028,0.015199826593569077,0.1842,0.650633794348,0.0793
chr2,59396029,0.015199826603038175,0.1848,0.650633794348,0.0845
chr2,59396030,0.01519982661256886,0.184,0.650633794348,0.0891
chr2,59396031,0.015199826622103892,0.1834,0.649611010284,0.0898
chr2,59396032,0.015199826631559289,0.1836,0.650057246523,0.089
chr2,59396033,0.01519982664082106,0.1842,0.650633794348,0.0756
chr2,59396034,0.015199826649743318,0.1844,0.650633794348,0.0711
chr2,59396035,0.015199826658148528,0.1842,0.650633794348,0.0643
chr2,59396036,0.015199826665830918,0.1848,0.650633794348,0.0596
chr2,59396037,0.01519982667256362,0.185,0.650685822988,0.0559
chr2,59396038,0.01519982667810986,0.1848,0.650633794348,0.0525
chr2,59396039,0.015199826682236389,0.1846,0.650633794348,0.0498
chr2,59396040,0.01519982668472509,0.185,0.650685822988,0.0502
chr2,59396041,0.015199826685376408,0.186,0.653026184289,0.0536
chr2,59396042,0.011310794008804125,0.2998,0.707315436242,0.0587
chr2,59396043,0.01131079400725241,0.2984,0.706575373838,0.0715
chr2,59396044,0.011310794005752746,0.2912,0.700200409836,0.0927
chr2,59396045,0.011310794004326606,0.2882,0.69785401158,0.1395
chr2,59396046,0.011310794002967752,0.288,0.697754482759,0.1885
chr2,59396047,0.011310794001637436,0.2872,0.697066187647,0.2562
chr2,59396048,0.011310794000264458,0.2848,0.694991670137,0.3416
chr2,59396049,0.011310793998750245,0.284,0.694991670137,0.4397
chr2,59396050,0.011310793996977889,0.2836,0.694991670137,0.5346
chr2,59396051,0.011310793994823232,0.283,0.694991670137,0.6176
chr2,59396052,0.011310793992166147,0.2816,0.694991670137,0.6741
chr2,59396053,0.011310793988900381,0.2798,0.694991670137,0.7074
chr2,59396054,0.011310793984940943,0.2796,0.694991670137,0.7284
chr2,59396055,0.011310793980228703,0.2788,0.694991670137,0.7207
chr2,59396056,0.01131079397473213,0.2782,0.694991670137,0.6943
chr2,59396057,0.011310793968446526,0.2764,0.694991670137,0.6565
chr2,59396058,0.011310793961391312,0.2762,0.694991670137,0.5908
chr2,59396059,0.011310793953606155,0.2756,0.694991670137,0.5077
chr2,59396060,0.011310793945146565,0.274,0.694991670137,0.3352
chr2,59396061,0.011310793936079573,0.2748,0.694991670137,0.2696
chr2,59396062,0.011310793926480036,0.2736,0.694991670137,0.2102
chr2,59396063,0.011310793916427676,0.2728,0.694991670137,0.1722
chr2,59396064,0.011310793906004951,0.2718,0.694991670137,0.1395
chr2,59396065,0.01131079389529557,0.2704,0.692863019694,0.1174
chr2,59396066,0.01131079388438365,0.2704,0.692863019694,0.1086
chr2,59396067,0.01131079387335328,0.2678,0.689116173454,0.1034
chr2,59396068,0.011310793862288395,0.2672,0.688288540445,0.1055
chr2,59396069,0.011310793851272786,0.2628,0.685285332542,0.1118
chr2,59396070,0.011310793840390068,0.2594,0.681274072967,0.1341
chr2,59396071,0.011310793829723388,0.2566,0.678281264108,0.1632
chr2,59396072,0.011310793819354764,0.256,0.67740885809,0.1916
chr2,59396073,0.01131079380936385,0.2548,0.677006499395,0.1907
chr2,59396074,0.01131079379982615,0.2546,0.676967756585,0.2272
chr2,59396075,0.011310793790810627,0.2546,0.676967756585,0.2599
chr2,59396076,0.011310793782376788,0.2522,0.676967756585,0.29
chr2,59396077,0.011310793774571302,0.2518,0.676967756585,0.3074
chr2,59396078,0.011310793767424242,0.2512,0.676967756585,0.2739
chr2,59396079,0.011310793760944925,0.2502,0.676967756585,0.2318
chr2,59396080,0.011310793755117251,0.2492,0.676967756585,0.2256
chr2,59396081,0.011310793749894401,0.2492,0.676967756585,0.2089
chr2,59396082,0.011310793745192494,0.248,0.676967756585,0.1682
chr2,59396083,0.011310793740882666,0.2478,0.676967756585,0.1713
chr2,59396084,0.01131079373678055,0.2486,0.676967756585,0.1492
chr2,59396085,0.011310793732631594,0.249,0.676967756585,0.1278
chr2,59396086,0.011310793728089592,0.2476,0.676967756585,0.1086
chr2,59396087,0.011310793722683732,0.2484,0.676967756585,0.0939
chr2,59396088,0.011310793715767056,0.2466,0.676967756585,0.0756
chr2,59396089,0.01131079370643231,0.2452,0.676967756585,0.0627
chr2,59396090,0.011310793693370678,0.2458,0.676967756585,0.0543
chr2,59396091,0.011310793674625657,0.2458,0.676967756585,0.0458
chr2,59396092,0.011310793647143859,0.2466,0.676967756585,0.0421
chr2,59396093,0.011310793605905756,0.245,0.676967756585,0.0375
chr2,59396094,0.011310793542107615,0.2446,0.676967756585,0.0339
chr2,59396095,0.011310793438927264,0.2446,0.676967756585,0.0316
chr2,59396096,-0.0028391502755854107,0.8598,0.935943666336,0.0309
chr2,59396097,-0.0028391508989590595,0.8604,0.936480728715,0.0298
chr2,59396098,-0.0028391511024535862,0.8624,0.938483117527,0.0294
chr2,59396099,-0.0028391511982099778,0.8612,0.937235315985,0.0292
chr2,59396100,-0.011677712263061892,0.3006,0.707773092369,0.0298
chr2,59396101,-0.01167771596336652,0.2998,0.707315436242,0.0308
chr2,59396102,-0.011677716860448193,0.2986,0.706575373838,0.0328
chr2,59396103,-0.011677717267235628,0.2978,0.706202104695,0.0342
chr2,59396104,-0.011677717497966483,0.2984,0.706575373838,0.0372
chr2,59396105,-0.011677717645502171,0.2978,0.706202104695,0.0403
chr2,59396106,-0.011677717747410435,0.298,0.706202104695,0.0443
chr2,59396107,-0.01167771782190976,0.2976,0.706202104695,0.0485
chr2,59396108,-0.011677717878935838,0.2986,0.706575373838,0.0523
chr2,59396109,-0.011677717924376463,0.2992,0.70675739645,0.0557
chr2,59396110,-0.011677717961929197,0.299,0.70675739645,0.0603
chr2,59396111,-0.011677717994012678,0.3,0.707315436242,0.0655
chr2,59396112,-0.011677718022253513,0.3006,0.707773092369,0.0697
chr2,59396113,-0.011677718047754793,0.3014,0.708232064128,0.0713
chr2,59396114,-0.011677718071259937,0.2988,0.70675739645,0.0729
chr2,59396115,-0.011677718093255688,0.298,0.706202104695,0.0761
chr2,59396116,-0.011677718114040845,0.2976,0.706202104695,0.0801
chr2,59396117,-0.0116777181337753,0.2978,0.706202104695,0.0845
chr2,59396118,-0.011677718152517958,0.2978,0.706202104695,0.0892
chr2,59396119,-0.0116777181702582,0.2986,0.706575373838,0.0981
chr2,59396120,-0.011677718186942994,0.2986,0.706575373838,0.1116
chr2,59396121,-0.011677718202499628,0.2984,0.706575373838,0.1304
chr2,59396122,-0.011677718216852966,0.2954,0.703171296924,0.1528
chr2,59396123,-0.011677718229936306,0.2934,0.701643430905,0.1801
chr2,59396124,-0.011677718241696097,0.2924,0.700778550962,0.2131
chr2,59396125,-0.011677718252092316,0.2916,0.700200409836,0.2462
chr2,59396126,-0.011677718261096818,0.2912,0.700200409836,0.284
chr2,59396127,-0.011677718268692013,0.2906,0.700200409836,0.3055
chr2,59396128,-0.011677718274871126,0.2908,0.700200409836,0.4381
chr2,59396129,-0.011677718279639843,0.2914,0.700200409836,0.5995
chr2,59396130,-0.01167771828301899,0.2894,0.699409878921,0.5877
chr2,59396131,-0.011677718285047297,0.2884,0.697953430697,0.5398
chr2,59396132,-0.011677718285783133,0.2864,0.695990038738,0.4631
chr2,59396133,-0.01167771828530458,0.2862,0.695889119601,0.374
chr2,59396134,-0.011677718283707358,0.2878,0.697462334437,0.2632
chr2,59396135,-0.011677718281100655,0.287,0.696869643351,0.182
chr2,59396136,-0.011677718277601123,0.2866,0.69637972057,0.1738
chr2,59396137,-0.011677718273325756,0.2878,0.697462334437,0.1483
chr2,59396138,-0.011677718268384506,0.2878,0.697462334437,0.1296
chr2,59396139,-0.011677718262873628,0.2888,0.698536491325,0.1207
chr2,59396140,-0.011677718256870131,0.2874,0.697358889349,0.1263
chr2,59396141,-0.011677718250428074,0.2888,0.698536491325,0.1347
chr2,59396142,-0.011677718243576761,0.2868,0.696576603982,0.156
chr2,59396143,-0.011677718236320826,0.285,0.694991670137,0.194
chr2,59396144,-0.011677718228642012,0.2804,0.694991670137,0.241
chr2,59396145,-0.011677718220502366,0.283,0.694991670137,0.3094
chr2,59396146,-0.011677718211848539,0.2806,0.694991670137,0.3914
chr2,59396147,-0.01167771820261678,0.2788,0.694991670137,0.4847
chr2,59396148,-0.011677718192738317,0.2762,0.694991670137,0.5821
chr2,59396149,-0.011677718182144702,0.2758,0.694991670137,0.7048
chr2,59396150,-0.011677718170772879,0.2752,0.694991670137,0.7873
chr2,59396151,-0.011677718158569833,0.2744,0.694991670137,0.8373
chr2,59396152,-0.011677718145496679,0.2732,0.694991670137,0.8591
chr2,59396153,-0.011677718131532235,0.272,0.694991670137,0.8622
chr2,59396154,-0.011677718116676094,0.2726,0.694991670137,0.8425
chr2,59396155,-0.011677718100950672,0.2724,0.694991670137,0.7944
chr2,59396156,-0.011677718084401987,0.2756,0.694991670137,0.713
chr2,59396157,-0.011677718067098539,0.2764,0.694991670137,0.5883
chr2,59396158,-0.011677718049127907,0.28,0.694991670137,0.4586
chr2,59396159,-0.011677718030591271,0.2816,0.694991670137,0.357
chr2,59396160,-0.011677718011596729,0.2812,0.694991670137,0.2735
chr2,59396161,-0.011677717992252949,0.283,0.694991670137,0.2014
chr2,59396162,-0.011677717972664519,0.284,0.694991670137,0.1478
chr2,59396163,-0.011677717952930126,0.2848,0.694991670137,0.118
chr2,59396164,-0.011677717933143672,0.2854,0.695387848523,0.0916
chr2,59396165,-0.011677717913397825,0.2872,0.697066187647,0.0737
chr2,59396166,-0.011677717893788936,0.293,0.701164168937,0.062
chr2,59396167,-0.011677717874422034,0.299,0.70675739645,0.0531
chr2,59396168,-0.011677717855414544,0.3078,0.710698873203,0.0466
chr2,59396169,-0.01167771783689758,0.3094,0.710698873203,0.0477
chr2,59396170,-0.011677717819014255,0.3096,0.710698873203,0.0535
chr2,59396171,-0.011677717801915233,0.3078,0.710698873203,0.0626
chr2,59396172,-0.011677717785752648,0.3066,0.710698873203,0.0755
chr2,59396173,-0.011677717770673926,0.307,0.710698873203,0.092
chr2,59396174,-0.011677717756816716,0.3058,0.710698873203,0.1098
chr2,59396175,-0.011677717744305432,0.3064,0.710698873203,0.15
chr2,59396176,-0.011677717733248992,0.3066,0.710698873203,0.2368
chr2,59396177,-0.01167771772373928,0.3068,0.710698873203,0.3277
chr2,59396178,-0.011677717715849783,0.3064,0.710698873203,0.4009
chr2,59396179,-0.011677717709634472,0.306,0.710698873203,0.4442
chr2,59396180,-0.011677717705127289,0.3082,0.710698873203,0.449
chr2,59396181,-0.011677717702342405,0.31,0.710698873203,0.4135
chr2,59396182,-0.011677717701275193,0.3106,0.710698873203,0.3399
chr2,59396183,-0.011677717701903628,0.3118,0.710698873203,0.2595
chr2,59396184,-0.011677717704189171,0.3148,0.711642471042,0.1924
chr2,59396185,-0.011677717708076305,0.3164,0.713148466573,0.1808
chr2,59396186,-0.011677717713490327,0.3164,0.713148466573,0.142
chr2,59396187,-0.011677717720333977,0.3168,0.713219546561,0.1073
chr2,59396188,-0.011677717728484744,0.3174,0.71357109945,0.0837
chr2,59396189,-0.011677717737795378,0.3184,0.714356367352,0.0656
chr2,59396190,-0.011677717748099425,0.3186,0.714713793103,0.0502
chr2,59396191,-0.011677717759221582,0.3178,0.714013430545,0.0423
chr2,59396192,-0.011677717770990387,0.3184,0.714356367352,0.037
chr2,59396193,-0.011677717783249808,0.318,0.71418872267,0.0331
chr2,59396194,-0.01167771779586709,0.3194,0.715777111508,0.0308
chr2,59396195,-0.01167771780873605,0.3208,0.718089970689,0.0283
chr2,59396196,-0.011677717821776117,0.321,0.718354567461,0.0272
chr2,59396197,-0.011677717834929133,0.3216,0.719330701643,0.0265
chr2,59396198,-0.01167771784815511,0.3216,0.719330701643,0.0264
chr2,59396199,-0.0028391522215783986,0.8672,0.942697747803,0.0262
chr2,59396200,-0.00283915222862282,0.869,0.943327668253,0.0258
chr2,59396201,-0.0028391522356641945,0.8674,0.942697747803,0.026
chr2,59396202,-0.0028391522427055164,0.8638,0.93983194995,0.0269
chr2,59396203,-0.002839152249750152,0.8612,0.937235315985,0.0279
chr2,59396204,-0.002839152256802721,0.863,0.939077871391,0.0287
chr2,59396205,-0.002839152263869983,0.8642,0.94020891917,0.0304
chr2,59396206,-0.0028391522709627923,0.8652,0.941063719116,0.0326
chr2,59396207,-0.0028391522780969922,0.8646,0.940585841695,0.0375
chr2,59396208,-0.002839152285295609,0.865,0.940962717533,0.0435
chr2,59396209,-0.002839152292591002,0.8654,0.941222972136,0.0525
chr2,59396210,-0.0028391523000271196,0.8664,0.94213557853,0.0655
chr2,59396211,-0.002839152307661944,0.8672,0.942697747803,0.0845
chr2,59396212,-0.002839152315569985,0.8676,0.94279844098,0.1072
chr2,59396213,-0.002839152323844951,0.8676,0.94279844098,0.1326
chr2,59396214,-0.0028391523326028473,0.8682,0.943217033647,0.1639
chr2,59396215,-0.0028391523419859653,0.8678,0.942957438911,0.2011
chr2,59396216,-0.0028391523521685363,0.867,0.942612961129,0.1891
chr2,59396217,-0.0028391523633652096,0.868,0.943116417172,0.2087
chr2,59396218,-0.0028391523758440357,0.8686,0.943327668253,0.2191
chr2,59396219,-0.002839152389946521,0.8686,0.943327668253,0.2181
chr2,59396220,-0.002839152406118673,0.8682,0.943217033647,0.2063
chr2,59396221,-0.0028391524249594107,0.8674,0.942697747803,0.1564
chr2,59396222,-0.0028391524472971925,0.8692,0.943428165359,0.1353
chr2,59396223,-0.0028391524743144303,0.8686,0.943327668253,0.1172
chr2,59396224,-0.0028391525077570904,0.869,0.943327668253,0.0976
chr2,59396225,-0.002839152550305982,0.8692,0.943428165359,0.0804
chr2,59396226,-0.002839152606252936,0.8698,0.943846111077,0.0635
chr2,59396227,-0.00283915268291298,0.8702,0.944105188388,0.0529
chr2,59396228,-0.0028391527937615024,0.8698,0.943846111077,0.045
chr2,59396229,-0.0028391529665798398,0.8698,0.943846111077,0.0401
chr2,59396230,-0.002839153269490027,0.8696,0.943804003955,0.0364
chr2,59396231,-0.0028391539265176222,0.8718,0.945257222222,0.0346
chr2,59396232,-0.0028391563209566317,0.8722,0.945399136069,0.0316
chr2,59396233,-0.01167771880023331,0.3448,0.731222249006,0.0298
chr2,59396234,-0.011677718859216913,0.3456,0.731381204819,0.0296
chr2,59396235,-0.011677718918268971,0.3498,0.735640780184,0.0293
chr2,59396236,-0.011677718977007683,0.3602,0.752129457917,0.0291
chr2,59396237,-0.011677719035028199,0.363,0.757525840561,0.0295
chr2,59396238,-0.011677719091889567,0.3678,0.763731764984,0.0313
chr2,59396239,-0.01167771914711795,0.3686,0.764940808129,0.034
chr2,59396240,-0.011677719200231095,0.3706,0.767097454631,0.0385
chr2,59396241,-0.01167771925078208,0.3708,0.767149823322,0.0453
chr2,59396242,-0.011677719298411203,0.3718,0.768585030011,0.0529
chr2,59396243,-0.011677719342889484,0.3722,0.769049876485,0.062
chr2,59396244,-0.011677719384137775,0.3724,0.769372618207,0.0748
chr2,59396245,-0.011677719422218125,0.3722,0.769049876485,0.0939
chr2,59396246,-0.011677719457302413,0.3736,0.77121682924,0.1196
chr2,59396247,-0.011677719489632442,0.3758,0.774574865055,0.1516
chr2,59396248,-0.011677719519479634,0.3774,0.774902630365,0.1966
chr2,59396249,-0.011677719547117308,0.3782,0.774902630365,0.2437
chr2,59396250,-0.011677719572800711,0.3806,0.774902630365,0.2993
chr2,59396251,-0.01167771959675756,0.3808,0.774902630365,0.3417
chr2,59396252,-0.011677719619185347,0.3826,0.774908608966,0.3941
chr2,59396253,-0.011677719640252715,0.386,0.777622433765,0.4322
chr2,59396254,-0.011677719660102894,0.39,0.780222095672,0.4617
chr2,59396255,-0.01167771967885757,0.3914,0.780578255946,0.4748
chr2,59396256,-0.01167771969662021,0.3922,0.780578255946,0.4713
chr2,59396257,-0.01167771971347825,0.395,0.780623146393,0.4623
chr2,59396258,-0.01167771972950391,0.3976,0.780623146393,0.4414
chr2,59396259,-0.0116777197447537,0.3988,0.78062323356,0.4188
chr2,59396260,-0.011677719759266956,0.4016,0.781012400354,0.3832
chr2,59396261,-0.011677719773064242,0.4032,0.781869675289,0.3461
chr2,59396262,-0.011677719786146519,0.4058,0.781994185409,0.3194
chr2,59396263,-0.011677719798496253,0.412,0.782333511263,0.2971
chr2,59396264,-0.01167771981008126,0.4146,0.782333511263,0.2744
chr2,59396265,-0.011677719820861304,0.4192,0.783574332234,0.2571
chr2,59396266,-0.011677719830796506,0.4192,0.783574332234,0.2424
chr2,59396267,-0.011677719839855622,0.4204,0.784982034655,0.233
chr2,59396268,-0.011677719848022353,0.4206,0.785021676761,0.2212
chr2,59396269,-0.01167771985529846,0.4208,0.785061285183,0.2122
chr2,59396270,-0.011677719861703732,0.4208,0.785061285183,0.2658
chr2,59396271,-0.011677719867273704,0.4208,0.785061285183,0.3462
chr2,59396272,-0.011677719872056362,0.4208,0.785061285183,0.3051
chr2,59397248,0.007582412383892774,0.547,0.893206464018,0.7912
chr2,59397249,0.007582412381654321,0.547,0.893206464018,0.8174
chr2,59397250,0.007582412379112049,0.547,0.893206464018,0.825
chr2,59397251,0.007582412376267823,0.547,0.893206464018,0.8174
chr2,59397252,0.007582412373129298,0.547,0.893206464018,0.7938
chr2,59397253,0.007582412369708949,0.547,0.893206464018,0.753
chr2,59397254,0.007582412366022869,0.5472,0.893206464018,0.7002
chr2,59397255,0.007582412362089537,0.547,0.893206464018,0.628
chr2,59397256,0.007582412357928685,0.545,0.893206464018,0.5528
chr2,59397257,0.007582412353560395,0.5416,0.891500702839,0.4775
chr2,59397258,0.007582412349004468,0.5364,0.886343708858,0.3966
chr2,59397259,0.007582412344280018,0.529,0.880997914099,0.3252
chr2,59397260,0.007582412339405309,0.5284,0.880332542919,0.2657
chr2,59397261,0.007582412334397708,0.5222,0.875233110687,0.2087
chr2,59397262,0.0075824123292737005,0.5206,0.873051269811,0.1695
chr2,59397263,0.007582412324048904,0.5196,0.87204032104,0.1356
chr2,59397264,0.007582412318738047,0.5176,0.869514537108,0.107
chr2,59397265,0.007582412313354877,0.5178,0.869767332887,0.0835
chr2,59397266,0.007582412307912044,0.517,0.868589670014,0.068
chr2,59397267,0.007582412302420974,0.5156,0.86715419219,0.0554
chr2,59397268,0.007582412296891744,0.5154,0.867145689655,0.0469
chr2,59397269,0.007582412291333021,0.5158,0.86715419219,0.0403
chr2,59397270,0.007582412285752052,0.516,0.867158438576,0.0362
chr2,59397271,0.00758241228015472,0.516,0.867158438576,0.0329
chr2,59397272,0.00758241227454566,0.5158,0.86715419219,0.0311
chr2,59397273,0.007582412268928436,0.5158,0.86715419219,0.0287
chr2,59397274,0.007582412263305698,0.516,0.867158438576,0.0275
chr2,59397275,0.0075824122576793745,0.5156,0.86715419219,0.0269
chr2,59397276,0.00758241225205085,0.5152,0.867058350101,0.0264
chr2,59397277,0.00758241224642114,0.5138,0.866362388404,0.0261
chr2,59397278,0.0075824122407910435,0.5072,0.861352412259,0.0259
chr2,59397279,0.007582412235161303,0.4966,0.850101509985,0.0258
chr2,59397280,0.007582412229532751,0.4916,0.846896233817,0.0261
chr2,59397281,0.007582412223906477,0.489,0.843658285041,0.0273
chr2,59397282,0.007582412218284022,0.489,0.843658285041,0.028
chr2,59397283,0.0035559685941247508,0.699,0.897402573175,0.0291
chr2,59397284,0.0035552456155858877,0.6996,0.897402573175,0.0304
chr2,59397285,0.0035550820419264716,0.6998,0.897402573175,0.0321
chr2,59397286,0.003555015126621566,0.6994,0.897402573175,0.0351
chr2,59397287,0.0035549781173703095,0.6994,0.897402573175,0.0401
chr2,59397288,0.0035549549014291127,0.6986,0.897402573175,0.045
chr2,59397289,0.003554939256947293,0.6982,0.897402573175,0.0526
chr2,59397290,0.0035549281860327363,0.6982,0.897402573175,0.063
chr2,59397291,0.003554920049514546,0.6986,0.897402573175,0.0629
chr2,59397292,0.003554913876749405,0.6986,0.897402573175,0.072
chr2,59397293,0.0035549090606823756,0.698,0.897402573175,0.0823
chr2,59397294,0.0035549052059925513,0.6976,0.897402573175,0.0936
chr2,59397295,0.003554902046900739,0.698,0.897402573175,0.084
chr2,59397296,0.003554899399923979,0.698,0.897402573175,0.0894
chr2,59397297,0.003554897135462689,0.6976,0.897402573175,0.0912
chr2,59397298,0.003554895160100163,0.6976,0.897402573175,0.0894
chr2,59397299,0.003554893405257471,0.6974,0.897402573175,0.084
chr2,59397300,0.003554891819748714,0.6974,0.897402573175,0.0772
chr2,59397301,0.0035548903647980024,0.6968,0.897402573175,0.0826
chr2,59397302,0.0035548890106473223,0.697,0.897402573175,0.0891
chr2,59397303,0.0035548877342130958,0.697,0.897402573175,0.0634
chr2,59397304,0.0035548865174452058,0.697,0.897402573175,0.0534
chr2,59397305,0.0035548853461619093,0.697,0.897402573175,0.0471
chr2,59397306,0.0035548842092090437,0.697,0.897402573175,0.0409
chr2,59397307,0.0035548830978401704,0.697,0.897402573175,0.0367
chr2,59397308,0.003554882005246552,0.6968,0.897402573175,0.0328
chr2,59397309,0.003554880926188392,0.697,0.897402573175,0.0305
chr2,59397310,0.003554879856695104,0.6974,0.897402573175,0.0292
chr2,59397311,0.0035548787938145068,0.697,0.897402573175,0.0282
chr2,59397312,0.00355487773539946,0.6968,0.897402573175,0.0269
chr2,59397313,0.0035548766799261542,0.6962,0.897402573175,0.0264
chr2,59397314,0.003554875626341371,0.6964,0.897402573175,0.0261
chr2,59397315,0.00355487457393716,0.6962,0.897402573175,0.0255
chr2,59397316,0.003554873522251187,0.6962,0.897402573175,0.0254
chr2,59397317,0.0035548724709903003,0.6968,0.897402573175,0.0253
chr2,59397318,0.0035548714205796772,0.6958,0.897402573175,0.0252
chr2,59397319,0.003554870371514557,0.6954,0.897402573175,0.0251
chr2,59397320,0.003554869324865252,0.6888,0.897402573175,0.0252
chr2,59397321,0.0035548682826511977,0.686,0.897402573175,0.0252
chr2,59397322,0.00355486724707943,0.6838,0.897402573175,0.0251
chr2,59397323,0.0035548662228494406,0.6808,0.897402573175,0.0252
chr2,59397324,0.0035548652171720585,0.6794,0.897402573175,0.0253
chr2,59397325,0.0035548642403515586,0.6786,0.897402573175,0.0255
chr2,59397326,0.0035548633057956892,0.6784,0.897402573175,0.0256
chr2,59397327,0.0035548624293795126,0.6782,0.897402573175,0.0261
chr2,59397328,0.0035548616263877996,0.6786,0.897402573175,0.0264
chr2,59397329,0.003554860908496797,0.6786,0.897402573175,0.0272
chr2,59397330,0.0035548602814484136,0.6794,0.897402573175,0.0285
chr2,59397331,0.0035548597433396564,0.679,0.897402573175,0.0299
chr2,59397332,0.003554859286205204,0.6776,0.897402573175,0.033
chr2,59397333,0.0035548588984357465,0.6772,0.897402573175,0.0364
chr2,59397334,0.0035548585671604455,0.677,0.897402573175,0.0418
chr2,59397335,0.003554858279866572,0.6758,0.897402573175,0.0505
chr2,59397336,0.0035548580251343813,0.6744,0.897402573175,0.0604
chr2,59397337,0.003554857792670444,0.6746,0.897402573175,0.0751
chr2,59397338,0.0035548575728055936,0.6746,0.897402573175,0.0904
chr2,59397339,0.003554857355602077,0.6734,0.897402573175,0.1111
chr2,59397340,0.0035548571291858164,0.6732,0.897402573175,0.1332
chr2,59397341,0.0035548568765023454,0.672,0.897402573175,0.1635
chr2,59397342,0.003554856567674589,0.6716,0.897402573175,0.2008
chr2,59397343,0.00355485613758566,0.6722,0.897402573175,0.2368
chr2,59397344,0.0035548553962034633,0.6732,0.897402573175,0.2689
chr2,59397345,0.003554853386306003,0.6728,0.897402573175,0.3031
chr2,59397346,-0.0038586935579371182,0.8252,0.912668428005,0.3297
chr2,59397347,-0.0038586935584498014,0.8264,0.912708501006,0.3475
chr2,59397348,-0.00854666631395093,0.523,0.87598884333,0.3633
chr2,59397349,-0.008546666652987112,0.5234,0.876241040793,0.5131
chr2,59397350,-0.008546666816895305,0.5232,0.876156735628,0.4864
chr2,59397351,-0.00854666691101596,0.5204,0.872965905835,0.4467
chr2,59397352,-0.008546666971026077,0.5148,0.866966634708,0.4357
chr2,59397353,-0.008546667012131822,0.5142,0.866879159873,0.4177
chr2,59397354,-0.008546667041844428,0.513,0.865595100865,0.4003
chr2,59397355,-0.008546667064281708,0.5138,0.866362388404,0.3824
chr2,59397356,-0.008546667081883574,0.5128,0.865423904689,0.3593
chr2,59397357,-0.0085466670961832,0.5136,0.866191454633,0.339
chr2,59397358,-0.008546667108186402,0.5108,0.864124241549,0.3294
chr2,59397359,-0.008546667118568326,0.5098,0.863263954497,0.314
chr2,59397360,-0.008546667127782612,0.5072,0.861352412259,0.3035
chr2,59397361,-0.008546667136123376,0.5042,0.858581968008,0.3001
chr2,59397362,-0.008546667143763552,0.5024,0.857428682472,0.2582
chr2,59397363,-0.00854666715078355,0.5022,0.85725393586,0.2695
chr2,59397364,-0.008546667157198711,0.5036,0.858475737578,0.2901
chr2,59397365,-0.008546667162988878,0.5024,0.857428682472,0.3127
chr2,59397366,-0.008546667168128099,0.5038,0.858574338086,0.3483
chr2,59397367,-0.008546667172608801,0.5066,0.860832833511,0.3821
chr2,59397368,-0.008546667176455355,0.5082,0.86221703854,0.4186
chr2,59397369,-0.008546667179726011,0.5064,0.860832833511,0.4461
chr2,59397370,-0.008546667182506048,0.5028,0.857944627939,0.484
chr2,59397371,-0.008546667184897676,0.5022,0.85725393586,0.5076
chr2,59397372,-0.008546667187010377,0.5016,0.856979282171,0.4383
chr2,59397373,-0.008546667188953956,0.502,0.857162438029,0.3764
chr2,59397374,-0.008546667190834847,0.5004,0.855261846842,0.3168
chr2,59397375,-0.008546667192755179,0.5002,0.855003211366,0.2653
chr2,59397376,-0.00854666719481399,0.5028,0.857944627939,0.245
chr2,59397377,-0.008546667197110018,0.5052,0.859534870205,0.2192
chr2,59397378,-0.008546667199745835,0.5034,0.858468058252,0.1933
chr2,59397379,-0.00854666720283339,0.505,0.859444336789,0.1682
chr2,59397380,-0.008546667206501409,0.5022,0.85725393586,0.1317
chr2,59397381,-0.008546667210905412,0.5,0.854744525547,0.1122
chr2,59397382,-0.008546667216241291,0.4982,0.851916179907,0.0985
chr2,59397383,-0.008546667222764415,0.4954,0.850101509985,0.0832
chr2,59397384,-0.008546667230816773,0.496,0.850101509985,0.0716
chr2,59397385,-0.00854666724086629,0.4962,0.850101509985,0.0632
chr2,59397386,-0.008546667253565085,0.4966,0.850101509985,0.0572
chr2,59397387,-0.00854666726983743,0.4972,0.850454572013,0.052
chr2,59397388,-0.008546667291014972,0.496,0.850101509985,0.0459
chr2,59397389,-0.008546667319048346,0.495,0.850101509985,0.0401
chr2,59397390,-0.008546667356845526,0.495,0.850101509985,0.0366
chr2,59397391,-0.008546667408820385,0.494,0.849780628734,0.034
chr2,59397392,-0.00854666748180113,0.4938,0.849519784525,0.0321
chr2,59397393,-0.008546667586564386,0.4938,0.849519784525,0.0301
chr2,59397394,-0.008546667740482078,0.4946,0.850101509985,0.0293
chr2,59397395,-0.008546667972197386,0.4958,0.850101509985,0.0285
chr2,59397396,-0.008546668330107813,0.497,0.850195266848,0.0278
chr2,59397397,-0.008546668898486964,0.496,0.850101509985,0.0273
chr2,59397398,-0.008546669828277455,0.4964,0.850101509985,0.028
chr2,59397399,-0.008546671401007845,0.4904,0.845575341121,0.0282
chr2,59397400,-0.008546674168011472,0.4896,0.844361708395,0.0285
chr2,59397401,-0.00854667929840769,0.491,0.846194564364,0.029
chr2,59397402,-0.008546689422801672,0.4892,0.843920447849,0.0305
chr2,59397403,-0.008546711248844303,0.4888,0.843561799961,0.0332
chr2,59397404,-0.00854676573866893,0.4896,0.844361708395,0.0356
chr2,59397405,-0.00854694738893553,0.4906,0.845754146629,0.0388
chr2,59397406,-0.008547768248785012,0.491,0.846194564364,0.0455
chr2,59397407,-0.008549392396236142,0.4908,0.846015897939,0.0522
chr2,59397408,-0.013709491852018245,0.2536,0.676967756585,0.0577
chr2,59397409,-0.013709491849604072,0.254,0.676967756585,0.066
chr2,59397410,-0.013709491847115967,0.2532,0.676967756585,0.076
chr2,59397411,-0.013709491844544583,0.2534,0.676967756585,0.0905
chr2,59397412,-0.013709491841881295,0.2526,0.676967756585,0.0957
chr2,59397413,-0.013709491839118126,0.2522,0.676967756585,0.1136
chr2,59397414,-0.013709491836247246,0.2538,0.676967756585,0.1522
chr2,59397415,-0.013709491833259783,0.2552,0.677230397341,0.1906
chr2,59397416,-0.013709491830143495,0.256,0.67740885809,0.2328
chr2,59397417,-0.013709491826878913,0.255,0.677006499395,0.2894
chr2,59397418,-0.013709491823432961,0.255,0.677006499395,0.3566
chr2,59397419,-0.0137094918197482,0.2528,0.676967756585,0.4351
chr2,59397420,-0.01370949181572427,0.2546,0.676967756585,0.5144
chr2,59397421,-0.013709491811182943,0.2546,0.676967756585,0.611
chr2,59397422,-0.013709491805796298,0.2524,0.676967756585,0.7215
chr2,59397423,-0.013709491798918208,0.2514,0.676967756585,0.7786
chr2,59397424,-0.01370949178909694,0.2508,0.676967756585,0.8254
chr2,59397425,-0.013709491771936578,0.2506,0.676967756585,0.8746
chr2,59397426,-0.013709491716506155,0.2504,0.676967756585,0.9341
chr2,59397427,-0.012153084336541222,0.313,0.711142801707,0.9191
chr2,59397428,-0.0038586938948329493,0.7944,0.897455364034,0.8932
chr2,59397429,-0.0038586938951875155,0.7942,0.897402573175,0.8444
chr2,59397430,-0.003858693895452551,0.7922,0.897402573175,0.7761
chr2,59397431,-0.003858693895646017,0.7916,0.897402573175,0.6741
chr2,59397432,-0.0038586938957854127,0.7924,0.897402573175,0.461
chr2,59397433,-0.0038586938958872115,0.7898,0.897402573175,0.3499
chr2,59397434,-0.003858693895966194,0.7894,0.897402573175,0.3073
chr2,59397435,-0.0038586938960348477,0.7914,0.897402573175,0.2154
chr2,59397436,-0.00385869389610298,0.7936,0.897402573175,0.1512
chr2,59397437,-0.00385869389617758,0.793,0.897402573175,0.1114
chr2,59397438,-0.0038586938962629725,0.7938,0.897402573175,0.082
chr2,59397439,-0.0038586938963611813,0.7932,0.897402573175,0.0619
chr2,59397440,-0.0038586938964724564,0.795,0.897844467305,0.0455
chr2,59397441,-0.0038586938965958113,0.795,0.897844467305,0.0389
chr2,59397442,-0.003858693896729569,0.7936,0.897402573175,0.035
chr2,59397443,-0.003858693896871783,0.7926,0.897402573175,0.0321
chr2,59397444,-0.003858693897020541,0.792,0.897402573175,0.03
chr2,59397445,-0.003858693897174153,0.7934,0.897402573175,0.0285
chr2,59397446,-0.003858693897331234,0.7948,0.897791768489,0.0276
chr2,59397447,-0.003858693897490716,0.7964,0.898443545279,0.0275
chr2,59397448,-0.0038586938976518294,0.797,0.898506919528,0.0268
chr2,59397449,-0.0038586938978140495,0.7926,0.897402573175,0.0273
chr2,59397450,-0.003858693897977056,0.7936,0.897402573175,0.0291
chr2,59397451,-0.0038586938981406828,0.7914,0.897402573175,0.0302
chr2,59397452,-0.003858693898304869,0.7918,0.897402573175,0.0324
chr2,59397453,-0.0038586938984696505,0.7918,0.897402573175,0.0337
chr2,59397454,-0.0038586938986351306,0.7926,0.897402573175,0.0359
chr2,59397455,-0.0038586938988014697,0.7928,0.897402573175,0.0386
chr2,59397456,-0.0038586938989688736,0.7934,0.897402573175,0.0425
chr2,59397457,-0.003858693899137582,0.7932,0.897402573175,0.048
chr2,59397458,-0.0038586938993078446,0.7928,0.897402573175,0.0547
chr2,59397459,-0.003858693899479923,0.7926,0.897402573175,0.0595
chr2,59397460,-0.0038586938996540616,0.792,0.897402573175,0.0636
chr2,59397461,-0.0038586938998304687,0.792,0.897402573175,0.0679
chr2,59397462,-0.003858693900009306,0.7922,0.897402573175,0.0707
chr2,59397463,-0.0038586939001906627,0.7918,0.897402573175,0.0723
chr2,59397464,-0.003858693900374546,0.7918,0.897402573175,0.0716
chr2,59397465,-0.003858693900560871,0.7912,0.897402573175,0.0761
chr2,59397466,-0.0038586939007494514,0.792,0.897402573175,0.0707
chr2,59397467,-0.0038586939009400073,0.7916,0.897402573175,0.0651
chr2,59397468,-0.0038586939011321488,0.791,0.897402573175,0.0601
chr2,59397469,-0.0038586939013253744,0.7904,0.897402573175,0.0563
chr2,59397470,-0.003858693901519074,0.7896,0.897402573175,0.0509
chr2,59397471,-0.0038586939017125365,0.7896,0.897402573175,0.0473
chr2,59397472,-0.0038586939019049585,0.7898,0.897402573175,0.0449
chr2,59397473,-0.0038586939020954867,0.7892,0.897402573175,0.0448
chr2,59397474,-0.003858693902283278,0.7882,0.897402573175,0.0469
chr2,59397475,-0.0038586939024676296,0.7876,0.897402573175,0.0558
chr2,59397476,-0.0038586939026481037,0.7874,0.897402573175,0.0666
chr2,59397477,-0.0038586939028247332,0.7872,0.897402573175,0.0854
chr2,59397478,-0.00385869390299825,0.7868,0.897402573175,0.1216
chr2,59397479,-0.0038586939031703227,0.7872,0.897402573175,0.1474
chr2,59397480,-0.0038586939033438184,0.7878,0.897402573175,0.1774
chr2,59397481,-0.0038586939035230084,0.7864,0.897402573175,0.2075
chr2,59397482,-0.0038586939037138016,0.788,0.897402573175,0.2511
chr2,59397483,-0.0038586939039239676,0.7892,0.897402573175,0.2847
chr2,59397484,-0.0038586939041633695,0.7908,0.897402573175,0.3193
chr2,59397485,-0.003858693904444168,0.7924,0.897402573175,0.3437
chr2,59397486,-0.0038586939047809826,0.7928,0.897402573175,0.3704
chr2,59397487,-0.0038586939051909017,0.794,0.897402573175,0.3908
chr2,59397488,-0.003858693905693266,0.7978,0.898506919528,0.41
chr2,59397489,-0.0038586939063092007,0.7974,0.898506919528,0.4248
chr2,59397490,-0.003858693907060883,0.7962,0.898391019464,0.4419
chr2,59397491,-0.003858693907970707,0.7946,0.897623577079,0.4522
chr2,59397492,-0.003858693909060455,0.793,0.897402573175,0.4639
chr2,59397493,-0.0038586939103506285,0.7898,0.897402573175,0.4808
chr2,59397494,-0.0038586939118599836,0.79,0.897402573175,0.4979
chr2,59397495,-0.0038586939136052356,0.7922,0.897402573175,0.5153
chr2,59397496,-0.0038586939156008393,0.789,0.897402573175,0.5249
chr2,59397497,-0.003858693917858735,0.7908,0.897402573175,0.5375
chr2,59397498,-0.0038586939203880117,0.7896,0.897402573175,0.5456
chr2,59397499,-0.0038586939231944686,0.7878,0.897402573175,0.548
chr2,59397500,-0.003858693926280145,0.7844,0.897402573175,0.5436
chr2,59397501,-0.0038586939296429076,0.7848,0.897402573175,0.5282
chr2,59397502,-0.0038586939332762127,0.7838,0.897402573175,0.4979
chr2,59397503,-0.0038586939371691143,0.7844,0.897402573175,0.4565
chr2,59397504,-0.0038586939413065655,0.7842,0.897402573175,0.3072
chr2,59397505,-0.0038586939456699975,0.7824,0.897402573175,0.2674
chr2,59397506,-0.0038586939502381103,0.78,0.897402573175,0.2214
chr2,59397507,-0.0038586939549878118,0.7796,0.897402573175,0.1829
chr2,59397508,-0.003858693959895218,0.7808,0.897402573175,0.1191
chr2,59397509,-0.0038586939649366157,0.7822,0.897402573175,0.0948
chr2,59397510,-0.003858693970089306,0.7812,0.897402573175,0.0754
chr2,59397511,-0.0038586939753323347,0.7804,0.897402573175,0.0631
chr2,59397512,-0.0038586939806469723,0.7808,0.897402573175,0.0517
chr2,59397513,-0.0038586939860169945,0.7814,0.897402573175,0.0442
chr2,59397514,-0.003858693991428748,0.7814,0.897402573175,0.0381
chr2,59397515,-0.0038586939968710343,0.7814,0.897402573175,0.0351
chr2,59397516,-0.0038586940023348447,0.7814,0.897402573175,0.0327
chr2,59397517,-0.0038586940078129905,0.7804,0.897402573175,0.0308
chr2,59397518,-0.0038586940132996693,0.7808,0.897402573175,0.0298
chr2,59397519,-0.0038586940187900053,0.7812,0.897402573175,0.0293
chr2,59397520,-0.003858694024279564,0.7826,0.897402573175,0.0295
chr2,59397521,-0.0038586940297638673,0.7802,0.897402573175,0.0311
chr2,59397522,-0.0038586940352379477,0.7822,0.897402573175,0.0328
chr2,59397523,-0.0038586940406959277,0.7788,0.897402573175,0.0345
chr2,59397524,-0.003858694046130662,0.7782,0.897402573175,0.0386
chr2,59397525,-0.0038586940515334617,0.7782,0.897402573175,0.0444
chr2,59397526,-0.0038586940568939073,0.777,0.897402573175,0.0496
chr2,59397527,-0.0038586940621998253,0.777,0.897402573175,0.059
chr2,59397528,-0.0038586940674373298,0.7774,0.897402573175,0.0692
chr2,59397529,-0.0038586940725909894,0.7776,0.897402573175,0.0779
chr2,59397530,-0.003858694077644056,0.7768,0.897402573175,0.0903
chr2,59397531,-0.003858694082578685,0.7768,0.897402573175,0.1001
chr2,59397532,-0.0038586940873761395,0.7766,0.897402573175,0.11
chr2,59397533,-0.0038586940920168457,0.7762,0.897402573175,0.1168
chr2,59397534,-0.003858694096480346,0.7768,0.897402573175,0.1187
chr2,59397535,-0.003858694100745122,0.778,0.897402573175,0.1457
chr2,59397536,-0.0038586941047884433,0.7778,0.897402573175,0.1367
chr2,59397537,-0.0038586941085863385,0.779,0.897402573175,0.125
chr2,59397538,-0.0038586941121140027,0.7792,0.897402573175,0.1092
chr2,59397539,-0.0038586941153468854,0.7798,0.897402573175,0.0807
chr2,59397540,-0.003858694118262706,0.7808,0.897402573175,0.0661
chr2,59397541,-0.0038586941208443343,0.7806,0.897402573175,0.0596
chr2,59397542,-0.0038586941230830344,0.7816,0.897402573175,0.0546
chr2,59397543,-0.0038586941249810535,0.783,0.897402573175,0.0506
chr2,59397544,-0.003858694126552356,0.783,0.897402573175,0.0505
chr2,59397545,-0.003858694127820798,0.7822,0.897402573175,0.0506
chr2,59397546,-0.003858694128816079,0.7832,0.897402573175,0.0546
chr2,59397547,-0.0047653154886492044,0.7172,0.897402573175,0.061
chr2,59397548,-0.00476531564524265,0.7216,0.897402573175,0.0709
chr2,59397549,-0.004765315703757691,0.7202,0.897402573175,0.0848
chr2,59397550,-0.00476531572094445,0.721,0.897402573175,0.1026
chr2,59397551,-0.00476531573126308,0.7212,0.897402573175,0.1552
chr2,59397552,-0.004765315738810907,0.722,0.897402573175,0.191
chr2,59397553,-0.004765315744819759,0.7224,0.897402573175,0.1838
chr2,59397554,-0.004765315749921955,0.7234,0.897402573175,0.1759
chr2,59397555,-0.004765315754486317,0.723,0.897402573175,0.1633
chr2,59397556,-0.004765315758740371,0.7234,0.897402573175,0.1758
chr2,59397557,-0.004765315762829949,0.7234,0.897402573175,0.1765
chr2,59397558,-0.004765315766850274,0.7248,0.897402573175,0.1757
chr2,59397559,-0.004765315770863175,0.7228,0.897402573175,0.1623
chr2,59397560,-0.004765315774907334,0.7244,0.897402573175,0.1271
chr2,59397561,-0.004765315779004929,0.7262,0.897402573175,0.1113
chr2,59397562,-0.004765315783166432,0.7262,0.897402573175,0.0963
chr2,59397563,-0.004765315787394072,0.7254,0.897402573175,0.0795
chr2,59397564,-0.004765315791684617,0.7242,0.897402573175,0.069
chr2,59397565,-0.00476531579603152,0.7244,0.897402573175,0.0601
chr2,59397566,-0.004765315800426606,0.7246,0.897402573175,0.0505
chr2,59397567,-0.004765315804861274,0.7252,0.897402573175,0.044
chr2,59397568,-0.00476531580932733,0.7266,0.897402573175,0.0393
chr2,59397569,-0.004765315813817515,0.7266,0.897402573175,0.0358
chr2,59397570,-0.004765315818325779,0.7266,0.897402573175,0.0324
chr2,59397571,-0.0047653158228473545,0.726,0.897402573175,0.0301
chr2,59397572,-0.004765315827378755,0.7268,0.897402573175,0.0287
chr2,59397573,-0.004765315831917704,0.7258,0.897402573175,0.0282
chr2,59397574,-0.00476531583646309,0.7274,0.897402573175,0.0283
chr2,59397575,-0.004765315841014953,0.7286,0.897402573175,0.0282
chr2,59397576,-0.004765315845574557,0.7342,0.897402573175,0.0287
chr2,59397577,-0.004765315850144535,0.735,0.897402573175,0.0298
chr2,59397578,-0.004765315854729124,0.7372,0.897402573175,0.0332
chr2,59397579,-0.004765315859334464,0.7376,0.897402573175,0.038
chr2,59397580,-0.004765315863968928,0.7358,0.897402573175,0.0431
chr2,59397581,-0.004765315868643441,0.7358,0.897402573175,0.0501
chr2,59397582,-0.004765315873371711,0.7362,0.897402573175,0.0618
chr2,59397583,-0.004765315878170325,0.7356,0.897402573175,0.077
chr2,59397584,-0.00476531588305858,0.7352,0.897402573175,0.0971
chr2,59397585,-0.004765315888057985,0.7358,0.897402573175,0.1199
chr2,59397586,-0.0047653158931913655,0.7352,0.897402573175,0.1738
chr2,59397587,-0.0047653158984815565,0.7354,0.897402573175,0.2192
chr2,59397588,-0.0047653159039497146,0.7378,0.897402573175,0.2662
chr2,59397589,-0.004765315909613435,0.739,0.897402573175,0.3132
chr2,59397590,-0.004765315915484903,0.7396,0.897402573175,0.3583
chr2,59397591,-0.004765315921569469,0.7394,0.897402573175,0.3942
chr2,59397592,-0.004765315927864943,0.7398,0.897402573175,0.419
chr2,59397593,-0.004765315934361704,0.7394,0.897402573175,0.3671
chr2,59397594,-0.004765315941043483,0.7396,0.897402573175,0.367
chr2,59397595,-0.004765315947888456,0.7392,0.897402573175,0.3749
chr2,59397596,-0.004765315954870322,0.7418,0.897402573175,0.3821
chr2,59397597,-0.004765315961959201,0.744,0.897402573175,0.3933
chr2,59397598,-0.004765315969122392,0.7456,0.897402573175,0.4163
chr2,59397599,-0.004765315976325147,0.7416,0.897402573175,0.4493
chr2,59397600,-0.00476531598353152,0.747,0.897402573175,0.473
chr2,59397601,-0.004765315990705399,0.749,0.897402573175,0.5071
chr2,59397602,-0.004765315997811613,0.7502,0.897402573175,0.5466
chr2,59397603,-0.004765316004817132,0.7526,0.897402573175,0.5692
chr2,59397604,-0.00476531601169219,0.751,0.897402573175,0.6351
chr2,59397605,-0.004765316018411299,0.7518,0.897402573175,0.7033
chr2,59397606,-0.004765316024954074,0.7516,0.897402573175,0.7315
chr2,59397607,-0.004765316031305805,0.7536,0.897402573175,0.6947
chr2,59397608,-0.004765316037457748,0.7556,0.897402573175,0.653
chr2,59397609,-0.004765316043407104,0.7552,0.897402573175,0.585
chr2,59397610,-0.0047653160491567025,0.755,0.897402573175,0.5114
chr2,59397611,-0.0047653160547144234,0.7544,0.897402573175,0.5147
chr2,59397612,-0.004765316060092368,0.7546,0.897402573175,0.4144
chr2,59397613,-0.00476531606530591,0.756,0.897402573175,0.3076
chr2,59397614,-0.004765316070372632,0.7558,0.897402573175,0.2225
chr2,59397615,-0.004765316075311279,0.755,0.897402573175,0.1665
chr2,59397616,-0.004765316080140797,0.7558,0.897402573175,0.1189
chr2,59397617,-0.0047653160848794745,0.7568,0.897402573175,0.0895
chr2,59397618,-0.004765316089544296,0.7568,0.897402573175,0.0684
chr2,59397619,-0.004765316094150489,0.757,0.897402573175,0.0523
chr2,59397620,-0.004765316098711216,0.7564,0.897402573175,0.0432
chr2,59397621,-0.004765316103237495,0.7558,0.897402573175,0.0368
chr2,59397622,-0.004765316107738265,0.7558,0.897402573175,0.0331
chr2,59397623,-0.004765316112220514,0.7564,0.897402573175,0.03
chr2,59397624,-0.004765316116689477,0.7572,0.897402573175,0.0284
chr2,59397625,-0.004765316121148843,0.7566,0.897402573175,0.0267
chr2,59397626,-0.004765316125600926,0.757,0.897402573175,0.0264
chr2,59397627,-0.00476531613004678,0.7592,0.897402573175,0.0261
chr2,59397628,-0.004765316134486214,0.7604,0.897402573175,0.0259
chr2,59397629,-0.004765316138917706,0.7626,0.897402573175,0.0256
chr2,59397630,-0.004765316143338184,0.7632,0.897402573175,0.026
chr2,59397631,-0.004765316147742713,0.7632,0.897402573175,0.0271
chr2,59397632,-0.004765316152124085,0.7632,0.897402573175,0.0279
chr2,59397633,-0.004765316156472343,0.7632,0.897402573175,0.0287
chr2,59397634,-0.0047653161607743326,0.7632,0.897402573175,0.0296
chr2,59397635,-0.00476531616501335,0.7632,0.897402573175,0.031
chr2,59397636,-0.004765316169168971,0.7632,0.897402573175,0.0329
chr2,59397637,-0.004765316173217186,0.7632,0.897402573175,0.0351
chr2,59397638,-0.004765316177130891,0.7632,0.897402573175,0.0384
chr2,59397639,-0.004765316180880794,0.7632,0.897402573175,0.0421
chr2,59397640,-0.004765316184436749,0.7632,0.897402573175,0.0459
chr2,59397641,-0.004765316187769427,0.7632,0.897402573175,0.0495
chr2,59397642,-0.004765316190852178,0.7632,0.897402573175,0.0586
chr2,59397643,-0.004765316193662927,0.7632,0.897402573175,0.0714
chr2,59397644,-0.004765316196185844,0.7632,0.897402573175,0.0722
chr2,59403906,-0.022372387147024317,0.1476,0.609448519041,0.5085
chr2,59403907,-0.022372387153659593,0.1476,0.609448519041,0.5419
chr2,59403908,-0.0223723871610949,0.1476,0.609448519041,0.5525
chr2,59403909,-0.022372387169290874,0.1476,0.609448519041,0.5401
chr2,59403910,-0.022372387178187007,0.1476,0.609448519041,0.5077
chr2,59403911,-0.02237238718770472,0.1476,0.609448519041,0.4629
chr2,59403912,-0.02237238719775125,0.1476,0.609448519041,0.4076
chr2,59403913,-0.0223723872082237,0.1476,0.609448519041,0.3492
chr2,59403914,-0.022372387219013103,0.147,0.608688118812,0.3007
chr2,59403915,-0.022372387230007944,0.1456,0.60460141844,0.2543
chr2,59403916,-0.022372387241096754,0.1412,0.595195104392,0.2239
chr2,59403917,-0.0223723872521697,0.1374,0.58936043956,0.1974
chr2,59403918,-0.022372387263118833,0.1348,0.583767751479,0.183
chr2,59403919,-0.022372387273836915,0.1312,0.575988002999,0.1716
chr2,59403920,-0.02237238728421443,0.1284,0.571262917933,0.1621
chr2,59403921,-0.02237238729413553,0.125,0.562115975422,0.152
chr2,59403922,-0.022372387303471433,0.123,0.55826744186,0.1418
chr2,59403923,-0.022372387312071498,0.1232,0.558495490853,0.1345
chr2,59403924,-0.02237238731975131,0.1226,0.557027677186,0.1177
chr2,59403925,-0.022372387326276805,0.121,0.553818418314,0.1037
chr2,59403926,-0.022372387331343568,0.1202,0.553134136757,0.0921
chr2,59403927,-0.022372387334549965,0.1202,0.553134136757,0.081
chr2,59403928,-0.022372387335361954,0.1204,0.553669367486,0.0706
chr2,59403929,-0.022372387333066217,0.1186,0.550530919662,0.0618
chr2,59403930,-0.022372387326703262,0.1184,0.550038614123,0.0486
chr2,59403931,-0.02237238731495822,0.1166,0.549199625869,0.0446
chr2,59403932,-0.022372387295946858,0.1162,0.549199625869,0.0395
chr2,59403933,-0.022372387266757762,0.1146,0.54655145262,0.0372
chr2,59403934,-0.02237238722249653,0.11,0.533743093923,0.0383
chr2,59403935,-0.02237238715461084,0.1074,0.528574110395,0.0393
chr2,59403936,-0.0151335983506834,0.2732,0.694991670137,0.0432
chr2,59403937,-0.015133598341012744,0.2712,0.694102870465,0.0474
chr2,59403938,-0.015133598331378053,0.2702,0.692653677758,0.0515
chr2,59403939,-0.015133598321798149,0.2694,0.691511179307,0.0554
chr2,59403940,-0.015133598312286929,0.2704,0.692863019694,0.0599
chr2,59403941,-0.015133598302853334,0.2696,0.691822352082,0.066
chr2,59403942,-0.015133598293501213,0.2698,0.69213334307,0.0708
chr2,59403943,-0.015133598284229373,0.2692,0.691300877193,0.0757
chr2,59403944,-0.010003994760057817,0.472,0.823723536984,0.0797
chr2,59403945,-0.01000399471779837,0.4724,0.823723536984,0.082
chr2,59403946,-0.010003994681705966,0.472,0.823723536984,0.0826
chr2,59403947,-0.010003994650101832,0.4714,0.823723536984,0.083
chr2,59403948,-0.010003994621811412,0.4706,0.823479677227,0.0826
chr2,59403949,-0.010003994595987291,0.4698,0.822921650718,0.0821
chr2,59403950,-0.010003994572000189,0.4688,0.822318327011,0.0822
chr2,59403951,-0.010003994549374085,0.4668,0.820344372186,0.0821
chr2,59403952,-0.010003994527743086,0.462,0.817815090543,0.0817
chr2,59403953,-0.010003994506823021,0.4598,0.816704115684,0.0837
chr2,59403954,-0.0100039944863923,0.4588,0.816083240506,0.0828
chr2,59403955,-0.010003994466278636,0.4574,0.814087648191,0.0823
chr2,59403956,-0.010003994446349607,0.4564,0.812801987225,0.0815
chr2,59403957,-0.010003994426505935,0.4532,0.810088378708,0.0798
chr2,59403958,-0.010003994406675546,0.4534,0.810088378708,0.0875
chr2,59403959,-0.010003994386809644,0.4544,0.81030822335,0.0982
chr2,59403960,-0.010003994366878278,0.454,0.810088378708,0.0867
chr2,59403961,-0.010003994346867572,0.4546,0.810418045265,0.0778
chr2,59403962,-0.010003994326777146,0.4532,0.810088378708,0.0677
chr2,59403963,-0.010003994306618458,0.4534,0.810088378708,0.0525
chr2,59403964,-0.010003994286414231,0.453,0.810088378708,0.0473
chr2,59403965,-0.010003994266199131,0.4526,0.809728967203,0.0431
chr2,59403966,-0.010003994246021835,0.453,0.810088378708,0.0408
chr2,59403967,-0.010003994225948344,0.4536,0.810088378708,0.0385
chr2,59403968,-0.010003994206065943,0.4532,0.810088378708,0.0396
chr2,59403969,-0.01000399418648678,0.4526,0.809728967203,0.0409
chr2,59403970,-0.0059613470312768,0.6768,0.897402573175,0.0441
chr2,59403971,-0.005961347014956081,0.6722,0.897402573175,0.0492
chr2,59403972,-0.0059613469988419165,0.67,0.897402573175,0.0574
chr2,59403973,-0.005961346982955406,0.6678,0.897402573175,0.0777
chr2,59403974,-0.005961346967319828,0.6678,0.897402573175,0.1215
chr2,59403975,-0.005961346951953592,0.6682,0.897402573175,0.1674
chr2,59403976,-0.0059613469368642435,0.6662,0.897402573175,0.2276
chr2,59403977,-0.005961346922045144,0.6658,0.897402573175,0.3013
chr2,59403978,-0.0059613469074755445,0.6664,0.897402573175,0.388
chr2,59403979,-0.005961346893123666,0.667,0.897402573175,0.4792
chr2,59403980,-0.005961346878951541,0.6676,0.897402573175,0.5517
chr2,59403981,-0.0059613468649201634,0.6664,0.897402573175,0.6047
chr2,59403982,-0.00596134685099388,0.6652,0.897402573175,0.6327
chr2,59403983,-0.005961346837143476,0.6674,0.897402573175,0.6377
chr2,59403984,-0.00596134682334775,0.6652,0.897402573175,0.6203
chr2,59403985,-0.005961346809593845,0.6632,0.897402573175,0.5767
chr2,59403986,-0.005961346795876272,0.6638,0.897402573175,0.511
chr2,59403987,-0.005961346782195134,0.6616,0.897402573175,0.4267
chr2,59403988,-0.005961346768553847,0.662,0.897402573175,0.3369
chr2,59403989,-0.0059613467549567735,0.6624,0.897402573175,0.2551
chr2,59403990,-0.005961346741407185,0.6624,0.897402573175,0.1872
chr2,59403991,-0.005961346727905966,0.6626,0.897402573175,0.1352
chr2,59403992,-0.005961346714451095,0.662,0.897402573175,0.0992
chr2,59403993,-0.005961346701037899,0.6628,0.897402573175,0.0729
chr2,59403994,-0.005961346687659795,0.664,0.897402573175,0.0549
chr2,59403995,-0.0059613466743091564,0.6638,0.897402573175,0.0456
chr2,59403996,-0.005961346660978,0.662,0.897402573175,0.0425
chr2,59403997,-0.005961346647658316,0.6594,0.897402573175,0.038
chr2,59403998,-0.005961346634342012,0.6576,0.897402573175,0.0362
chr2,59403999,-0.005961346621020492,0.6578,0.897402573175,0.0351
chr2,59404000,-0.005961346607683982,0.6504,0.897402573175,0.0364
chr2,59404001,-0.0059613465943207,0.6488,0.897402573175,0.0413
chr2,59404002,-0.005961346580915975,0.6494,0.897402573175,0.047
chr2,59404003,-0.0059613465674514515,0.6492,0.897402573175,0.0505
chr2,59404004,-0.005961346553904478,0.6484,0.897402573175,0.055
chr2,59404005,-0.005961346540247858,0.6482,0.897402573175,0.0696
chr2,59404006,-0.005961346526450046,0.6474,0.897402573175,0.0892
chr2,59404007,-0.005961346512475925,0.6464,0.897402573175,0.1135
chr2,59404008,-0.005961346498288144,0.6466,0.897402573175,0.145
chr2,59404009,-0.005961346483849,0.646,0.897402573175,0.2227
chr2,59404010,-0.005961346469122651,0.646,0.897402573175,0.2163
chr2,59404011,-0.005961346454077479,0.6454,0.897402573175,0.2039
chr2,59404012,-0.005961346438688298,0.645,0.897402573175,0.1873
chr2,59404013,-0.005961346422938149,0.6442,0.897402573175,0.1674
chr2,59404014,-0.005961346406819508,0.644,0.897402573175,0.167
chr2,59404015,-0.005961346390334777,0.6448,0.897402573175,0.1605
chr2,59404016,-0.005961346373496004,0.6448,0.897402573175,0.1483
chr2,59404017,-0.005961346356323905,0.6434,0.897402573175,0.1299
chr2,59404018,-0.0059613463388462845,0.6438,0.897402573175,0.1121
chr2,59404019,-0.005961346321096071,0.6434,0.897402573175,0.0947
chr2,59404020,-0.005961346303109132,0.6438,0.897402573175,0.0776
chr2,59404021,-0.00596134628492214,0.644,0.897402573175,0.0642
chr2,59404022,-0.0059613462665706616,0.6438,0.897402573175,0.0534
chr2,59404023,-0.0059613462480876175,0.6436,0.897402573175,0.0468
chr2,59404024,-0.005961346229502214,0.6434,0.897402573175,0.0411
chr2,59404025,-0.005961346210839363,0.6432,0.897402573175,0.0368
chr2,59404026,-0.0059613461921195245,0.6428,0.897402573175,0.0329
chr2,59404027,-0.005961346173358911,0.643,0.897402573175,0.0308
chr2,59404028,-0.005961346154569929,0.6436,0.897402573175,0.0289
chr2,59404029,-0.005961346135761756,0.6432,0.897402573175,0.0275
chr2,59404030,-0.00596134611694102,0.642,0.897402573175,0.0263
chr2,59404031,-0.005961346098112371,0.642,0.897402573175,0.0261
chr2,59404032,-0.00596134607927901,0.643,0.897402573175,0.0259
chr2,59404033,-0.005961346060443202,0.643,0.897402573175,0.0252
chr2,59404034,-0.0059613460416067,0.6456,0.897402573175,0.0253
chr2,59404035,-0.0059613460227711385,0.648,0.897402573175,0.0253
chr2,59404036,-0.005961346003938437,0.6474,0.897402573175,0.0259
chr2,59404037,-0.005961345985111358,0.6466,0.897402573175,0.0263
chr2,59404038,-0.005961345966294004,0.6462,0.897402573175,0.0264
chr2,59404039,-0.005961345947492587,0.6448,0.897402573175,0.0275
chr2,59404040,-0.005961345928716405,0.645,0.897402573175,0.0291
chr2,59404041,-0.005961345909978981,0.6456,0.897402573175,0.0312
chr2,59404042,-0.005961345891299475,0.6444,0.897402573175,0.0343
chr2,59404043,-0.005961345872704331,0.6452,0.897402573175,0.0384
chr2,59404044,-0.005961345854229009,0.6456,0.897402573175,0.0446
chr2,59404045,-0.0059613458359197395,0.6442,0.897402573175,0.0541
chr2,59404046,-0.005961345817835136,0.6446,0.897402573175,0.0682
chr2,59404047,-0.005961345800047526,0.644,0.897402573175,0.093
chr2,59404048,-0.005961345782643816,0.6442,0.897402573175,0.126
chr2,59404049,-0.005961345765725747,0.6432,0.897402573175,0.173
chr2,59404050,-0.005961345749409471,0.644,0.897402573175,0.2355
chr2,59404051,-0.005961345733824319,0.6426,0.897402573175,0.3184
chr2,59404052,-0.00596134571911079,0.6402,0.897402573175,0.3478
chr2,59404053,-0.005961345705417732,0.6422,0.897402573175,0.4328
chr2,59404054,-0.005961345692898735,0.6406,0.897402573175,0.5292
chr2,59404055,-0.00596134568170775,0.641,0.897402573175,0.6181
chr2,59404056,-0.005961345671994034,0.6416,0.897402573175,0.6996
chr2,59404057,-0.005961345663896468,0.6414,0.897402573175,0.759
chr2,59404058,-0.003957839047760928,0.7858,0.897402573175,0.8025
chr2,59404059,-0.003957838171307351,0.7866,0.897402573175,0.8285
chr2,59404060,-0.003957837864681091,0.7844,0.897402573175,0.8409
chr2,59404061,-0.003957837704199769,0.7844,0.897402573175,0.8442
chr2,59404062,-0.003957837602587066,0.7846,0.897402573175,0.8321
chr2,59404063,-0.003957837530362876,0.7808,0.897402573175,0.8079
chr2,59404064,-0.003957837474767851,0.781,0.897402573175,0.7604
chr2,59404065,-0.003957837429366117,0.7794,0.897402573175,0.7782
chr2,59404066,-0.003957837390554893,0.7794,0.897402573175,0.7915
chr2,59404067,-0.003957837356160128,0.7814,0.897402573175,0.6737
chr2,59404068,-0.0039578373247945355,0.78,0.897402573175,0.5387
chr2,59404069,-0.003957837295534487,0.7804,0.897402573175,0.3973
chr2,59404070,-0.003957837267744433,0.78,0.897402573175,0.2809
chr2,59404071,-0.003957837240975153,0.7796,0.897402573175,0.1602
chr2,59404072,-0.0039578372149012605,0.7802,0.897402573175,0.1162
chr2,59404073,-0.003957837189280597,0.78,0.897402573175,0.0878
chr2,59404074,-0.003957837163926289,0.779,0.897402573175,0.068
chr2,59404075,-0.003957837138686386,0.7806,0.897402573175,0.0576
chr2,59404076,-0.003957837113428228,0.7818,0.897402573175,0.0505
chr2,59404077,-0.003957837088025933,0.7868,0.897402573175,0.048
chr2,59404078,-0.0039578370623501394,0.7856,0.897402573175,0.0483
chr2,59404079,-0.00395783703625938,0.787,0.897402573175,0.0494
chr2,59404080,-0.003957837009593073,0.7874,0.897402573175,0.054
chr2,59404081,-0.003957836982166596,0.7866,0.897402573175,0.0588
chr2,59404082,-0.00395783695376268,0.785,0.897402573175,0.0651
chr2,59404083,-0.003957836924131148,0.7828,0.897402573175,0.074
chr2,59404084,-0.003957836892983705,0.783,0.897402573175,0.0806
chr2,59404085,-0.003957836859991173,0.7818,0.897402573175,0.0873
chr2,59404086,-0.003957836824781875,0.7812,0.897402573175,0.0813
chr2,59404087,-0.003957836786941866,0.7808,0.897402573175,0.083
chr2,59404088,-0.003957836746018099,0.7822,0.897402573175,0.0831
chr2,59404089,-0.003957836701523304,0.7822,0.897402573175,0.0815
chr2,59404090,-0.003957836652952342,0.7796,0.897402573175,0.0779
chr2,59404091,-0.003957836599790119,0.7802,0.897402573175,0.0735
chr2,59404092,-0.0039578365415292366,0.7812,0.897402573175,0.0642
chr2,59404093,-0.003957836477676851,0.7798,0.897402573175,0.0618
chr2,59404094,-0.003957836407747323,0.7804,0.897402573175,0.0596
chr2,59404095,-0.003957836331230836,0.7812,0.897402573175,0.0589
chr2,59404096,-0.0039578362475313515,0.7812,0.897402573175,0.0595
chr2,59404097,-0.003957836155870595,0.778,0.897402573175,0.0618
chr2,59404098,-0.003957836055163132,0.7788,0.897402573175,0.059
chr2,59404099,-0.003957835943838757,0.7824,0.897402573175,0.0617
chr2,59404100,-0.003957835819615963,0.7824,0.897402573175,0.0636
chr2,59404101,-0.003957835679176241,0.785,0.897402573175,0.0663
chr2,59404102,-0.003957835517667439,0.7864,0.897402573175,0.0668
chr2,59404103,-0.00395783532790101,0.7854,0.897402573175,0.0666
chr2,59404104,-0.0039578350989992435,0.7858,0.897402573175,0.0648
chr2,59404105,-0.0039578348140660085,0.7876,0.897402573175,0.062
chr2,59404106,-0.003957834446278708,0.788,0.897402573175,0.0639
chr2,59404107,-0.003957833953597387,0.788,0.897402573175,0.0649
chr2,59404108,-0.003957833279867623,0.7888,0.897402573175,0.0592
chr2,59404109,-0.003957832401640058,0.7878,0.897402573175,0.054
chr2,59404110,-0.00395783146021916,0.7874,0.897402573175,0.0499
chr2,59404111,-0.003957830702352564,0.7868,0.897402573175,0.0468
chr2,59404112,-0.003957830188544583,0.7884,0.897402573175,0.046
chr2,59404113,-0.003957829851448817,0.788,0.897402573175,0.0491
chr2,59404114,-0.003957829624523865,0.7872,0.897402573175,0.0577
chr2,59404115,-0.003957829465829491,0.7866,0.897402573175,0.0684
chr2,59404116,-0.003957829350570221,0.7872,0.897402573175,0.0889
chr2,59404117,-0.003957829263895787,0.7872,0.897402573175,0.1025
chr2,59404118,-0.003957829196652108,0.7878,0.897402573175,0.1137
chr2,59404119,-0.003957829143018315,0.7864,0.897402573175,0.1279
chr2,59404120,-0.003957829099185919,0.7868,0.897402573175,0.1415
chr2,59404121,-0.003957829062597697,0.7868,0.897402573175,0.1515
chr2,59404122,-0.003957829031499047,0.7872,0.897402573175,0.1585
chr2,59404123,-0.003957829004665157,0.788,0.897402573175,0.16
chr2,59404124,-0.003957828981230194,0.7888,0.897402573175,0.1552
chr2,59404125,-0.003957828960577097,0.788,0.897402573175,0.151
chr2,59404126,-0.003957828942263413,0.7894,0.897402573175,0.1452
chr2,59404127,-0.003957828925969693,0.789,0.897402573175,0.1394
chr2,59404128,-0.003957828911461804,0.791,0.897402573175,0.1359
chr2,59404129,-0.003957828898563066,0.7896,0.897402573175,0.1383
chr2,59404130,-0.003957828887134452,0.791,0.897402573175,0.144
chr2,59404131,-0.003957828877062103,0.7934,0.897402573175,0.1539
chr2,59404132,-0.003957828868251633,0.7926,0.897402573175,0.1724
chr2,59404133,-0.003957828860627881,0.7942,0.897402573175,0.1965
chr2,59404134,-0.0039578288541384146,0.7964,0.898443545279,0.2275
chr2,59404135,-0.003957828848759154,0.7934,0.897402573175,0.2657
chr2,59404136,-0.0039578288445010455,0.791,0.897402573175,0.3087
chr2,59404137,-0.0039578288414174705,0.7902,0.897402573175,0.3514
chr2,59404138,-0.003957828839612696,0.7906,0.897402573175,0.3927
chr2,59404139,-0.003957828839251969,0.7894,0.897402573175,0.5889
chr2,59404140,-0.0039578288405738415,0.7888,0.897402573175,0.4526
chr2,59404141,-0.003957828843904875,0.7878,0.897402573175,0.4763
chr2,59404142,-0.003957828849676034,0.7866,0.897402573175,0.4934
chr2,59404143,-0.003957828858438835,0.7856,0.897402573175,0.3763
chr2,59404144,-0.003957828870878062,0.7852,0.897402573175,0.2925
chr2,59404145,-0.00395782888781785,0.7838,0.897402573175,0.2245
chr2,59404146,-0.003957828910220673,0.7838,0.897402573175,0.2159
chr2,59404147,-0.00395782893918592,0.7822,0.897402573175,0.1965
chr2,59404148,-0.003957828975964636,0.7834,0.897402573175,0.1774
chr2,59404149,-0.003957829022013785,0.7802,0.897402573175,0.1549
chr2,59404150,-0.003957829079118196,0.7806,0.897402573175,0.1332
chr2,59404151,-0.003957829149593931,0.7816,0.897402573175,0.1139
chr2,59404152,-0.0039578292365933495,0.7822,0.897402573175,0.0975
chr2,59404153,-0.003957829344538717,0.782,0.897402573175,0.0831
chr2,59404154,-0.003957829479740074,0.7806,0.897402573175,0.0702
chr2,59404155,-0.003957829651298061,0.782,0.897402573175,0.0648
chr2,59404156,-0.003957829872457693,0.7818,0.897402573175,0.0546
chr2,59404157,-0.003957830162673206,0.7816,0.897402573175,0.0451
chr2,59404158,-0.0039578305507794575,0.7802,0.897402573175,0.0386
chr2,59404159,-0.00395783107984382,0.7796,0.897402573175,0.0338
chr2,59404160,-0.003957831814451486,0.7796,0.897402573175,0.0307
chr2,59404161,-0.0039578328511764875,0.7794,0.897402573175,0.029
chr2,59404162,-0.003957834332302673,0.7796,0.897402573175,0.028
chr2,59404163,-0.0039578364603937545,0.7794,0.897402573175,0.0273
chr2,59404164,-0.003957839490101776,0.7796,0.897402573175,0.0267
chr2,59404165,-0.003957843727213762,0.7798,0.897402573175,0.026
chr2,59404166,-0.003957849454924466,0.7798,0.897402573175,0.0256
chr2,59404167,-0.0039578568605056685,0.7796,0.897402573175,0.0255
chr2,59404168,-0.00395786596487246,0.7806,0.897402573175,0.0254
chr2,59404169,-0.003957876705869817,0.7798,0.897402573175,0.0253
chr2,59404170,-0.00395788927955145,0.7808,0.897402573175,0.0252
chr2,59404171,-0.00395790358339881,0.7838,0.897402573175,0.0253
chr2,59404172,-0.003957920165664467,0.7858,0.897402573175,0.0252
chr2,59404173,-0.003957940737801313,0.7818,0.897402573175,0.0255
chr2,59404174,-0.00395797015253878,0.7846,0.897402573175,0.0261
chr2,59404175,-0.0039580284646506675,0.7844,0.897402573175,0.0262
chr2,59404176,-0.003958757610954468,0.785,0.897402573175,0.027
chr2,59404177,-0.005961347574801355,0.6712,0.897402573175,0.0285
chr2,59404178,-0.005961347591315834,0.6716,0.897402573175,0.0301
chr2,59404179,-0.005961347607802434,0.6726,0.897402573175,0.0318
chr2,59404180,-0.005961347624247983,0.673,0.897402573175,0.0361
chr2,59404181,-0.00596134764063455,0.6728,0.897402573175,0.0435
chr2,59404182,-0.005961347656938402,0.6734,0.897402573175,0.0541
chr2,59404183,-0.005961347673129008,0.6742,0.897402573175,0.0678
chr2,59404184,-0.005961347689168212,0.6752,0.897402573175,0.0912
chr2,59404185,-0.005961347705009728,0.6756,0.897402573175,0.122
chr2,59404186,-0.0059613477205991,0.6758,0.897402573175,0.1652
chr2,59404187,-0.00596134773587429,0.6758,0.897402573175,0.2283
chr2,59404188,-0.005961347750767004,0.6758,0.897402573175,0.3084
chr2,59404189,-0.005961347765204774,0.678,0.897402573175,0.492
chr2,59404190,-0.005961347779113811,0.6798,0.897402573175,0.5914
chr2,59404191,-0.005961347792422427,0.6804,0.897402573175,0.6657
chr2,59404192,-0.005961347805064792,0.6804,0.897402573175,0.724
chr2,59404193,-0.0059613478169846966,0.6812,0.897402573175,0.7575
chr2,59404194,-0.00596134782813896,0.6826,0.897402573175,0.766
chr2,59404195,-0.005961347838500034,0.6846,0.897402573175,0.8695
chr2,59404196,-0.005961347848057576,0.684,0.897402573175,0.8433
chr2,59404197,-0.005961347856818811,0.6834,0.897402573175,0.7948
chr2,59404198,-0.00596134786480774,0.6822,0.897402573175,0.7211
chr2,59404199,-0.005961347872063344,0.682,0.897402573175,0.6211
chr2,59404200,-0.005961347878637128,0.6824,0.897402573175,0.4954
chr2,59404201,-0.005961347884590296,0.6834,0.897402573175,0.5125
chr2,59404202,-0.005961347889990782,0.6848,0.897402573175,0.3736
chr2,59404203,-0.005961347894910318,0.686,0.897402573175,0.2619
chr2,59404204,-0.0059613478994215,0.687,0.897402573175,0.1795
chr2,59404205,-0.005961347903594797,0.691,0.897402573175,0.1324
chr2,59404206,-0.005961347907495499,0.6912,0.897402573175,0.1041
chr2,59404207,-0.005961347911180667,0.692,0.897402573175,0.0845
chr2,59404208,-0.005961347914696334,0.694,0.897402573175,0.0773
chr2,59404209,-0.005961347918075313,0.694,0.897402573175,0.0775
chr2,59404210,-0.00596134792133599,0.694,0.897402573175,0.0807
chr2,59404211,-0.00596134792448241,0.694,0.897402573175,0.0885
chr2,59404212,-0.00596134792750581,0.694,0.897402573175,0.0986
chr2,59404213,-0.005961347930387436,0.694,0.897402573175,0.1087
chr2,59404214,-0.005961347933102345,0.694,0.897402573175,0.1184
chr2,59404215,-0.0059613479356236156,0.694,0.897402573175,0.1235
chr2,59404216,-0.00596134793792642,0.694,0.897402573175,0.1257
chr2,59409408,-0.005056250525511625,0.7716,0.897402573175,0.5729
chr2,59409409,-0.005056250522513581,0.7716,0.897402573175,0.6589
chr2,59409410,-0.005056250519255015,0.7716,0.897402573175,0.7105
chr2,59409411,-0.0050562505158104525,0.7716,0.897402573175,0.7246
chr2,59409412,-0.005056250512269551,0.7716,0.897402573175,0.7086
chr2,59409413,-0.005056250508726948,0.7718,0.897402573175,0.6569
chr2,59409414,-0.005056250505270999,0.7722,0.897402573175,0.5726
chr2,59409415,-0.005056250501974582,0.7722,0.897402573175,0.4551
chr2,59409416,-0.005056250498889848,0.7714,0.897402573175,0.3211
chr2,59409417,-0.005056250496047153,0.77,0.897402573175,0.1973
chr2,59409418,-0.0050562504934573,0.7698,0.897402573175,0.1198
chr2,59409419,-0.005056250491115233,0.7676,0.897402573175,0.098
chr2,59409420,-0.005056250489004107,0.7672,0.897402573175,0.0786
chr2,59409421,-0.005056250487099238,0.7668,0.897402573175,0.0635
chr2,59409422,-0.005056250485371104,0.7676,0.897402573175,0.0542
chr2,59409423,-0.005056250483788005,0.768,0.897402573175,0.0457
chr2,59409424,-0.005056250482317994,0.7672,0.897402573175,0.0413
chr2,59409425,-0.0050562504809301715,0.7684,0.897402573175,0.0379
chr2,59409426,-0.005056250479595363,0.7702,0.897402573175,0.0357
chr2,59409427,-0.005056250478286267,0.769,0.897402573175,0.0355
chr2,59409428,-0.005056250476977286,0.7636,0.897402573175,0.0367
chr2,59409429,-0.005056250475644259,0.7646,0.897402573175,0.0401
chr2,59409430,-0.005056250474264411,0.7624,0.897402573175,0.0448
chr2,59409431,-0.005056250472816744,0.7606,0.897402573175,0.0524
chr2,59409432,-0.005056250471283127,0.7584,0.897402573175,0.0625
chr2,59409433,-0.005056250469650139,0.758,0.897402573175,0.0742
chr2,59409434,-0.005056250467911923,0.757,0.897402573175,0.0911
chr2,59409435,-0.005056250466073723,0.7576,0.897402573175,0.1093
chr2,59409436,-0.005056250464155993,0.7588,0.897402573175,0.1416
chr2,59409437,-0.005056250462198319,0.7576,0.897402573175,0.1716
chr2,59409438,-0.005056250460262235,0.757,0.897402573175,0.2034
chr2,59409439,-0.005056250458431618,0.7564,0.897402573175,0.2395
chr2,59409440,-0.005056250456809122,0.7568,0.897402573175,0.2704
chr2,59409441,-0.005056250455508829,0.7564,0.897402573175,0.301
chr2,59409442,-0.005056250454646727,0.7572,0.897402573175,0.3225
chr2,59409443,-0.005056250454332279,0.7594,0.897402573175,0.3304
chr2,59409444,-0.005056250454664085,0.7592,0.897402573175,0.3286
chr2,59409445,-0.005056250455730573,0.7614,0.897402573175,0.3141
chr2,59409446,-0.005056250457613835,0.7628,0.897402573175,0.2954
chr2,59409447,-0.005056250460392872,0.7642,0.897402573175,0.2693
chr2,59409448,-0.005056250464141636,0.765,0.897402573175,0.2427
chr2,59409449,-0.0050562504689176035,0.7654,0.897402573175,0.2201
chr2,59409450,-0.005056250474738626,0.7662,0.897402573175,0.199
chr2,59409451,-0.0050562504815507255,0.7714,0.897402573175,0.1859
chr2,59409452,-0.005056250489198261,0.782,0.897402573175,0.181
chr2,59409453,-0.005056250497415881,0.7832,0.897402573175,0.1786
chr2,59409454,-0.005056250505858321,0.78,0.897402573175,0.1802
chr2,59409455,-0.005056250514163466,0.7772,0.897402573175,0.1811
chr2,59409456,-0.005056250522020635,0.7778,0.897402573175,0.225
chr2,59409457,-0.005056250529213418,0.7758,0.897402573175,0.3144
chr2,59409458,-0.0050562505356266125,0.7758,0.897402573175,0.4024
chr2,59409459,-0.0050562505412278715,0.7756,0.897402573175,0.4625
chr2,59409460,-0.00505625054604067,0.7758,0.897402573175,0.4842
chr2,59409461,-0.005056250550120184,0.7758,0.897402573175,0.4528
chr2,59409462,-0.005056250553536196,0.7758,0.897402573175,0.3976
chr2,59409528,-0.0056159469128557885,0.6958,0.897402573175,0.5958
chr2,59409529,-0.0056159469135403164,0.6958,0.897402573175,0.7057
chr2,59409530,-0.005615946914327432,0.6958,0.897402573175,0.7889
chr2,59409531,-0.005615946915225623,0.6958,0.897402573175,0.8513
chr2,59409532,-0.00561594691624634,0.6958,0.897402573175,0.891
chr2,59409533,-0.005615946917405805,0.6958,0.897402573175,0.9151
chr2,59409534,-0.00561594691872679,0.696,0.897402573175,0.8578
chr2,59409535,-0.005615946920239978,0.695,0.897402573175,0.868
chr2,59409536,-0.005615946921984286,0.695,0.897402573175,0.8705
chr2,59409537,-0.005615946924005705,0.6942,0.897402573175,0.7791
chr2,59409538,-0.0056159469263544525,0.6944,0.897402573175,0.7677
chr2,59409539,-0.005615946929080765,0.6902,0.897402573175,0.7418
chr2,59409540,-0.005615946932230091,0.688,0.897402573175,0.6987
chr2,59409541,-0.0056159469358387695,0.686,0.897402573175,0.6512
chr2,59409542,-0.005615946939930985,0.6862,0.897402573175,0.5976
chr2,59409543,-0.005615946944517418,0.6862,0.897402573175,0.5355
chr2,59409544,-0.0056159469495954744,0.6856,0.897402573175,0.4662
chr2,59409545,-0.005615946955150596,0.682,0.897402573175,0.3946
chr2,59409546,-0.005615946961158244,0.6834,0.897402573175,0.3322
chr2,59409547,-0.005615946967586088,0.6822,0.897402573175,0.2722
chr2,59409548,-0.0056159469743962236,0.6822,0.897402573175,0.2222
chr2,59409549,-0.005615946981547286,0.6802,0.897402573175,0.1816
chr2,59409550,-0.005615946988996415,0.6782,0.897402573175,0.1451
chr2,59409551,-0.005615946996701007,0.6772,0.897402573175,0.115
chr2,59409552,-0.005615947004620215,0.6758,0.897402573175,0.0919
chr2,59409553,-0.0056159470127161455,0.6776,0.897402573175,0.0739
chr2,59409554,-0.005615947020954664,0.68,0.897402573175,0.055
chr2,59409555,-0.005615947029305932,0.6792,0.897402573175,0.0441
chr2,59409556,-0.005615947037744534,0.6792,0.897402573175,0.0372
chr2,59409557,-0.005615947046249384,0.6788,0.897402573175,0.0333
chr2,59409558,-0.0056159470548034374,0.678,0.897402573175,0.031
chr2,59409559,-0.005615947063393254,0.6782,0.897402573175,0.0289
chr2,59409560,-0.005615947072008463,0.6774,0.897402573175,0.0274
chr2,59409561,-0.005615947080641239,0.677,0.897402573175,0.0268
chr2,59409562,-0.005615947089285844,0.6772,0.897402573175,0.0263
chr2,59409563,-0.005615947097938031,0.6766,0.897402573175,0.026
chr2,59409564,-0.005615947106594681,0.6766,0.897402573175,0.0258
chr2,59409565,-0.0056159471152533134,0.6772,0.897402573175,0.0256
chr2,59409566,-0.00561594712391167,0.6756,0.897402573175,0.0254
chr2,59409567,-0.005615947132567318,0.671,0.897402573175,0.0254
chr2,59409568,-0.005615947141217125,0.6634,0.897402573175,0.0256
chr2,59409569,-0.005615947149856663,0.6588,0.897402573175,0.0259
chr2,59409570,-0.005615947158479582,0.6578,0.897402573175,0.0258
chr2,59409571,-0.005615947167076781,0.6578,0.897402573175,0.0267
chr2,59409572,-0.005615947175635538,0.6574,0.897402573175,0.0274
chr2,59409573,-0.010110579689868678,0.398,0.780623146393,0.0282
chr2,59409574,-0.01011057968006235,0.398,0.780623146393,0.0295
chr2,59409575,-0.010110579670387407,0.3974,0.780623146393,0.0312
chr2,59409576,-0.010110579660891397,0.3962,0.780623146393,0.0344
chr2,59409577,-0.010110579651632479,0.396,0.780623146393,0.0376
chr2,59409578,-0.010110579642679222,0.395,0.780623146393,0.043
chr2,59409579,-0.010110579634109357,0.3958,0.780623146393,0.0489
chr2,59409580,-0.010110579626007353,0.3944,0.780623146393,0.0552
chr2,59409581,-0.010110579618460692,0.3934,0.780623146393,0.0584
chr2,59409582,-0.010110579611555318,0.3924,0.780578255946,0.063
chr2,59409583,-0.010110579605370415,0.3928,0.780623146393,0.0697
chr2,59409584,-0.01011057959997291,0.3918,0.780578255946,0.0754
chr2,59409585,-0.01011057959541245,0.3932,0.780623146393,0.0862
chr2,59409586,-0.010110579591717342,0.3916,0.780578255946,0.0967
chr2,59409587,-0.010110579588891885,0.3914,0.780578255946,0.1041
chr2,59409588,-0.010110579586915237,0.39,0.780222095672,0.1025
chr2,59409589,-0.010110579585741778,0.3898,0.780222095672,0.0983
chr2,59409590,-0.010110579585302822,0.3898,0.780222095672,0.0905
chr2,59409591,-0.010110579585509214,0.3902,0.780355573267,0.0898
chr2,59409592,-0.010110579586254533,0.3902,0.780355573267,0.083
chr2,59409593,-0.010110579587418603,0.3908,0.780578255946,0.0761
chr2,59409594,-0.010110579588871203,0.3884,0.779463172319,0.0795
chr2,59409595,-0.01011057959047572,0.3896,0.780222095672,0.0818
chr2,59409596,-0.010110579592092895,0.394,0.780623146393,0.0872
chr2,59409597,-0.010110579593584438,0.3906,0.780578255946,0.1001
chr2,59409598,-0.010110579594815936,0.3898,0.780222095672,0.1162
chr2,59409599,-0.010110579595658267,0.3896,0.780222095672,0.1271
chr2,59409600,-0.010110579595986678,0.3852,0.777080280234,0.1574
chr2,59409601,-0.010110579595676815,0.3842,0.776268797425,0.1986
chr2,59409602,-0.01011057959459741,0.3806,0.774902630365,0.3017
chr2,59409603,-0.01011057959259915,0.3798,0.774902630365,0.4256
chr2,59409604,-0.010110579589498604,0.3788,0.774902630365,0.5303
chr2,59409605,-0.0101105795850543,0.3792,0.774902630365,0.6117
chr2,59409606,-0.010110579578928544,0.3784,0.774902630365,0.6674
chr2,59409607,-0.010110579570622046,0.378,0.774902630365,0.6732
chr2,59409608,-0.010110579559353308,0.378,0.774902630365,0.6476
chr2,59409609,-0.010110579543815274,0.3782,0.774902630365,0.5978
chr2,59409610,-0.01011057952159208,0.3814,0.774902630365,0.5137
chr2,59409611,-0.01011057948731955,0.3824,0.774902630365,0.4235
chr2,59409612,-0.010110579425509091,0.3844,0.776268797425,0.3404
chr2,59409613,-0.010110579292869881,0.3858,0.777487035337,0.2778
chr2,59409614,-0.010110579123268636,0.384,0.776268797425,0.255
chr2,59409615,-0.0056159480473651265,0.6512,0.897402573175,0.2375
chr2,59409616,-0.018903095130214525,0.0942,0.489678307191,0.2235
chr2,59409617,-0.018903095134344457,0.0926,0.486399222488,0.2184
chr2,59409618,-0.018903095141415756,0.093,0.487479856759,0.1924
chr2,59409619,-0.01890309515163351,0.092,0.484551724138,0.18
chr2,59409620,-0.018903095165180236,0.0906,0.482758985201,0.1862
chr2,59409621,-0.018903095182219186,0.0892,0.478265567766,0.1942
chr2,59409622,-0.018903095202900837,0.0904,0.482758985201,0.2053
chr2,59409623,-0.01890309522737054,0.0904,0.482758985201,0.2112
chr2,59409624,-0.018903095255775083,0.092,0.484551724138,0.2243
chr2,59409625,-0.018903095288266166,0.0928,0.487012847326,0.2394
chr2,59409626,-0.01890309532499936,0.0928,0.487012847326,0.2317
chr2,59409627,-0.018903095366127626,0.091,0.482758985201,0.2217
chr2,59409628,-0.018903095411789774,0.0906,0.482758985201,0.2314
chr2,59409629,-0.01890309546209546,0.0924,0.485493867783,0.2408
chr2,59409630,-0.01890309551710863,0.0934,0.488265178571,0.242
chr2,59409631,-0.018903095576832073,0.094,0.489507856508,0.2351
chr2,59409632,-0.018903095641195754,0.0932,0.487945752608,0.2218
chr2,59409633,-0.018903095710051217,0.094,0.489507856508,0.2035
chr2,59409634,-0.018903095783173014,0.0944,0.489703484938,0.1767
chr2,59409635,-0.018903095860268105,0.0944,0.489703484938,0.1542
chr2,59409636,-0.018903095940992064,0.0958,0.494192951542,0.1317
chr2,59409637,-0.018903096024970506,0.096,0.494353562005,0.1231
chr2,59409638,-0.018903096111823448,0.0952,0.492109476162,0.1009
chr2,59409639,-0.018903096201189937,0.0954,0.492853235294,0.0812
chr2,59409640,-0.018903096292750658,0.0944,0.489703484938,0.0741
chr2,59409641,-0.018903096386246317,0.0948,0.490908608491,0.0691
chr2,59409642,-0.018903096481490512,0.097,0.497897428404,0.0632
chr2,59409643,-0.018903096578376345,0.0992,0.503016166282,0.0653
chr2,59409644,-0.018903096676876605,0.0984,0.502873048005,0.0699
chr2,59409645,-0.018903096777037713,0.1002,0.506332853855,0.0735
chr2,59409646,-0.018903096878968743,0.0992,0.503016166282,0.0809
chr2,59409647,-0.01890309698282564,0.0992,0.503016166282,0.089
chr2,59409648,-0.018903097088791464,0.0988,0.502873048005,0.0985
chr2,59409649,-0.018903097197054096,0.0986,0.502873048005,0.1069
chr2,59409650,-0.018903097307782953,0.0992,0.503016166282,0.1146
chr2,59409651,-0.018903097421107254,0.099,0.502873048005,0.1208
chr2,59409652,-0.018903097537099088,0.0988,0.502873048005,0.1247
chr2,59409653,-0.018903097655764114,0.1008,0.508195177956,0.1251
chr2,59409654,-0.01890309777704133,0.1014,0.510341260745,0.119
chr2,59409655,-0.018903097900811572,0.1012,0.509480653482,0.1152
chr2,59409656,-0.018903098026910727,0.1018,0.511475114416,0.1094
chr2,59409657,-0.018903098155145053,0.1016,0.510762449914,0.1102
chr2,59409658,-0.018903098285304308,0.1022,0.513191252144,0.1123
chr2,59409659,-0.01890309841716998,0.1032,0.516882805817,0.1131
chr2,59409660,-0.018903098550515567,0.106,0.524328358209,0.1154
chr2,59409661,-0.018903098685098124,0.107,0.527640370578,0.112
chr2,59409662,-0.018903098820642217,0.11,0.533743093923,0.1091
chr2,59409663,-0.01890309895682256,0.1104,0.534355469826,0.1133
chr2,59409664,-0.01890309909325573,0.1128,0.539872479564,0.1091
chr2,59409665,-0.01890309922951115,0.115,0.547567091353,0.1172
chr2,59409666,-0.018903099365142218,0.1158,0.549199625869,0.1289
chr2,59409667,-0.018903099499725753,0.1182,0.549836599576,0.141
chr2,59409668,-0.018903099632891707,0.1188,0.550876979937,0.1553
chr2,59409669,-0.018903099764334075,0.1196,0.551963741461,0.173
chr2,59409670,-0.018903099893806403,0.1196,0.551963741461,0.2119
chr2,59409671,-0.018903100021109752,0.1192,0.55142164867,0.2449
chr2,59409672,-0.018903100146080865,0.1216,0.554492211838,0.2653
chr2,59409673,-0.0189031002685841,0.1216,0.554492211838,0.2842
chr2,59409674,-0.018903100388507756,0.1228,0.557647880041,0.29
chr2,59409675,-0.01890310050576357,0.1256,0.562796938776,0.279
chr2,59409676,-0.0189031006202877,0.1262,0.564765095541,0.2639
chr2,59409677,-0.01890310073204163,0.128,0.570639593909,0.2369
chr2,59409678,-0.018903100841011784,0.1284,0.571262917933,0.2045
chr2,59409679,-0.018903100947206933,0.1294,0.573099092284,0.2101
chr2,59409680,-0.018903101050652932,0.13,0.573299020839,0.1731
chr2,59409681,-0.01890310115138521,0.131,0.575685514136,0.1569
chr2,59409682,-0.0189031012494397,0.1332,0.581150074294,0.1468
chr2,59409683,-0.018903101344843173,0.1362,0.587513015717,0.1492
chr2,59409684,-0.018903101437603976,0.136,0.586938574939,0.1566
chr2,59409685,-0.01890310152770514,0.1406,0.593520547945,0.1787
chr2,59409686,-0.018903101615099872,0.1432,0.601029390681,0.1733
chr2,59409687,-0.01890310169971104,0.1442,0.602491198858,0.1752
chr2,59409688,-0.018903101781434513,0.144,0.602371993332,0.1787
chr2,59409689,-0.018903101860146113,0.1442,0.602491198858,0.1794
chr2,59409690,-0.018903101935711205,0.1446,0.602990042674,0.1804
chr2,59409691,-0.01890310200799531,0.1438,0.601822015726,0.1739
chr2,59409692,-0.018903102076875372,0.144,0.602371993332,0.1673
chr2,59409693,-0.018903102142249543,0.1438,0.601822015726,0.1567
chr2,59409694,-0.01890310220404587,0.1456,0.60460141844,0.1422
chr2,59409695,-0.018903102262230142,0.1462,0.606233002833,0.129
chr2,59409696,-0.01890310231681405,0.1454,0.604485443787,0.0992
chr2,59409697,-0.01890310236786307,0.1452,0.603796875,0.0775
chr2,59409698,-0.01890310241550572,0.1464,0.606632696391,0.0656
chr2,59409699,-0.018903102459941135,0.1448,0.602990042674,0.0562
chr2,59409700,-0.01890310250144144,0.1448,0.602990042674,0.0495
chr2,59409701,-0.01890310254034511,0.1452,0.603796875,0.0435
chr2,59409702,-0.018903102577039522,0.1444,0.602753326996,0.0401
chr2,59409703,-0.018903102611934272,0.1458,0.605002834869,0.0397
chr2,59409704,-0.018903102645430755,0.1508,0.618156826138,0.0375
chr2,59409705,-0.0189031026778942,0.155,0.628189893862,0.0381
chr2,59409706,-0.0189031027096295,0.1606,0.636206359946,0.0388
chr2,59409707,-0.01890310274086776,0.159,0.635397552131,0.0406
chr2,59409708,-0.01890310277176058,0.1594,0.635397552131,0.0431
chr2,59409709,-0.018903102802378537,0.1612,0.63772027027,0.048
chr2,59409710,-0.01890310283271543,0.1626,0.640869215292,0.0534
chr2,59409711,-0.01890310286269745,0.1634,0.641224530831,0.0582
chr2,59409712,-0.018903102892197383,0.163,0.640869215292,0.0612
chr2,59409713,-0.01890310292105262,0.1632,0.640869215292,0.0649
chr2,59409714,-0.018903102949085048,0.1634,0.641224530831,0.0673
chr2,59409715,-0.0189031029761199,0.163,0.640869215292,0.0682
chr2,59409716,-0.018903103002000474,0.1638,0.641439490446,0.0683
chr2,59409717,-0.018903103026596667,0.1638,0.641439490446,0.0674
chr2,59409718,-0.01890310304980535,0.1648,0.641439490446,0.0644
chr2,59409719,-0.0189031030715441,0.1648,0.641439490446,0.0571
chr2,59409720,-0.018903103091738538,0.1662,0.641439490446,0.0557
chr2,59409721,-0.018903103110304728,0.167,0.641439490446,0.0566
chr2,59409722,-0.01890310312713003,0.1684,0.641439490446,0.0599
chr2,59409723,-0.018903103142053686,0.168,0.641439490446,0.0589
chr2,59409724,-0.018903103154847802,0.1716,0.641439490446,0.0575
chr2,59409725,-0.018903103165199945,0.1744,0.641735818145,0.061
chr2,59409726,-0.01890310317269509,0.1758,0.641735818145,0.0635
chr2,59409727,-0.01890310317679328,0.1774,0.641735818145,0.0678
chr2,59409728,-0.018903103176795607,0.1776,0.641735818145,0.0709
chr2,59409729,-0.01890310317178558,0.1784,0.641735818145,0.0809
chr2,59409730,-0.018903103160522416,0.1802,0.643205242837,0.098
chr2,59409731,-0.018903103141240805,0.1822,0.647973881353,0.1005
chr2,59409732,-0.018903103111261654,0.1826,0.648739684466,0.0965
chr2,59409733,-0.018903103066187085,0.1828,0.648925222312,0.095
chr2,59409734,-0.018903102998037002,0.1848,0.650633794348,0.0932
chr2,59409735,-0.018903102889779567,0.1858,0.652584883023,0.0914
chr2,59409736,-0.018903102688743602,0.1862,0.653467132867,0.0887
chr2,59409737,-0.018903102001455348,0.1882,0.657988256369,0.0887
chr2,59409738,-0.01890308977510638,0.1908,0.660244680851,0.0914
chr2,59409739,-0.01510966936228096,0.2882,0.69785401158,0.0992
chr2,59409740,-0.015109665555432614,0.2954,0.703171296924,0.1092
chr2,59409741,-0.015109665297963714,0.2998,0.707315436242,0.1215
chr2,59409742,-0.015109665160165067,0.305,0.710698873203,0.1805
chr2,59409743,-0.015109665066631143,0.308,0.710698873203,0.2066
chr2,59409744,-0.015109664999898832,0.3112,0.710698873203,0.2376
chr2,59409745,-0.015109664949502541,0.3112,0.710698873203,0.3739
chr2,59409746,-0.015109664909296789,0.3136,0.711642471042,0.4053
chr2,59409747,-0.015109664875636825,0.314,0.711642471042,0.4197
chr2,59409748,-0.015109664846274858,0.3146,0.711642471042,0.4138
chr2,59409749,-0.015109664819767181,0.315,0.711728196553,0.3853
chr2,59409750,-0.015109664795158196,0.3158,0.71271065142,0.3458
chr2,59409751,-0.015109664771805338,0.316,0.712795685116,0.2974
chr2,59409752,-0.01510966474927642,0.3164,0.713148466573,0.2428
chr2,59409753,-0.015109664727285747,0.317,0.713219546561,0.1936
chr2,59409754,-0.015109664705652372,0.3174,0.71357109945,0.1497
chr2,59409755,-0.015109664684272163,0.3184,0.714356367352,0.1158
chr2,59409756,0.013070984618592008,0.3422,0.730404695631,0.0906
chr2,59409757,0.013070984397463634,0.343,0.730404695631,0.0713
chr2,59409758,0.013070984017835865,0.3452,0.731222249006,0.0619
chr2,59409759,0.013070983544474665,0.3486,0.734544025912,0.0551
chr2,59409760,0.013070983184425126,0.3564,0.747125671321,0.0498
chr2,59409761,0.013070982977218664,0.3592,0.751262763299,0.0481
chr2,59409762,0.013070982858148495,0.3594,0.751262763299,0.0511
chr2,59409763,0.013070982781805098,0.3594,0.751262763299,0.0566
chr2,59409764,0.013070982727239673,0.3594,0.751262763299,0.0625
chr2,59409765,0.013070982685103377,0.3594,0.751262763299,0.0703
chr2,59409766,0.013070982650921582,0.3594,0.751262763299,0.079
chr2,59409767,0.013070982622359461,0.3594,0.751262763299,0.1235
chr2,59409768,0.013070982598101199,0.3594,0.751262763299,0.1359
chr2,59409769,0.013070982577353252,0.3594,0.751262763299,0.1435
chr2,59409770,0.013070982559602618,0.3594,0.751262763299,0.1468
chr2,59528923,-0.004201828524368578,0.8528,0.929591162964,0.4655
chr2,59528924,-0.00420182852451654,0.8528,0.929591162964,0.4544
chr2,59528925,-0.004201828524681949,0.8528,0.929591162964,0.4201
chr2,59528926,-0.0042018285248639955,0.8528,0.929591162964,0.3686
chr2,59528927,-0.004201828525061474,0.8528,0.929591162964,0.3065
chr2,59528928,-0.004201828525272875,0.8528,0.929591162964,0.2395
chr2,59528929,-0.004201828525496483,0.8528,0.929591162964,0.1794
chr2,59528930,-0.004201828525730494,0.8528,0.929591162964,0.1308
chr2,59528931,-0.00420182852597312,0.8528,0.929591162964,0.0987
chr2,59528932,-0.00420182852622268,0.8528,0.929591162964,0.0747
chr2,59528933,-0.004201828526477658,0.8528,0.929591162964,0.0568
chr2,59528934,-0.00420182852673675,0.8528,0.929591162964,0.0471
chr2,59528935,-0.004201828526998879,0.8528,0.929591162964,0.0393
chr2,59528936,-0.004201828527263183,0.8528,0.929591162964,0.0336
chr2,59528937,-0.0042018285275290035,0.8528,0.929591162964,0.0305
chr2,59528938,-0.004201828527795852,0.8528,0.929591162964,0.0288
chr2,59528939,-0.004201828528063375,0.8528,0.929591162964,0.026
chr2,59528940,-0.00420182852833133,0.8528,0.929591162964,0.0258
chr2,59528941,-0.004201828528599554,0.8528,0.929591162964,0.0255
chr2,59528942,-0.004201828528867943,0.8528,0.929591162964,0.0255
chr2,59528943,-0.004201828529136429,0.8528,0.929591162964,0.0252
chr2,59528944,-0.0042018285294049725,0.8528,0.929591162964,0.0252
chr2,59528945,-0.004201828529673556,0.8524,0.929591162964,0.0252
chr2,59528946,-0.00420182852994217,0.8512,0.929404363772,0.0255
chr2,59528947,-0.004201828530210819,0.8534,0.929956635027,0.0253
chr2,59528948,-0.004201828530479518,0.8534,0.929956635027,0.0254
chr2,59528949,-0.004201828530748297,0.8532,0.929956635027,0.0257
chr2,59528950,-0.004201828531017203,0.8536,0.929962997397,0.0261
chr2,59528951,-0.00420182853128631,0.8538,0.929962997397,0.0276
chr2,59528952,-0.004201828531555732,0.8538,0.929962997397,0.0291
chr2,59528953,-0.004201828531825628,0.8542,0.929962997397,0.0329
chr2,59528954,-0.004201828532096218,0.854,0.929962997397,0.0333
chr2,59528955,-0.004201828532367797,0.854,0.929962997397,0.0367
chr2,59528956,-0.004201828532640747,0.854,0.929962997397,0.0415
chr2,59528957,-0.004201828532915543,0.854,0.929962997397,0.0464
chr2,59528958,-0.0042018285331927585,0.8542,0.929962997397,0.0549
chr2,59528959,-0.004201828533473059,0.8542,0.929962997397,0.0656
chr2,59528960,-0.00420182853375718,0.8542,0.929962997397,0.0785
chr2,59528961,-0.0042018285340459085,0.8538,0.929962997397,0.092
chr2,59528962,-0.00420182853434004,0.8538,0.929962997397,0.1098
chr2,59528963,-0.004201828534640336,0.8538,0.929962997397,0.1249
chr2,59528964,-0.004201828534947468,0.8538,0.929962997397,0.1408
chr2,59528965,-0.00420182853526198,0.8534,0.929956635027,0.15
chr2,59528966,-0.004201828535584244,0.8534,0.929956635027,0.1533
chr2,59528967,-0.004201828535914417,0.852,0.929591162964,0.1521
chr2,59528968,-0.004201828536252451,0.8518,0.929591162964,0.1429
chr2,59528969,-0.004201828536598071,0.8508,0.92908312092,0.1271
chr2,59528970,-0.004201828536950819,0.851,0.929243752331,0.1119
chr2,59528971,-0.004201828537310088,0.8504,0.928704053718,0.0951
chr2,59528972,-0.0042018285376751695,0.8504,0.928704053718,0.0806
chr2,59528973,-0.004201828538045317,0.8504,0.928704053718,0.0686
chr2,59528974,-0.004201828538419811,0.8502,0.928658852061,0.0583
chr2,59528975,-0.004201828538798013,0.8492,0.927624253731,0.0507
chr2,59528976,-0.0042018285391794185,0.8488,0.927244977922,0.0469
chr2,59528977,-0.004201828539563701,0.8456,0.924324102309,0.0446
chr2,59528978,-0.004201828539950756,0.8448,0.923564573349,0.0422
chr2,59528979,-0.0042018285403407196,0.8452,0.923944361464,0.0434
chr2,59528980,-0.004201828540734001,0.8374,0.917759468397,0.0469
chr2,59528981,-0.004201828541131296,0.834,0.915804576144,0.052
chr2,59528982,-0.004201828541533609,0.8328,0.915631697546,0.0588
chr2,59528983,-0.004201828541942256,0.831,0.914797881675,0.0696
chr2,59528984,-0.004201828542358884,0.8326,0.915526417929,0.0838
chr2,59528985,-0.004201828542785465,0.8318,0.915105035701,0.0996
chr2,59528986,-0.0042018285432243,0.8318,0.915105035701,0.1202
chr2,59528987,-0.0042018285436780005,0.8316,0.915105035701,0.1391
chr2,59528988,-0.00420182854414944,0.8304,0.914481253918,0.1553
chr2,59528989,-0.004201828544641687,0.8292,0.913847283222,0.1702
chr2,59528990,-0.004201828545157845,0.8288,0.913521084337,0.1802
chr2,59528991,-0.004201828545700796,0.8272,0.912903242021,0.1818
chr2,59528992,-0.004201828546272819,0.8276,0.913057848125,0.1788
chr2,59528993,-0.004201828546875041,0.8244,0.912668428005,0.1706
chr2,59528994,-0.004201828547506784,0.8222,0.911163596215,0.1641
chr2,59528995,-0.004201828548164923,0.822,0.910999432141,0.1524
chr2,59528996,-0.004201828548843486,0.819,0.908190340909,0.1481
chr2,59528997,-0.0042018285495338085,0.8158,0.907038716605,0.1471
chr2,59528998,-0.004201828550225394,0.8148,0.906451453544,0.1479
chr2,59528999,-0.004201828550907355,0.8106,0.902910249097,0.155
chr2,59529000,-0.0042018285515700105,0.8074,0.901754116077,0.164
chr2,59529001,-0.00420182855220611,0.809,0.90250796876,0.1749
chr2,59529002,-0.0042018285528113404,0.8102,0.902910249097,0.1879
chr2,59529003,-0.004201828553384157,0.8112,0.90307567499,0.1979
chr2,59529004,-0.004201828553925209,0.811,0.902910249097,0.2023
chr2,59529005,-0.004201828554436611,0.8106,0.902910249097,0.2013
chr2,59529006,-0.004201828554921295,0.8094,0.902616405308,0.1913
chr2,59529007,-0.004201828555382537,0.8086,0.902469119329,0.1751
chr2,59529008,-0.004201828555823616,0.8076,0.901754116077,0.1562
chr2,59529009,-0.004201828556247636,0.8066,0.901548571792,0.1345
chr2,59529010,-0.004201828556657421,0.8056,0.901548571792,0.1148
chr2,59529011,-0.004201828557055462,0.8054,0.901548571792,0.0951
chr2,59529012,-0.004201828557443906,0.8046,0.901441446613,0.0807
chr2,59529013,-0.004201828557824549,0.8058,0.901548571792,0.0729
chr2,59529014,-0.004201828558198844,0.8062,0.901548571792,0.0655
chr2,59529015,-0.004201828558567907,0.8052,0.901548571792,0.0624
chr2,59529016,-0.0042018285589325325,0.8076,0.901754116077,0.0612
chr2,59529017,-0.004201828559293211,0.806,0.901548571792,0.0647
chr2,59529018,-0.00420182855965016,0.8076,0.901754116077,0.1055
chr2,59529019,-0.00420182856000336,0.8076,0.901754116077,0.0845
chr2,59529020,-0.004201828560352598,0.809,0.90250796876,0.1018
chr2,59529021,-0.004201828560697523,0.8092,0.90250796876,0.1207
chr2,59529022,-0.0042018285610377,0.8072,0.901754116077,0.1442
chr2,59529023,-0.0042018285613726804,0.8074,0.901754116077,0.1659
chr2,59529024,-0.004201828561702048,0.807,0.90165733732,0.1881
chr2,59529025,-0.004201828562025475,0.8056,0.901548571792,0.2034
chr2,59529026,-0.0042018285623427725,0.8044,0.901441446613,0.2069
chr2,59529027,-0.0042018285626538926,0.8046,0.901441446613,0.2028
chr2,59529028,-0.004201828562958961,0.8054,0.901548571792,0.1886
chr2,59529029,-0.004201828563258256,0.8068,0.901548571792,0.1646
chr2,59529030,-0.004201828563552194,0.8054,0.901548571792,0.1381
chr2,59529031,-0.004201828563841298,0.8052,0.901548571792,0.1177
chr2,59529032,-0.004201828564126157,0.8038,0.901286616887,0.0957
chr2,59529033,-0.004201828564407393,0.804,0.901286616887,0.077
chr2,59529034,-0.004201828564685621,0.804,0.901286616887,0.0618
chr2,59529035,-0.004201828564961418,0.804,0.901286616887,0.0455
chr2,59529036,-0.004201828565235308,0.8044,0.901441446613,0.0373
chr2,59529037,-0.004201828565507741,0.804,0.901286616887,0.0344
chr2,59529038,-0.004201828565779091,0.8034,0.901286616887,0.0317
chr2,59529039,-0.004201828566049661,0.8034,0.901286616887,0.0287
chr2,59529040,-0.0042018285663196825,0.8034,0.901286616887,0.0273
chr2,59529041,-0.00420182856658933,0.803,0.901286616887,0.0268
chr2,59529042,-0.004201828566858729,0.803,0.901286616887,0.0261
chr2,59529043,-0.004201828567127969,0.8036,0.901286616887,0.0257
chr2,59529044,-0.004201828567397108,0.804,0.901286616887,0.0255
chr2,59529045,-0.004201828567666186,0.8038,0.901286616887,0.0255
chr2,59529046,-0.004201828567935225,0.8034,0.901286616887,0.0255
chr2,59529047,-0.004201828568204238,0.804,0.901286616887,0.0254
chr2,59529048,-0.00420182856847323,0.8026,0.901286616887,0.0252
chr2,59529049,-0.004201828568742198,0.7958,0.898112760216,0.0251
chr2,59529050,-0.004201828569011126,0.7956,0.898060150376,0.0252
chr2,59529051,-0.004201828569279993,0.793,0.897402573175,0.0257
chr2,59529052,-0.004201828569548753,0.7926,0.897402573175,0.026
chr2,59529053,-0.004201828569817335,0.7926,0.897402573175,0.026
chr2,59529054,-0.004201828570085624,0.7928,0.897402573175,0.0268
chr2,59529055,-0.004201828570353445,0.7928,0.897402573175,0.0278
chr2,59529056,-0.004201828570620545,0.793,0.897402573175,0.0292
chr2,59529057,-0.004201828570886559,0.793,0.897402573175,0.0323
chr2,59529058,-0.004201828571150987,0.793,0.897402573175,0.0349
chr2,59529059,-0.004201828571413165,0.793,0.897402573175,0.0396
chr2,59529060,-0.0042018285716722515,0.793,0.897402573175,0.0454
chr2,59529061,-0.0042018285719272064,0.793,0.897402573175,0.0473
chr2,59529062,-0.004201828572176815,0.7924,0.897402573175,0.0486
chr2,59529063,-0.0042018285724197,0.7926,0.897402573175,0.0506
chr2,59529064,-0.004201828572654384,0.7922,0.897402573175,0.0525
chr2,59529065,-0.004201828572879346,0.7922,0.897402573175,0.0605
chr2,59529066,-0.004201828573093094,0.792,0.897402573175,0.0675
chr2,59529067,-0.004201828573294232,0.7922,0.897402573175,0.0741
chr2,59529068,-0.004201828573481509,0.7912,0.897402573175,0.0807
chr2,59529069,-0.004201828573653876,0.7908,0.897402573175,0.0859
chr2,59529070,-0.004201828573810492,0.79,0.897402573175,0.0883
chr2,59529071,-0.004201828573950741,0.7906,0.897402573175,0.0894
chr2,59529072,-0.004201828574074228,0.7894,0.897402573175,0.0904
chr2,59529073,-0.004201828574180752,0.7902,0.897402573175,0.0888
chr2,59529074,-0.004201828574270257,0.7902,0.897402573175,0.0879
chr2,59529075,-0.004201828574342772,0.7912,0.897402573175,0.088
chr2,59529076,-0.004201828574398289,0.7928,0.897402573175,0.0889
chr2,59529077,-0.00420182857443663,0.792,0.897402573175,0.0941
chr2,59529078,-0.0042018285744572816,0.7964,0.898443545279,0.121
chr2,59529079,-0.004201828574459213,0.7982,0.898506919528,0.1373
chr2,59529080,0.0044531929084709685,0.6622,0.897402573175,0.1593
chr2,59529081,0.004453192908274713,0.659,0.897402573175,0.1916
chr2,59529082,0.0044531929081641775,0.6602,0.897402573175,0.2262
chr2,59529083,0.004453192908158885,0.6594,0.897402573175,0.2621
chr2,59529084,0.0044531929082802565,0.6586,0.897402573175,0.2938
chr2,59529085,0.004453192908552896,0.6592,0.897402573175,0.3231
chr2,59529086,0.004453192909006581,0.6592,0.897402573175,0.2644
chr2,59529087,0.004453192909679201,0.6574,0.897402573175,0.2644
chr2,59529088,0.004453192910621075,0.6566,0.897402573175,0.2517
chr2,59529089,0.004453192911901238,0.6568,0.897402573175,0.2279
chr2,59529090,0.004453192913616974,0.6564,0.897402573175,0.1987
chr2,59529091,0.00445319291590867,0.6568,0.897402573175,0.1656
chr2,59529092,0.004453192918983775,0.657,0.897402573175,0.1326
chr2,59529093,0.004453192923156706,0.6564,0.897402573175,0.1079
chr2,59529094,0.004453192928918811,0.658,0.897402573175,0.0858
chr2,59529095,0.004453192937069425,0.6574,0.897402573175,0.0624
chr2,59529096,0.004453192948986748,0.6568,0.897402573175,0.0541
chr2,59529097,0.004453192967268544,0.6564,0.897402573175,0.0476
chr2,59529098,0.004453192997530399,0.6554,0.897402573175,0.0443
chr2,59529099,0.004453193054838335,0.653,0.897402573175,0.0435
chr2,59529100,0.00445319320053265,0.6512,0.897402573175,0.0446
chr2,59529101,0.004453194429530261,0.6508,0.897402573175,0.0479
chr2,59529102,0.008856954844945884,0.4008,0.780969317678,0.058
chr2,59529103,0.00885695484526172,0.3956,0.780623146393,0.0754
chr2,59529104,0.008856954845658906,0.3942,0.780623146393,0.1006
chr2,59529105,0.008856954846169522,0.3946,0.780623146393,0.1367
chr2,59529106,0.008856954846830698,0.3942,0.780623146393,0.1947
chr2,59529107,0.00885695484768562,0.393,0.780623146393,0.2734
chr2,59529108,0.008856954848784526,0.3944,0.780623146393,0.3647
chr2,59529109,0.008856954850185965,0.3924,0.780578255946,0.4585
chr2,59529110,0.008856954851958558,0.3918,0.780578255946,0.5508
chr2,59529111,0.008856954854183833,0.391,0.780578255946,0.6246
chr2,59529112,0.008856954856960782,0.39,0.780222095672,0.6787
chr2,59529113,0.008856954860413034,0.3884,0.779463172319,0.7036
chr2,59529114,0.008856954864700851,0.3888,0.779686265555,0.7041
chr2,59529115,0.008856954870039556,0.3894,0.780222095672,0.6814
chr2,59529116,0.008856954876729339,0.3876,0.779058702369,0.6345
chr2,59529117,0.008856954885202838,0.3868,0.778341390766,0.4749
chr2,59529118,0.00885695489610305,0.387,0.77856545642,0.395
chr2,59529119,0.008856954910418064,0.3886,0.779463172319,0.3154
chr2,59529120,0.008856954929742708,0.389,0.779820246519,0.2376
chr2,59529121,0.008856954956858393,0.3894,0.780222095672,0.176
chr2,59529122,0.008856954996820642,0.3904,0.780578255946,0.1527
chr2,59529123,0.008856955054891553,0.3912,0.780578255946,0.1088
chr2,59529124,0.008856955132402224,0.3908,0.780578255946,0.0824
chr2,59529125,0.008856956519064707,0.3902,0.780355573267,0.0662
chr2,59529126,0.011330117588211123,0.2848,0.694991670137,0.0564
chr2,59529127,0.011330118057239137,0.2868,0.696576603982,0.0517
chr2,59529128,0.011330118128632428,0.2854,0.695387848523,0.0503
chr2,59529129,0.011330118179661777,0.2848,0.694991670137,0.0505
chr2,59529130,0.011330118212992214,0.2852,0.695189841799,0.0538
chr2,59529131,0.011330118235377417,0.2838,0.694991670137,0.0598
chr2,59529132,0.011330118250962877,0.2842,0.694991670137,0.0668
chr2,59529133,0.011330118261951405,0.283,0.694991670137,0.0772
chr2,59529134,0.011330118269589564,0.2832,0.694991670137,0.0778
chr2,59529135,0.011330118274629963,0.2826,0.694991670137,0.0777
chr2,59529136,0.011330118277548502,0.2836,0.694991670137,0.0848
chr2,59529137,0.011330118278659264,0.283,0.694991670137,0.0916
chr2,59529138,0.011330118278181053,0.282,0.694991670137,0.1103
chr2,59529139,0.01133011827627785,0.2812,0.694991670137,0.1336
chr2,59529140,0.011330118273084368,0.2806,0.694991670137,0.1409
chr2,59529141,0.01133011826872213,0.282,0.694991670137,0.1422
chr2,59529142,0.011330118263310226,0.2848,0.694991670137,0.1416
chr2,59529143,0.011330118256973325,0.2856,0.695392847241,0.1378
chr2,59529144,0.011330118249848014,0.2858,0.695783367983,0.1342
chr2,59529145,0.011330118242089576,0.286,0.695889119601,0.1275
chr2,59529146,0.011330118233879489,0.286,0.695889119601,0.1186
chr2,59529147,0.011330118225434995,0.286,0.695889119601,0.0966
chr2,59529148,0.011330118217021738,0.2856,0.695392847241,0.0777
chr2,59529149,0.011330118208970725,0.2848,0.694991670137,0.0705
chr2,59529150,0.011330118201701359,0.2852,0.695189841799,0.0615
chr2,59529151,0.011330118195752236,0.285,0.694991670137,0.0554
chr2,59529152,0.011330118191818025,0.285,0.694991670137,0.0495
chr2,59529153,0.011330118190767003,0.285,0.694991670137,0.0443
chr2,59529154,0.011330118193506664,0.285,0.694991670137,0.0394
chr2,59529155,0.01133011820033105,0.2846,0.694991670137,0.0368
chr2,59529156,0.0113301182096506,0.2862,0.695889119601,0.0346
chr2,59529157,0.011330118217865013,0.2876,0.697362506902,0.0346
chr2,59529158,0.011330118221880504,0.2878,0.697462334437,0.0348
chr2,59529159,0.01133011822098124,0.2906,0.700200409836,0.0367
chr2,59529160,0.011330118215940118,0.2892,0.699118909992,0.0401
chr2,59529161,0.011330118207775798,0.2876,0.697362506902,0.0438
chr2,59529162,0.011330118197331639,0.288,0.697754482759,0.0477
chr2,59529163,0.011330118185240923,0.2884,0.697953430697,0.0521
chr2,59529164,0.011330118171966583,0.2884,0.697953430697,0.0611
chr2,59529165,0.011330118157843285,0.287,0.696869643351,0.0742
chr2,59529166,0.011330118143112284,0.2864,0.695990038738,0.092
chr2,59529167,0.011330118127947613,0.2862,0.695889119601,0.1138
chr2,59529168,0.01133011811247507,0.2864,0.695990038738,0.1163
chr2,59529169,0.011330118096785725,0.2852,0.695189841799,0.1157
chr2,59529170,0.011330118080945679,0.2842,0.694991670137,0.1134
chr2,59529171,0.011330118065003182,0.2836,0.694991670137,0.1088
chr2,59529172,0.011330118048994076,0.2838,0.694991670137,0.1029
chr2,59529173,0.011330118032946056,0.284,0.694991670137,0.0991
chr2,59529174,0.011330118016881862,0.285,0.694991670137,0.0842
chr2,59529175,0.011330118000821888,0.2864,0.695990038738,0.0841
chr2,59529176,0.011330117984785908,0.2896,0.699700687758,0.0885
chr2,59529177,0.011330117968794256,0.2892,0.699118909992,0.0983
chr2,59529178,0.011330117952868346,0.2928,0.701163190184,0.111
chr2,59529179,0.011330117937030594,0.2938,0.702122040816,0.1293
chr2,59529180,0.011330117921303803,0.2916,0.700200409836,0.1542
chr2,59529181,0.011330117905709996,0.2918,0.700200409836,0.1861
chr2,59529182,0.011330117890268873,0.2926,0.701162210095,0.2175
chr2,59529183,0.011330117874995908,0.2904,0.700200409836,0.2495
chr2,59529184,0.011330117859900428,0.291,0.700200409836,0.2727
chr2,59529185,0.011330117844983932,0.2918,0.700200409836,0.3017
chr2,59529186,0.011330117830238996,0.2936,0.701930583912,0.3196
chr2,59529187,0.011330117815649222,0.295,0.703171296924,0.3251
chr2,59529188,0.01133011780119056,0.2942,0.702504486134,0.3259
chr2,59529189,0.011330117786834367,0.2932,0.701547200654,0.415
chr2,59529190,0.011330117772552419,0.2938,0.702122040816,0.4066
chr2,59529191,0.011330117758323745,0.2952,0.703171296924,0.3981
chr2,59529192,0.011330117744142353,0.2966,0.704976860622,0.3864
chr2,59529193,0.011330117730024075,0.2984,0.706575373838,0.3892
chr2,59529194,0.011330117716009634,0.296,0.703836469473,0.3148
chr2,59529195,0.011330117702161819,0.296,0.703836469473,0.3201
chr2,59529196,0.011330117688556133,0.2954,0.703171296924,0.3272
chr2,59529197,0.01133011767526825,0.2948,0.703171296924,0.326
chr2,59529198,0.011330117662361975,0.2946,0.703171296924,0.4039
chr2,59529199,0.011330117649881228,0.2954,0.703171296924,0.3807
chr2,59529200,0.011330117637846998,0.2952,0.703171296924,0.3487
chr2,59529201,0.01133011762625859,0.296,0.703836469473,0.3047
chr2,59529202,0.011330117615096965,0.2962,0.704216702761,0.2601
chr2,59529203,0.01133011760432946,0.2952,0.703171296924,0.2098
chr2,59529204,0.011330117593914576,0.2954,0.703171296924,0.1355
chr2,59529205,0.011330117583806353,0.2948,0.703171296924,0.0944
chr2,59529206,0.0113301175739582,0.2948,0.703171296924,0.0756
chr2,59529207,0.011330117564326073,0.295,0.703171296924,0.0612
chr2,59529208,0.011330117554871023,0.2958,0.703741974807,0.0508
chr2,59529209,0.01133011754556116,0.295,0.703171296924,0.0443
chr2,59529210,0.011330117536373138,0.2958,0.703741974807,0.0392
chr2,59529211,0.011330117527293198,0.298,0.706202104695,0.0358
chr2,59529212,0.011330117518317837,0.299,0.70675739645,0.0352
chr2,59529213,0.011330117509453928,0.3034,0.708951608615,0.0335
chr2,59529214,0.011330117500718221,0.3018,0.708232064128,0.033
chr2,59529215,0.01133011749213596,0.3032,0.708865699454,0.0359
chr2,59529216,0.01133011748373848,0.3012,0.708053800857,0.0381
chr2,59529217,0.011330117475559962,0.3014,0.708232064128,0.0397
chr2,59529218,0.01133011746763383,0.3006,0.707773092369,0.0441
chr2,59529219,0.011330117459989505,0.301,0.707773092369,0.0486
chr2,59529220,0.011330117452650229,0.3008,0.707773092369,0.0569
chr2,59529221,0.011330117445632124,0.3002,0.707502079699,0.0642
chr2,59529222,0.011330117438944458,0.3006,0.707773092369,0.0704
chr2,59529223,0.011330117432590438,0.3002,0.707502079699,0.076
chr2,59529224,0.011330117426568215,0.3008,0.707773092369,0.0798
chr2,59529225,0.011330117420871642,0.301,0.707773092369,0.081
chr2,59529226,0.011330117415490792,0.301,0.707773092369,0.08
chr2,59529227,0.011330117410412224,0.3016,0.708232064128,0.0678
chr2,59529228,0.011330117405619079,0.3018,0.708232064128,0.0642
chr2,59529229,0.011330117401091187,0.3016,0.708232064128,0.0585
chr2,59529230,0.01133011739680531,0.3018,0.708232064128,0.0546
chr2,59529231,0.01133011739273555,0.303,0.708865699454,0.0482
chr2,59529232,0.011330117388854,0.3034,0.708951608615,0.044
chr2,59529233,0.011330117385131667,0.3028,0.708685143238,0.0417
chr2,59529234,0.011330117381539575,0.3036,0.708951608615,0.041
chr2,59529235,0.011330117378049969,0.305,0.710698873203,0.0404
chr2,59529236,0.011330117374637431,0.3058,0.710698873203,0.0406
chr2,59529237,0.011330117371279829,0.308,0.710698873203,0.0423
chr2,59529238,0.01133011736795891,0.3082,0.710698873203,0.0441
chr2,59529239,0.01133011736466058,0.3082,0.710698873203,0.0479
chr2,59529240,0.01133011736137481,0.308,0.710698873203,0.0526
chr2,59529241,0.01133011735809523,0.3088,0.710698873203,0.058
chr2,59529242,0.01133011735481853,0.3086,0.710698873203,0.065
chr2,59529243,0.011330117351543607,0.31,0.710698873203,0.0705
chr2,59529244,0.011330117348270724,0.3104,0.710698873203,0.0772
chr2,59529245,0.011330117345000503,0.3094,0.710698873203,0.0839
chr2,59529246,0.011330117341733009,0.3096,0.710698873203,0.0938
chr2,59529247,0.011330117338466837,0.3092,0.710698873203,0.1031
chr2,59529248,0.011330117335198092,0.3116,0.710698873203,0.1133
chr2,59529249,0.011330117331919255,0.3108,0.710698873203,0.1228
chr2,59529250,0.01133011732861771,0.314,0.711642471042,0.1551
chr2,59529251,0.011330117325273635,0.3166,0.713219546561,0.1963
chr2,59529252,0.011330117321856919,0.3172,0.713486746062,0.21
chr2,59529253,0.011330117318322579,0.3188,0.714979826353,0.2191
chr2,59529254,0.011330117314603531,0.32,0.71675592961,0.2266
chr2,59529255,0.01133011731059898,0.32,0.71675592961,0.2269
chr2,59529256,0.011330117306154788,0.3224,0.719594104308,0.2231
chr2,59529257,0.011330117301028413,0.3234,0.719594104308,0.2148
chr2,59529258,0.011330117294821538,0.3232,0.719594104308,0.2041
chr2,59529259,0.011330117286836961,0.3248,0.719594104308,0.1896
chr2,59529260,0.011330117275731634,0.3256,0.719844430459,0.1721
chr2,59529261,0.011330117258497415,0.3252,0.719594104308,0.1565
chr2,59529262,0.011330117226787824,0.3244,0.719594104308,0.1387
chr2,59529263,0.01133011715106826,0.3244,0.719594104308,0.1262
chr2,59529264,0.011330111729022485,0.325,0.719594104308,0.1217
chr2,59529265,0.005908324162299138,0.5808,0.897402573175,0.1136
chr2,59529266,0.005908324073417812,0.5814,0.897402573175,0.1097
chr2,59529267,0.0059083240356207975,0.5806,0.897402573175,0.1099
chr2,59529268,0.005908324014637423,0.5784,0.897402573175,0.1117
chr2,59529269,0.005908324001078838,0.579,0.897402573175,0.117
chr2,59529270,0.005908323991475744,0.579,0.897402573175,0.1216
chr2,59529271,0.0059083239842763185,0.5786,0.897402573175,0.1332
chr2,59529272,0.0059083239786766285,0.5786,0.897402573175,0.1478
chr2,59529273,0.005908323974214859,0.5772,0.897402573175,0.1735
chr2,59529274,0.005908323970605463,0.5812,0.897402573175,0.1971
chr2,59529275,0.005908323967661402,0.5874,0.897402573175,0.2215
chr2,59529276,0.005908323965254002,0.5902,0.897402573175,0.2546
chr2,59529277,0.005908323963290752,0.5898,0.897402573175,0.3608
chr2,59529278,0.005908323961702361,0.5906,0.897402573175,0.4173
chr2,59529279,0.005908323960434892,0.5912,0.897402573175,0.4625
chr2,59529280,0.005908323959444788,0.5934,0.897402573175,0.5132
chr2,59529281,0.0059083239586955666,0.5934,0.897402573175,0.5725
chr2,59529282,0.0059083239581555124,0.5954,0.897402573175,0.6446
chr2,59529283,0.005908323957796027,0.598,0.897402573175,0.6841
chr2,59529284,0.005908323957590416,0.6002,0.897402573175,0.7029
chr2,59529285,0.005908323957513111,0.6008,0.897402573175,0.7001
chr2,59529286,0.005908323957539275,0.6018,0.897402573175,0.6753
chr2,59529287,0.005908323957644828,0.6018,0.897402573175,0.6254
chr2,59529288,0.005908323957806828,0.6018,0.897402573175,0.5518
chr2,59529289,0.00590832395800411,0.6018,0.897402573175,0.4429
chr2,59764239,-0.014553035811390905,0.3364,0.727656082071,0.305
chr2,59764240,-0.014553035813343341,0.3364,0.727656082071,0.331
chr2,59764241,-0.014553035815569331,0.3364,0.727656082071,0.3486
chr2,59764242,-0.014553035818077771,0.3364,0.727656082071,0.3582
chr2,59764243,-0.014553035820878265,0.3364,0.727656082071,0.3598
chr2,59764244,-0.014553035823984652,0.336,0.727656082071,0.3561
chr2,59764245,-0.014553035827420312,0.336,0.727656082071,0.3486
chr2,59764246,-0.014553035831226158,0.3336,0.727656082071,0.3387
chr2,59764247,-0.01455303583547327,0.3314,0.726449644328,0.3368
chr2,59764248,-0.01455303584028387,0.3282,0.721957795867,0.3305
chr2,59764249,-0.014553035845868652,0.3256,0.719844430459,0.3313
chr2,59764250,-0.014553035852598964,0.3238,0.719594104308,0.3303
chr2,59764251,-0.014553035861159799,0.3216,0.719330701643,0.3285
chr2,59764252,-0.014553035872913785,0.3206,0.717825239006,0.3391
chr2,59764253,-0.014553035890905917,0.3156,0.712625530274,0.3508
chr2,59764254,-0.01455303592335183,0.312,0.710698873203,0.3703
chr2,59764255,-0.01455303599747381,0.308,0.710698873203,0.3098
chr2,59764256,-0.015875248025779953,0.2634,0.686035142349,0.3391
chr2,59764257,-0.01587525279410726,0.2568,0.678503610108,0.3718
chr2,59764258,-0.01587525286790591,0.2522,0.676967756585,0.413
chr2,59764259,-0.01587525289826387,0.247,0.676967756585,0.4598
chr2,59764260,-0.015875252914498535,0.2444,0.676967756585,0.5099
chr2,59764261,-0.015875252924436634,0.2428,0.676967756585,0.5461
chr2,59764262,-0.015875252931005758,0.2414,0.676967756585,0.5734
chr2,59764263,-0.015875252935547625,0.2398,0.676967756585,0.5788
chr2,59764264,-0.015875252938763986,0.2378,0.676967756585,0.5676
chr2,59764265,-0.015875252941059976,0.2374,0.676967756585,0.5375
chr2,59764266,-0.0158752529426886,0.236,0.676967756585,0.4868
chr2,59764267,-0.015875252943818495,0.2346,0.676967756585,0.4245
chr2,59764268,-0.015875252944568246,0.234,0.676967756585,0.3515
chr2,59764269,-0.007894911227983496,0.5672,0.897402573175,0.2755
chr2,59764270,-0.007894910157050447,0.5658,0.897402573175,0.212
chr2,59764271,-0.00789490966693627,0.5654,0.897402573175,0.1613
chr2,59764272,-0.00789490941044122,0.5642,0.897402573175,0.1199
chr2,59764273,-0.007894909245279092,0.564,0.897402573175,0.0877
chr2,59764274,-0.007894909124009452,0.565,0.897402573175,0.0676
chr2,59764275,-0.007894909027035985,0.5644,0.897402573175,0.0536
chr2,59764276,-0.007894908944739648,0.564,0.897402573175,0.0435
chr2,59764277,-0.007894908871794665,0.5646,0.897402573175,0.0368
chr2,59764278,-0.007894908804992431,0.565,0.897402573175,0.0326
chr2,59764279,-0.00789490874228465,0.5644,0.897402573175,0.0297
chr2,59764280,-0.007894908682313942,0.5648,0.897402573175,0.0283
chr2,59764281,-0.007894908624162532,0.5644,0.897402573175,0.027
chr2,59764282,-0.00789490856721169,0.5648,0.897402573175,0.0264
chr2,59764283,-0.007894908511043498,0.5646,0.897402573175,0.0257
chr2,59764284,-0.007894908455386321,0.564,0.897402573175,0.0256
chr2,59764285,-0.007894908400076731,0.5654,0.897402573175,0.0251
chr2,59764286,-0.007894908345036354,0.561,0.897402573175,0.0252
chr2,59764287,-0.007894908290261349,0.564,0.897402573175,0.0253
chr2,59764288,-0.007894908235823506,0.5572,0.895117797695,0.0253
chr2,59764289,-0.00789490818188198,0.5564,0.893914387634,0.0256
chr2,59764290,-0.007894908128703757,0.5564,0.893914387634,0.026
chr2,59764291,-0.007894908076693014,0.5558,0.893440743113,0.0266
chr2,59764292,-0.0078949080263759,0.5544,0.893206464018,0.0273
chr2,59764293,-0.007894907978424365,0.5538,0.893206464018,0.0291
chr2,59764294,-0.007894907933585516,0.5532,0.893206464018,0.0317
chr2,59764295,-0.007894907892581399,0.553,0.893206464018,0.0348
chr2,59764296,-0.007894907855983293,0.5532,0.893206464018,0.0365
chr2,59764297,-0.00789490782410504,0.5534,0.893206464018,0.0406
chr2,59764298,-0.007894907796958719,0.5532,0.893206464018,0.0458
chr2,59764299,-0.007894907774285321,0.5532,0.893206464018,0.0525
chr2,59764300,-0.007894907755637025,0.5532,0.893206464018,0.0697
chr2,59764301,-0.007894907740472598,0.5532,0.893206464018,0.0798
chr2,59764302,-0.007894907728236599,0.5536,0.893206464018,0.0779
chr2,59764303,-0.007894907718410943,0.5534,0.893206464018,0.0873
chr2,59764304,-0.007894907710540721,0.553,0.893206464018,0.096
chr2,59764305,-0.007894907704241833,0.5536,0.893206464018,0.1037
chr2,59764306,-0.00789490769919794,0.5536,0.893206464018,0.1325
chr2,59764307,-0.007894907695152466,0.5536,0.893206464018,0.1298
chr2,59764308,-0.00789490769189908,0.5534,0.893206464018,0.1227
chr2,59764309,-0.007894907689272507,0.5536,0.893206464018,0.111
chr2,59764310,-0.007894907687140507,0.5538,0.893206464018,0.0944
chr2,59764311,-0.00789490768539719,0.5538,0.893206464018,0.0697
chr2,59764312,-0.00789490768395766,0.5542,0.893206464018,0.0601
chr2,59764313,-0.00789490768275382,0.5542,0.893206464018,0.0529
chr2,59764314,-0.007894907681731107,0.5548,0.893206464018,0.0461
chr2,59764315,-0.007894907680845942,0.5548,0.893206464018,0.0442
chr2,59764316,-0.00789490768006376,0.5544,0.893206464018,0.0422
chr2,59764317,-0.007894907679357414,0.5544,0.893206464018,0.0406
chr2,59764318,-0.00789490767870588,0.554,0.893206464018,0.0354
chr2,59764319,-0.007894907678093147,0.5544,0.893206464018,0.0324
chr2,59764320,-0.007894907677507276,0.5548,0.893206464018,0.0294
chr2,59764321,-0.00789490767693956,0.5548,0.893206464018,0.0275
chr2,59764322,-0.007894907676383811,0.555,0.893206464018,0.0263
chr2,59764323,-0.007894907675835826,0.5554,0.893206464018,0.0262
chr2,59764324,-0.0078949076752928,0.5552,0.893206464018,0.0259
chr2,59764325,-0.007894907674753001,0.554,0.893206464018,0.0255
chr2,59764326,-0.0078949076742155,0.5544,0.893206464018,0.0252
chr2,59764327,-0.007894907673680042,0.5534,0.893206464018,0.0253
chr2,59764328,-0.00789490767314701,0.553,0.893206464018,0.0256
chr2,59764329,-0.007894907672617526,0.553,0.893206464018,0.0255
chr2,59764330,-0.007894907672093677,0.5514,0.893206464018,0.0258
chr2,59764331,-0.007894907671578879,0.5526,0.893206464018,0.0264
chr2,59764332,-0.007894907671078371,0.553,0.893206464018,0.0278
chr2,59764333,-0.007894907670599832,0.554,0.893206464018,0.0292
chr2,59764334,-0.007894907670154109,0.554,0.893206464018,0.0318
chr2,59764335,-0.007894907669755818,0.5544,0.893206464018,0.0345
chr2,59764336,-0.007894907669423763,0.5542,0.893206464018,0.0387
chr2,59764337,-0.007894907669180924,0.554,0.893206464018,0.0447
chr2,59764338,-0.007894907669053724,0.5544,0.893206464018,0.0545
chr2,59764339,-0.007894907669070687,0.5542,0.893206464018,0.0681
chr2,59764340,-0.007894907669260293,0.5548,0.893206464018,0.089
chr2,59764341,-0.007894907669648482,0.5556,0.893282745995,0.121
chr2,59764342,-0.007894907670256295,0.5552,0.893206464018,0.1576
chr2,59764343,-0.007894907671098161,0.5556,0.893282745995,0.2025
chr2,59764344,-0.007894907672181163,0.5546,0.893206464018,0.2566
chr2,59764345,-0.007894907673505263,0.5536,0.893206464018,0.2365
chr2,59764346,-0.007894907675064277,0.553,0.893206464018,0.2178
chr2,59764347,-0.007894907676847153,0.5512,0.893206464018,0.2452
chr2,59764348,-0.007894907678839129,0.5492,0.893206464018,0.2748
chr2,59764349,-0.007894907681022537,0.552,0.893206464018,0.2965
chr2,59764350,-0.007894907683377079,0.5538,0.893206464018,0.3123
chr2,59764351,-0.007894907685879698,0.5536,0.893206464018,0.3218
chr2,59764352,-0.00789490768850419,0.5512,0.893206464018,0.3265
chr2,59764353,-0.007894907691220861,0.5512,0.893206464018,0.3281
chr2,59764354,-0.007894907693996516,0.5526,0.893206464018,0.3197
chr2,59764355,-0.007894907696795055,0.5524,0.893206464018,0.247
chr2,59764356,-0.007894907699578733,0.549,0.893206464018,0.1989
chr2,59764357,-0.007894907702309894,0.5502,0.893206464018,0.1901
chr2,59764358,-0.007894907704952915,0.551,0.893206464018,0.1834
chr2,59764359,-0.00789490770747589,0.5512,0.893206464018,0.1739
chr2,59764360,-0.007894907709851863,0.5508,0.893206464018,0.1669
chr2,59764361,-0.007894907712059546,0.5486,0.893206464018,0.1608
chr2,59764362,-0.007894907714083688,0.546,0.893206464018,0.1316
chr2,59764363,-0.007894907715915389,0.5446,0.893206464018,0.1254
chr2,59764364,-0.007894907717552548,0.545,0.893206464018,0.1216
chr2,59764365,-0.00789490771900051,0.5456,0.893206464018,0.1194
chr2,59764366,-0.007894907720272659,0.545,0.893206464018,0.1158
chr2,59764367,-0.007894907721390588,0.5458,0.893206464018,0.1134
chr2,59764368,-0.007894907722383259,0.5442,0.893206464018,0.1131
chr2,59764369,-0.007894907723285062,0.5444,0.893206464018,0.1093
chr2,59764370,-0.007894907724132729,0.5444,0.893206464018,0.1059
chr2,59764371,-0.007894907724961835,0.544,0.893206464018,0.102
chr2,59764372,-0.00789490772580365,0.5442,0.893206464018,0.0994
chr2,59764373,-0.007894907726683007,0.545,0.893206464018,0.0947
chr2,59764374,-0.007894907727617336,0.5456,0.893206464018,0.0869
chr2,59764375,-0.007894907728616955,0.5466,0.893206464018,0.082
chr2,59764376,-0.007894907729685992,0.5476,0.893206464018,0.0745
chr2,59764377,-0.007894907730823743,0.5472,0.893206464018,0.0652
chr2,59764378,-0.007894907732026096,0.5478,0.893206464018,0.059
chr2,59764379,-0.007894907733286834,0.5464,0.893206464018,0.0547
chr2,59764380,-0.007894907734598788,0.5468,0.893206464018,0.0489
chr2,59764381,-0.007894907735954797,0.5486,0.893206464018,0.0452
chr2,59764382,-0.007894907737348444,0.547,0.893206464018,0.0421
chr2,59764383,-0.007894907738774706,0.551,0.893206464018,0.0413
chr2,59764384,-0.007894907740230429,0.5508,0.893206464018,0.0419
chr2,59764385,-0.007894907741714679,0.5506,0.893206464018,0.0439
chr2,59764386,-0.007894907743228966,0.5516,0.893206464018,0.0493
chr2,59764387,-0.007894907744777316,0.5532,0.893206464018,0.0575
chr2,59764388,-0.007894907746366203,0.551,0.893206464018,0.0659
chr2,59764389,-0.007894907748004285,0.5472,0.893206464018,0.0797
chr2,59764390,-0.007894907749701837,0.5464,0.893206464018,0.0959
chr2,59764391,-0.007894907751470054,0.5444,0.893206464018,0.1176
chr2,59764392,-0.007894907753320171,0.5456,0.893206464018,0.1475
chr2,59764393,-0.00789490775526248,0.546,0.893206464018,0.176
chr2,59764394,-0.007894907757305284,0.5472,0.893206464018,0.2121
chr2,59764395,-0.007894907759453916,0.5476,0.893206464018,0.2521
chr2,59764396,-0.00789490776170977,0.5478,0.893206464018,0.2859
chr2,59764397,-0.00789490776406939,0.5468,0.893206464018,0.3221
chr2,59764398,-0.007894907766523766,0.5482,0.893206464018,0.3562
chr2,59764399,-0.00789490776905796,0.5492,0.893206464018,0.4734
chr2,59764400,-0.007894907771651468,0.5512,0.893206464018,0.5097
chr2,59764401,-0.007894907774279597,0.5528,0.893206464018,0.5523
chr2,59764402,0.00011978453672364759,0.9084,0.962657375566,0.5873
chr2,59764403,0.00011978937882312696,0.9104,0.964253256151,0.531
chr2,59764404,0.00011978955283699847,0.91,0.963945844892,0.559
chr2,59764405,0.00011978961188536861,0.9122,0.965256898471,0.677
chr2,59764406,0.00011978963989806954,0.9144,0.965256898471,0.6948
chr2,59764407,0.0001197896548418993,0.9154,0.965256898471,0.7079
chr2,59764408,0.000119789662889737,0.917,0.965256898471,0.7021
chr2,59764409,0.00011978966673074504,0.9168,0.965256898471,0.6816
chr2,59764410,0.00011978966773374957,0.9152,0.965256898471,0.6417
chr2,59764411,0.00011978966668304388,0.9142,0.965256898471,0.5941
chr2,59764412,0.00011978966407437833,0.9146,0.965256898471,0.5269
chr2,59764413,0.00011978966024835739,0.9146,0.965256898471,0.4515
chr2,59764414,0.00011978965545546642,0.9152,0.965256898471,0.4495
chr2,59764415,0.0001197896498895647,0.9162,0.965256898471,0.35
chr2,59764416,0.00011978964370588253,0.9174,0.965256898471,0.2686
chr2,59764417,0.00011978963703111586,0.9184,0.965256898471,0.2001
chr2,59764418,0.00011978962996943296,0.9174,0.965256898471,0.1467
chr2,59764419,0.00011978962260637497,0.9174,0.965256898471,0.1094
chr2,59764420,0.00011978961501168554,0.9184,0.965256898471,0.0823
chr2,59764421,0.00011978960724159548,0.9184,0.965256898471,0.0622
chr2,59764422,0.00011978959934081178,0.9188,0.965256898471,0.0519
chr2,59764423,0.00011978959134431976,0.9196,0.965256898471,0.0426
chr2,59764424,0.00011978958327902022,0.9202,0.965256898471,0.0368
chr2,59764425,0.000119789575165199,0.92,0.965256898471,0.034
chr2,59764426,0.00011978956701785544,0.9208,0.965256898471,0.0309
chr2,59764427,0.00011978955884784478,0.9208,0.965256898471,0.0282
chr2,59764428,0.00011978955066284719,0.9216,0.965256898471,0.0274
chr2,59764429,0.00011978954246816903,0.9218,0.965256898471,0.0268
chr2,59764430,0.0001197895342673896,0.921,0.965256898471,0.0261
chr2,59764431,0.0001197895260628612,0.9204,0.965256898471,0.0256
chr2,59764432,0.00011978951785609232,0.9218,0.965256898471,0.0252
chr2,59764433,0.00011978950964804649,0.922,0.965256898471,0.0251
chr2,59764434,0.00011978950143932064,0.9248,0.965256898471,0.0253
chr2,59764435,0.00011978949323026384,0.921,0.965256898471,0.0253
chr2,59764436,0.00011978948502111733,0.9202,0.965256898471,0.0256
chr2,59764437,0.00011978947681206521,0.9224,0.965256898471,0.0254
chr2,59764438,0.0001197894686032945,0.9224,0.965256898471,0.0256
chr2,59764439,0.00011978946039503626,0.9234,0.965256898471,0.0261
chr2,59764440,0.00011978945218761827,0.9234,0.965256898471,0.0271
chr2,59764441,0.00011978944398146891,0.923,0.965256898471,0.0279
chr2,59764442,0.00011978943577718323,0.9232,0.965256898471,0.0293
chr2,59764443,0.00011978942757556195,0.924,0.965256898471,0.0316
chr2,59764444,0.00011978941937764898,0.9236,0.965256898471,0.0347
chr2,59764445,0.00011978941118476228,0.924,0.965256898471,0.0369
chr2,59764446,0.00011978940299851195,0.9242,0.965256898471,0.0414
chr2,59764447,0.00011978939482079901,0.924,0.965256898471,0.0456
chr2,59764448,0.0001197893866537883,0.9234,0.965256898471,0.0567
chr2,59764449,0.00011978937849984965,0.923,0.965256898471,0.0733
chr2,59764450,0.00011978937036146392,0.9234,0.965256898471,0.0847
chr2,59764451,0.00011978936224109557,0.9232,0.965256898471,0.0934
chr2,59764452,0.00011978935414103812,0.9234,0.965256898471,0.1036
chr2,59764453,0.00011978934606324662,0.9238,0.965256898471,0.109
chr2,59764454,0.00011978933800917692,0.9232,0.965256898471,0.1108
chr2,59764455,0.00011978932997965341,0.9232,0.965256898471,0.1082
chr2,59764456,0.00011978932197480003,0.9246,0.965256898471,0.1029
chr2,59764457,0.00011978931399400888,0.9252,0.965256898471,0.0933
chr2,59764458,0.00011978930603600132,0.9256,0.965256898471,0.1002
chr2,59764459,0.00011978929809894665,0.9252,0.965256898471,0.1092
chr2,59764460,0.00011978929018063014,0.9256,0.965256898471,0.0893
chr2,59764461,0.00011978928227865075,0.925,0.965256898471,0.0938
chr2,59764462,0.00011978927439062837,0.9246,0.965256898471,0.0761
chr2,59764463,0.00011978926651440464,0.9224,0.965256898471,0.0618
chr2,59764464,0.00011978925864822739,0.9218,0.965256898471,0.0521
chr2,59764465,0.00011978925079091595,0.923,0.965256898471,0.0457
chr2,59764466,0.000119789242942009,0.9224,0.965256898471,0.0429
chr2,59764467,0.00011978923510189916,0.9264,0.965256898471,0.0415
chr2,59764468,0.00011978922727195641,0.927,0.965256898471,0.0424
chr2,59764469,0.00011978921945463735,0.9304,0.965256898471,0.0461
chr2,59764470,0.0001197892116535707,0.931,0.965256898471,0.0523
chr2,59764471,0.00011978920387360222,0.9328,0.965256898471,0.0634
chr2,59764472,0.0001197891961207791,0.9304,0.965256898471,0.0753
chr2,59764473,0.00011978918840224393,0.931,0.965256898471,0.0959
chr2,59764474,0.00011978918072602903,0.931,0.965256898471,0.1206
chr2,59764475,0.00011978917310073802,0.9312,0.965256898471,0.1505
chr2,59764476,0.00011978916553512204,0.9308,0.965256898471,0.1833
chr2,59764477,0.00011978915803757486,0.931,0.965256898471,0.2157
chr2,59764478,0.00011978915061558739,0.9306,0.965256898471,0.2472
chr2,59764479,0.00011978914327521465,0.9302,0.965256898471,0.2637
chr2,59764480,0.00011978913602061343,0.9296,0.965256898471,0.1918
chr2,59764481,0.00011978912885370424,0.9294,0.965256898471,0.1904
chr2,59764482,0.00011978912177400917,0.9296,0.965256898471,0.1851
chr2,59764483,0.00011978911477867622,0.9312,0.965256898471,0.1741
chr2,59764484,0.0001197891078627038,0.9294,0.965256898471,0.1627
chr2,59764485,0.0001197891010193404,0.9284,0.965256898471,0.1487
chr2,59764486,0.0001197890942406178,0.9312,0.965256898471,0.1379
chr2,59764487,0.00011978908751796251,0.931,0.965256898471,0.1261
chr2,59764488,0.00011978908084282197,0.9324,0.965256898471,0.1226
chr2,59764489,0.00011978907420724173,0.9326,0.965256898471,0.1236
chr2,59764490,0.00011978906760433636,0.9306,0.965256898471,0.1298
chr2,59764491,0.00011978906102860827,0.9296,0.965256898471,0.1374
chr2,59764492,0.00011978905447609842,0.9316,0.965256898471,0.151
chr2,59764493,0.00011978904794432695,0.9318,0.965256898471,0.162
chr2,59764494,0.00011978904143209048,0.9318,0.965256898471,0.1715
chr2,59764495,0.00011978903493913454,0.931,0.965256898471,0.1765
chr2,59764496,0.00011978902846576895,0.9298,0.965256898471,0.177
chr2,59764497,0.00011978902201249523,0.9306,0.965256898471,0.171
chr2,59764498,0.00011978901557970716,0.9314,0.965256898471,0.1584
chr2,59764499,0.00011978900916750709,0.9314,0.965256898471,0.1421
chr2,59764500,0.00011978900277565824,0.9322,0.965256898471,0.126
chr2,59764501,0.00011978899640366823,0.9328,0.965256898471,0.1089
chr2,59764502,0.00011978899005098058,0.934,0.965256898471,0.0757
chr2,59764503,0.00011978898371723956,0.9328,0.965256898471,0.0695
chr2,59764504,0.00011978897740258733,0.9294,0.965256898471,0.0642
chr2,59764505,0.00011978897110795372,0.93,0.965256898471,0.0605
chr2,59764506,0.0001197889648353006,0.9296,0.965256898471,0.0692
chr2,59764507,0.00011978895858780896,0.9312,0.965256898471,0.0697
chr2,59764508,0.0001197889523699283,0.9322,0.965256898471,0.0743
chr2,59764509,0.00011978894618732684,0.9332,0.965256898471,0.07
chr2,59764510,0.00011978894004671305,0.935,0.965256898471,0.0766
chr2,59764511,0.00011978893395553689,0.9364,0.965256898471,0.0845
chr2,59764512,0.00011978892792159512,0.9356,0.965256898471,0.0924
chr2,59764513,0.00011978892195258238,0.9352,0.965256898471,0.1039
chr2,59764514,0.00011978891605564444,0.935,0.965256898471,0.1126
chr2,59764515,0.00011978891023700148,0.9348,0.965256898471,0.1195
chr2,59764516,0.00011978890450170774,0.9356,0.965256898471,0.1225
chr2,59764517,0.00011978889885360327,0.936,0.965256898471,0.1257
chr2,59764518,0.00011978889329549081,0.9364,0.965256898471,0.1223
chr2,59764519,0.00011978888782953503,0.936,0.965256898471,0.1165
chr2,59764520,0.00011978888245784599,0.9358,0.965256898471,0.1114
chr2,59764521,0.00011978887718316921,0.9342,0.965256898471,0.1055
chr2,59764522,0.0001197888720095772,0.9364,0.965256898471,0.1014
chr2,59764523,0.00011978886694304269,0.935,0.965256898471,0.0981
chr2,59764524,0.00011978886199178661,0.9356,0.965256898471,0.0984
chr2,59764525,0.00011978885716630141,0.9332,0.965256898471,0.1007
chr2,59764526,0.00011978885247901296,0.9324,0.965256898471,0.1022
chr2,59764527,0.00011978884794358404,0.934,0.965256898471,0.1059
chr2,59764528,0.00011978884357391999,0.9352,0.965256898471,0.1097
chr2,59764529,0.00011978883938297898,0.9332,0.965256898471,0.1123
chr2,59764530,0.00011978883538153552,0.9324,0.965256898471,0.1143
chr2,59764531,0.00011978883157703291,0.9338,0.965256898471,0.1123
chr2,59764532,0.00011978882797266909,0.9336,0.965256898471,0.1411
chr2,59764533,0.00011978882456682369,0.9346,0.965256898471,0.1302
chr2,59764534,0.00011978882135288937,0.9358,0.965256898471,0.1161
chr2,59764535,0.00011978881831952271,0.9362,0.965256898471,0.1028
chr2,59764536,0.00011978881545128557,0.9364,0.965256898471,0.0897
chr2,59764537,0.00011978881272956552,0.9372,0.965256898471,0.0795
chr2,59764538,0.00011978881013366312,0.938,0.965256898471,0.0675
chr2,59764539,0.0001197888076419279,0.94,0.965906135291,0.0589
chr2,59764540,0.00011978880523279837,0.9422,0.965906135291,0.0531
chr2,59764541,0.00011978880288566706,0.9458,0.9675583576,0.048
chr2,59764542,0.00011978880058154396,0.9442,0.966202912904,0.0474
chr2,59764543,0.00011978879830354492,0.942,0.965906135291,0.0495
chr2,59764544,0.00011978879603730809,0.9412,0.965906135291,0.0526
chr2,59764545,0.00011978879377136842,0.9456,0.967410099598,0.0567
chr2,59764546,0.00011978879149757642,0.9468,0.968468553459,0.0646
chr2,59764547,0.00011978878921153225,0.9518,0.971016781836,0.0773
chr2,59764548,0.00011978878691295735,0.9508,0.970863969306,0.1212
chr2,59764549,0.00011978878460589565,0.9506,0.970829059829,0.1517
chr2,59764550,0.00011978878229865507,0.9516,0.971016781836,0.1921
chr2,59764551,0.00011978878000345385,0.9528,0.971776332598,0.2297
chr2,59764552,0.00011978877773580168,0.9534,0.972162486938,0.2752
chr2,59764553,0.00011978877551368586,0.9532,0.972127852291,0.3168
chr2,59764554,0.00011978877335664149,0.9534,0.972162486938,0.347
chr2,59764555,0.00011978877128476964,0.9534,0.972162486938,0.3697
chr2,59764556,0.00011978876931774346,0.9538,0.972288143462,0.3827
chr2,59764557,0.00011978876747382787,0.9538,0.972288143462,0.3825
chr2,59764558,0.00011978876576892716,0.9538,0.972288143462,0.3695
chr2,59764559,0.0001197887642157574,0.9538,0.972288143462,0.3454
chr2,59764560,0.00011978876282310554,0.9538,0.972288143462,0.3144
chr2,59764617,0.005976973088543319,0.8702,0.944105188388,0.336
chr2,59812078,-0.0033020560345652385,0.9374,0.965256898471,0.3534
chr2,59812133,-0.024630648943413273,0.1384,0.589748911466,0.0994
chr2,59812134,-0.02463064894228661,0.1384,0.589748911466,0.1134
chr2,59812135,-0.024630648941055645,0.1384,0.589748911466,0.1303
chr2,59812136,-0.02463064893973715,0.1384,0.589748911466,0.1482
chr2,59812137,-0.02463064893835186,0.1384,0.589748911466,0.1764
chr2,59812138,-0.024630648936923242,0.1384,0.589748911466,0.2133
chr2,59812139,-0.024630648935475945,0.138,0.589748911466,0.2596
chr2,59812140,-0.02463064893403422,0.1362,0.587513015717,0.3226
chr2,59812141,-0.024630648932620347,0.1348,0.583767751479,0.393
chr2,59812142,-0.0246306489312533,0.1336,0.581150074294,0.4737
chr2,59812143,-0.024630648929947794,0.134,0.582313211282,0.5516
chr2,59812144,-0.024630648928713687,0.131,0.575685514136,0.633
chr2,59812145,-0.024630648927555787,0.1276,0.56943445122,0.7022
chr2,59812146,-0.024630648926473965,0.127,0.567477741033,0.7587
chr2,59812147,-0.024630648925463548,0.1252,0.562331120756,0.7902
chr2,59812148,-0.02463064892451595,0.125,0.562115975422,0.8067
chr2,59812149,-0.024630648923619634,0.126,0.564157532501,0.8098
chr2,59812150,-0.02463064892276128,0.1258,0.563549349656,0.7942
chr2,59812151,-0.024630648921927123,0.1264,0.565516046867,0.767
chr2,59812152,-0.024630648921104205,0.1272,0.568226856562,0.7135
chr2,59812153,-0.024630648920281394,0.1278,0.569892612338,0.6388
chr2,59812154,-0.024630648919449986,0.13,0.573299020839,0.5431
chr2,59812155,-0.024630648918603937,0.1296,0.573117824773,0.4359
chr2,59812156,-0.024630648917739712,0.1304,0.574486079759,0.3324
chr2,59812157,-0.02463064891685596,0.1324,0.579951620948,0.2405
chr2,59812158,-0.024630648915953006,0.133,0.581150074294,0.1709
chr2,59812159,-0.024630648915032406,0.1342,0.582461823573,0.121
chr2,59812160,-0.02463064891409645,0.134,0.582313211282,0.0876
chr2,59812161,-0.02463064891314785,0.1346,0.583621081215,0.0661
chr2,59812162,-0.024630648912189485,0.1348,0.583767751479,0.0524
chr2,59812163,-0.024630648911224243,0.1372,0.588790129489,0.0441
chr2,59812164,-0.02463064891025501,0.14,0.591698748797,0.0368
chr2,59812165,-0.02463064890928468,0.1448,0.602990042674,0.0339
chr2,59812166,-0.02463064890831628,0.1516,0.61931802366,0.0339
chr2,59812167,-0.024630648907353128,0.1564,0.632049402574,0.0338
chr2,59812168,-0.024630648906398937,0.1566,0.632049402574,0.0348
chr2,59812169,-0.024630648905458016,0.1566,0.632049402574,0.0362
chr2,59812170,-0.024630648904535323,0.1566,0.632049402574,0.0387
chr2,59812171,-0.024630648903636497,0.1566,0.632049402574,0.0423
chr2,59812172,-0.024630648902767775,0.1566,0.632049402574,0.0479
chr2,59812173,-0.02463064890193583,0.1566,0.632049402574,0.0526
chr2,59812174,-0.024630648901147457,0.1566,0.632049402574,0.0577
chr2,59812175,-0.024630648900409242,0.1566,0.632049402574,0.063
chr2,59812176,-0.02463064889972712,0.1566,0.632049402574,0.0672
chr2,59812177,-0.02463064889910598,0.1566,0.632049402574,0.0695
chr2,59812178,-0.02463064889854925,0.1566,0.632049402574,0.0705
chr2,59812248,-0.005639275824696488,0.7294,0.897402573175,0.0754
chr2,59812249,-0.005639275824409173,0.7294,0.897402573175,0.0804
chr2,59812250,-0.005639275824104151,0.7294,0.897402573175,0.0859
chr2,59812251,-0.005639275823788857,0.7294,0.897402573175,0.0919
chr2,59812252,-0.005639275823471843,0.7294,0.897402573175,0.0981
chr2,59812253,-0.005639275823162327,0.7294,0.897402573175,0.102
chr2,59812254,-0.005639275822869671,0.7288,0.897402573175,0.1076
chr2,59812255,-0.005639275822602835,0.728,0.897402573175,0.1276
chr2,59812256,-0.005639275822369917,0.7274,0.897402573175,0.1459
chr2,59812257,-0.005639275822177696,0.7266,0.897402573175,0.154
chr2,59812258,-0.005639275822031252,0.7272,0.897402573175,0.1548
chr2,59812259,-0.005639275821933667,0.726,0.897402573175,0.1444
chr2,59812260,-0.005639275821885859,0.7252,0.897402573175,0.1203
chr2,59812261,-0.00563927582188662,0.7256,0.897402573175,0.0915
chr2,59812262,-0.005639275821932935,0.7248,0.897402573175,0.0771
chr2,59812263,-0.005639275822020604,0.7254,0.897402573175,0.0747
chr2,59812264,-0.005639275822145099,0.7216,0.897402573175,0.0722
chr2,59812265,-0.0056392758223024605,0.7224,0.897402573175,0.071
chr2,59812266,-0.005639275822490069,0.717,0.897402573175,0.0712
chr2,59812267,-0.005639275822707085,0.7118,0.897402573175,0.0721
chr2,59812268,-0.005639275822954527,0.7068,0.897402573175,0.0794
chr2,59812269,-0.005639275823234988,0.7022,0.897402573175,0.0911
chr2,59812270,-0.005639275823552011,0.6952,0.897402573175,0.109
chr2,59812271,-0.005639275823909227,0.692,0.897402573175,0.1381
chr2,59812272,-0.005639275824309346,0.6868,0.897402573175,0.1829
chr2,59812273,-0.005639275824753132,0.69,0.897402573175,0.2371
chr2,59812274,-0.005639275825238725,0.6866,0.897402573175,0.303
chr2,59812275,-0.005639275825761509,0.6882,0.897402573175,0.3829
chr2,59812276,-0.005639275826314838,0.6848,0.897402573175,0.4643
chr2,59812277,-0.0056392758268914355,0.6842,0.897402573175,0.5614
chr2,59812278,-0.005639275827484942,0.6802,0.897402573175,0.6485
chr2,59812279,-0.005639275828091017,0.6766,0.897402573175,0.707
chr2,59812280,-0.005639275828707646,0.6748,0.897402573175,0.7476
chr2,59812281,-0.005639275829334792,0.6742,0.897402573175,0.774
chr2,59812282,-0.005639275829973736,0.6746,0.897402573175,0.7769
chr2,59812283,-0.005639275830626408,0.6704,0.897402573175,0.7534
chr2,59812284,-0.005639275831294928,0.668,0.897402573175,0.7183
chr2,59812285,-0.005639275831981349,0.6644,0.897402573175,0.6576
chr2,59812286,-0.00563927583268754,0.6616,0.897402573175,0.5862
chr2,59812287,-0.0056392758334151164,0.6602,0.897402573175,0.5234
chr2,59812288,-0.005639275834165414,0.6588,0.897402573175,0.4499
chr2,59812289,-0.005639275834939394,0.657,0.897402573175,0.3703
chr2,59812290,-0.00563927583573756,0.6546,0.897402573175,0.2653
chr2,59812291,-0.0056392758365598665,0.6544,0.897402573175,0.212
chr2,59812292,-0.00563927583740566,0.6564,0.897402573175,0.168
chr2,59812293,-0.005639275838273674,0.6564,0.897402573175,0.124
chr2,59812294,-0.005639275839162109,0.6536,0.897402573175,0.0953
chr2,59812295,-0.005639275840068715,0.653,0.897402573175,0.0849
chr2,59812296,-0.005639275840990918,0.6518,0.897402573175,0.0792
chr2,59812297,-0.005639275841925932,0.647,0.897402573175,0.0801
chr2,59812298,-0.0056392758428708235,0.649,0.897402573175,0.0823
chr2,59812299,-0.005639275843822569,0.6458,0.897402573175,0.0887
chr2,59812300,-0.005639275844778054,0.6458,0.897402573175,0.1137
chr2,59812301,-0.005639275845734065,0.6458,0.897402573175,0.1376
chr2,59812302,-0.0056392758466872975,0.6442,0.897402573175,0.1817
chr2,59812303,-0.005639275847634371,0.6436,0.897402573175,0.2832
chr2,59812304,-0.005639275848571881,0.6436,0.897402573175,0.3968
chr2,59812305,-0.005639275849496499,0.644,0.897402573175,0.5028
chr2,59812306,-0.005639275850405105,0.6452,0.897402573175,0.581
chr2,59812307,-0.005639275851294923,0.646,0.897402573175,0.6201
chr2,59812308,-0.005639275852163669,0.646,0.897402573175,0.4988
chr2,59812309,-0.005639275853009676,0.6448,0.897402573175,0.4643
chr2,59812310,-0.00563927585383199,0.6462,0.897402573175,0.4042
chr2,59812311,-0.005639275854630402,0.6456,0.897402573175,0.3205
chr2,59812312,-0.00563927585540545,0.6452,0.897402573175,0.2245
chr2,59812313,-0.005639275856158346,0.6448,0.897402573175,0.1703
chr2,59812314,-0.005639275856890879,0.6468,0.897402573175,0.1247
chr2,59812315,-0.005639275857605251,0.6476,0.897402573175,0.098
chr2,59812316,-0.005639275858303911,0.6486,0.897402573175,0.0779
chr2,59812317,-0.005639275858989393,0.6488,0.897402573175,0.0611
chr2,59812318,-0.005639275859664156,0.6486,0.897402573175,0.0489
chr2,59812319,-0.005639275860330461,0.6498,0.897402573175,0.0414
chr2,59812320,-0.005639275860990299,0.6508,0.897402573175,0.0368
chr2,59812321,-0.005639275861645348,0.6508,0.897402573175,0.0339
chr2,59812322,-0.005639275862296971,0.6498,0.897402573175,0.0311
chr2,59812323,-0.005639275862946245,0.6508,0.897402573175,0.0287
chr2,59812324,-0.005639275863594006,0.652,0.897402573175,0.0277
chr2,59812325,-0.00563927586424091,0.6506,0.897402573175,0.0267
chr2,59812326,-0.005639275864887502,0.6502,0.897402573175,0.0265
chr2,59812327,-0.005639275865534284,0.6518,0.897402573175,0.0271
chr2,59812328,-0.005639275866181798,0.6522,0.897402573175,0.0278
chr2,59812329,-0.005639275866830697,0.6526,0.897402573175,0.0293
chr2,59812330,-0.005639275867481838,0.6524,0.897402573175,0.0319
chr2,59812331,-0.005639275868136382,0.6504,0.897402573175,0.0348
chr2,59812332,-0.005639275868795892,0.652,0.897402573175,0.0395
chr2,59812333,-0.0056392758694624534,0.6514,0.897402573175,0.0451
chr2,59812334,-0.005639275870138811,0.651,0.897402573175,0.0526
chr2,59812335,-0.005639275870828494,0.65,0.897402573175,0.0672
chr2,59812336,-0.005639275871535982,0.6496,0.897402573175,0.0927
chr2,59812337,-0.005639275872266896,0.6508,0.897402573175,0.1169
chr2,59812338,-0.005639275873028236,0.6506,0.897402573175,0.1641
chr2,59812339,-0.005639275873828711,0.6518,0.897402573175,0.2037
chr2,59812340,-0.005639275874679253,0.652,0.897402573175,0.2413
chr2,59812341,-0.005639275875593792,0.653,0.897402573175,0.3181
chr2,59812342,-0.0056392758765905285,0.6518,0.897402573175,0.3001
chr2,59812343,-0.005639275877694036,0.6516,0.897402573175,0.313
chr2,59812344,-0.005639275878938862,0.6528,0.897402573175,0.3136
chr2,59812345,-0.005639275880375854,0.6542,0.897402573175,0.3028
chr2,59812346,-0.00563927588208396,0.6538,0.897402573175,0.2791
chr2,59812347,-0.005639275884193713,0.6534,0.897402573175,0.2472
chr2,59812348,-0.0056392758869382425,0.6538,0.897402573175,0.2153
chr2,59812349,-0.005639275890779157,0.657,0.897402573175,0.1846
chr2,59812350,-0.00563927589678183,0.6574,0.897402573175,0.1602
chr2,59812351,-0.005639275908147705,0.66,0.897402573175,0.1375
chr2,59812352,-0.005639275941923561,0.6616,0.897402573175,0.1251
chr2,59812353,-0.0056392771646037445,0.6634,0.897402573175,0.1153
chr2,59812354,-0.026383673688244288,0.0246,0.265743542435,0.1146
chr2,59812355,-0.026383673681961265,0.0252,0.26761668682,0.1141
chr2,59812356,-0.026383673676115892,0.0244,0.265707377557,0.121
chr2,59812357,-0.02638367367068135,0.0234,0.258016949153,0.1345
chr2,59812358,-0.026383673665645483,0.0234,0.258016949153,0.174
chr2,59812359,-0.026383673661015388,0.0234,0.258016949153,0.2382
chr2,59812360,-0.02638367365681705,0.0228,0.252829545455,0.3372
chr2,59812361,-0.026383673653091657,0.0238,0.261279375,0.3706
chr2,59812362,-0.026383673649890447,0.0244,0.265707377557,0.4179
chr2,59812363,-0.026383673647269557,0.0246,0.265743542435,0.4638
chr2,59812364,-0.026383673645285502,0.0244,0.265707377557,0.5084
chr2,59812365,-0.026383673643991256,0.0242,0.264842990654,0.537
chr2,59812366,-0.026383673643432918,0.0248,0.266266503667,0.5518
chr2,59812367,-0.026383673643646785,0.0248,0.266266503667,0.5477
chr2,59812368,-0.02638367364465659,0.0252,0.26761668682,0.5396
chr2,59812369,-0.026383673646471303,0.0248,0.266266503667,0.5097
chr2,59812370,-0.02638367364908369,0.0254,0.267637072585,0.4648
chr2,59812371,-0.026383673652469845,0.0256,0.268456119403,0.4082
chr2,59812372,-0.026383673656590025,0.0254,0.267637072585,0.3453
chr2,59812373,-0.026383673661390647,0.0254,0.267637072585,0.2783
chr2,59812374,-0.026383673666807175,0.0258,0.269267379679,0.217
chr2,59812375,-0.02638367367276782,0.0256,0.268456119403,0.1643
chr2,59812376,-0.026383673679197202,0.0258,0.269267379679,0.1256
chr2,59812377,-0.026383673686020022,0.0252,0.26761668682,0.0969
chr2,59812378,-0.02638367369316409,0.0246,0.265743542435,0.0771
chr2,59812379,-0.026383673700562577,0.0246,0.265743542435,0.0629
chr2,59812380,-0.0263836737081555,0.0246,0.265743542435,0.0528
chr2,59812381,-0.026383673715890246,0.0252,0.26761668682,0.0473
chr2,59812382,-0.026383673723721458,0.0274,0.274979233227,0.0437
chr2,59812383,-0.026383673731610362,0.0276,0.274979233227,0.0425
chr2,59812384,-0.02638367373952376,0.0278,0.274979233227,0.0441
chr2,59812385,-0.02638367374743294,0.0288,0.274979233227,0.0471
chr2,59812386,-0.026383673755312628,0.0282,0.274979233227,0.0513
chr2,59812387,-0.026383673763140297,0.028,0.274979233227,0.0577
chr2,59812388,-0.026383673770895563,0.0276,0.274979233227,0.0631
chr2,59812389,-0.026383673778560168,0.0276,0.274979233227,0.0719
chr2,59812390,-0.026383673786118146,0.0274,0.274979233227,0.0779
chr2,59812391,-0.026383673793556096,0.0276,0.274979233227,0.0838
chr2,59812392,-0.026383673800863643,0.0276,0.274979233227,0.0873
chr2,59812393,-0.02638367380803381,0.0272,0.274979233227,0.1038
chr2,59812394,-0.026383673815063024,0.0266,0.274979233227,0.1019
chr2,59812395,-0.026383673821950965,0.0264,0.274225901833,0.0974
chr2,59812396,-0.026383673828699866,0.0264,0.274225901833,0.1079
chr2,59812397,-0.026383673835313384,0.0262,0.272632109005,0.1199
chr2,59812398,-0.02638367384179543,0.0264,0.274225901833,0.1065
chr2,59812399,-0.026383673848148315,0.0266,0.274979233227,0.0938
chr2,59812400,-0.02638367385437102,0.0274,0.274979233227,0.0849
chr2,59812401,-0.02638367386045745,0.0274,0.274979233227,0.0789
chr2,59812402,-0.02638367386639494,0.027,0.274979233227,0.0746
chr2,59812403,-0.026383673872163216,0.0288,0.274979233227,0.075
chr2,59812404,-0.026383673877734055,0.0312,0.279119939271,0.0753
chr2,59812405,-0.0263836738830716,0.0318,0.279983458647,0.0829
chr2,59812406,-0.02638367388813369,0.032,0.280759240759,0.0795
chr2,59812407,-0.026383673892873962,0.032,0.280759240759,0.0868
chr2,59812408,-0.026383673897244744,0.0316,0.279765120968,0.0972
chr2,59812409,-0.026383673901200444,0.0316,0.279765120968,0.1068
chr2,59812410,-0.026383673904701102,0.0318,0.279983458647,0.1151
chr2,59812411,-0.026383673907715805,0.0312,0.279119939271,0.1494
chr2,59812412,-0.02638367391022538,0.0312,0.279119939271,0.1214
chr2,59812413,-0.02638367391222417,0.0316,0.279765120968,0.1187
chr2,59812414,-0.026383673913720696,0.0316,0.279765120968,0.1119
chr2,59812415,-0.026383673914736987,0.0314,0.279119939271,0.1015
chr2,59812416,-0.026383673915306795,0.0314,0.279119939271,0.0801
chr2,59812417,-0.02638367391547306,0.0314,0.279119939271,0.0803
chr2,59812418,-0.026383673915284657,0.0312,0.279119939271,0.0685
chr2,59812419,-0.026383673914793192,0.031,0.278952356557,0.0541
chr2,59812420,-0.02638367391404993,0.0308,0.277721765914,0.0468
chr2,59812421,-0.026383673913103246,0.0308,0.277721765914,0.0437
chr2,59812422,-0.026383673911996773,0.0308,0.277721765914,0.041
chr2,59812423,-0.02638367391076826,0.0308,0.277721765914,0.0374
chr2,59812424,-0.02638367390944912,0.0308,0.277721765914,0.0332
chr2,59812425,-0.026383673908064554,0.0308,0.277721765914,0.0301
chr2,59812426,-0.026383673906634066,0.0308,0.277721765914,0.0272
chr2,59812427,-0.026383673905172232,0.0308,0.277721765914,0.0269
chr2,59812428,-0.026383673903689616,0.0308,0.277721765914,0.0259
chr2,59812429,-0.026383673902193587,0.0308,0.277721765914,0.0255
chr2,59812430,-0.026383673900689155,0.0308,0.277721765914,0.0253
chr2,59812431,-0.0263836738991796,0.0308,0.277721765914,0.0251
chr2,59812432,-0.026383673897667,0.0308,0.277721765914,0.0251
chr2,59812433,-0.02638367389615283,0.0318,0.279983458647,0.0251
chr2,59812434,-0.026383673894638023,0.0316,0.279765120968,0.0252
chr2,59812435,-0.026383673893123342,0.0318,0.279983458647,0.0251
chr2,59812436,-0.02638367389160964,0.0326,0.283474752475,0.0253
chr2,59812437,-0.026383673890098092,0.0318,0.279983458647,0.0252
chr2,59812438,-0.026383673888590597,0.032,0.280759240759,0.0253
chr2,59812439,-0.026383673887090293,0.0322,0.281389552239,0.0254
chr2,59812440,-0.026383673885602157,0.0322,0.281389552239,0.0258
chr2,59812441,-0.026383673884134047,0.0322,0.281389552239,0.0263
chr2,59812442,-0.026383673882698022,0.0322,0.281389552239,0.0269
chr2,59812443,-0.02638367388131201,0.032,0.280759240759,0.0279
chr2,59812444,-0.026383673880002075,0.032,0.280759240759,0.0292
chr2,59812445,-0.026383673878805098,0.0322,0.281389552239,0.0331
chr2,59812446,-0.02638367387777199,0.0324,0.282715350224,0.0371
chr2,59812447,-0.02638367387697182,0.0326,0.283474752475,0.042
chr2,59812448,-0.026383673876496844,0.0326,0.283474752475,0.0491
chr2,59812449,-0.026383673876469296,0.0334,0.286320644217,0.0583
chr2,59812450,-0.026383673877051393,0.0334,0.286320644217,0.07
chr2,59812451,-0.026383673878461602,0.0334,0.286320644217,0.0868
chr2,59812452,-0.02638367388100376,0.0336,0.287054474708,0.1109
chr2,59812453,-0.026383673885124206,0.0334,0.286320644217,0.1428
chr2,59812454,-0.026383673891534884,0.0336,0.287054474708,0.1794
chr2,59812455,-0.026383673901509724,0.0336,0.287054474708,0.2305
chr2,59812456,-0.026383673917720837,0.0334,0.286320644217,0.2897
chr2,59812457,-0.02638367394722815,0.0342,0.291047965116,0.3516
chr2,59812458,-0.026383674017822198,0.034,0.289767103348,0.4205
chr2,59812459,-0.026383674485956132,0.0346,0.293456784162,0.4844
chr2,59812460,-0.028904404981968296,0.0224,0.248865275142,0.5451
chr2,59812461,-0.028904404981106427,0.0214,0.238812579416,0.6003
chr2,59812462,-0.028904404980226884,0.0214,0.238812579416,0.6522
chr2,59812463,-0.028904404979330046,0.0216,0.240891428571,0.6888
chr2,59812464,-0.02890440497841929,0.0218,0.242967639594,0.8422
chr2,59812465,-0.02890440497750071,0.023,0.254886435331,0.8565
chr2,59812466,-0.028904404976582473,0.0234,0.258016949153,0.8661
chr2,59812467,-0.028904404975674033,0.0238,0.261279375,0.8719
chr2,59812468,-0.028904404974785258,0.0258,0.269267379679,0.8652
chr2,59812469,-0.02890440497392574,0.0272,0.274979233227,0.8606
chr2,59812470,-0.028904404973104206,0.0272,0.274979233227,0.8492
chr2,59812471,-0.028904404972328098,0.028,0.274979233227,0.8403
chr2,59812472,-0.028904404971603244,0.0314,0.279119939271,0.809
chr2,59812473,-0.0289044049709336,0.0344,0.292325108853,0.7863
chr2,59812474,-0.028904404970321165,0.0364,0.301587735849,0.7606
chr2,59812475,-0.028904404969766137,0.0368,0.303612963833,0.7306
chr2,59812476,-0.028904404969267255,0.0372,0.305764155358,0.6965
chr2,59812477,-0.02890440496882225,0.0372,0.305764155358,0.6575
chr2,59812478,-0.028904404968428356,0.0372,0.305764155358,0.6016
chr2,59812479,-0.02890440496808265,0.0372,0.305764155358,0.5355
chr2,60379364,0.01731888968726685,0.3812,0.774902630365,0.8768
chr2,60379365,0.01731888968722412,0.3812,0.774902630365,0.8768
chr2,60379471,-0.013335619949516141,0.3824,0.774902630365,0.2154
chr2,60379472,-0.013335619947918941,0.3824,0.774902630365,0.2335
chr2,60379473,-0.013335619946111297,0.3824,0.774902630365,0.2153
chr2,60379474,-0.013335619944098506,0.3824,0.774902630365,0.1638
chr2,60379475,-0.013335619941891027,0.3824,0.774902630365,0.1364
chr2,60379476,-0.013335619939503643,0.3824,0.774902630365,0.1202
chr2,60379477,-0.013335619936954474,0.3824,0.774902630365,0.1008
chr2,60379478,-0.013335619934263881,0.3824,0.774902630365,0.084
chr2,60379479,-0.013335619931453387,0.3824,0.774902630365,0.0698
chr2,60379480,-0.013335619928544777,0.3824,0.774902630365,0.0602
chr2,60379481,-0.013335619925559506,0.3824,0.774902630365,0.0542
chr2,60379482,-0.013335619922518393,0.3824,0.774902630365,0.0499
chr2,60379483,-0.013335619919441731,0.3824,0.774902630365,0.0471
chr2,60379484,-0.013335619916349746,0.3808,0.774902630365,0.0472
chr2,60379485,-0.010997429546750193,0.4718,0.823723536984,0.0502
chr2,60379486,-0.010997429160884543,0.4622,0.817815090543,0.0585
chr2,60379487,-0.010997429114137381,0.4546,0.810418045265,0.0718
chr2,60379488,-0.013335619904278787,0.3516,0.738385222382,0.094
chr2,60379489,-0.013335619901473668,0.345,0.731222249006,0.1264
chr2,60379490,-0.01333561989882436,0.343,0.730404695631,0.18
chr2,60379491,-0.013335619896375443,0.3426,0.730404695631,0.2531
chr2,60379492,-0.013335619894176769,0.341,0.729557247259,0.3365
chr2,60379493,-0.013335619892283023,0.3404,0.728983906364,0.4407
chr2,60379494,-0.013335619890753223,0.3394,0.727907326007,0.5362
chr2,60379495,-0.013335619889650614,0.3388,0.727656082071,0.6132
chr2,60379496,-0.013335619889043445,0.3396,0.728069571585,0.6625
chr2,60379497,-0.013335619889007439,0.3364,0.727656082071,0.6908
chr2,60379498,-0.013335619889631176,0.3352,0.727656082071,0.6925
chr2,60379499,-0.013335619891026183,0.3358,0.727656082071,0.6739
chr2,60379500,-0.01333561989334498,0.3368,0.727656082071,0.5248
chr2,60379501,-0.013335619896813155,0.3364,0.727656082071,0.4696
chr2,60379502,-0.01333561990178847,0.334,0.727656082071,0.4034
chr2,60379503,-0.013335619908877154,0.3326,0.727656082071,0.2715
chr2,60379504,-0.01333561991918889,0.3298,0.724117125,0.2255
chr2,60379505,-0.013335619934994398,0.3264,0.720343761779,0.1753
chr2,60379506,-0.013335619961887145,0.3256,0.719844430459,0.1451
chr2,60379507,-0.013335620018731384,0.325,0.719594104308,0.1237
chr2,60379508,-0.013335620194915382,0.3212,0.718710573248,0.1137
chr2,60379509,-0.015557911458246868,0.242,0.676967756585,0.1078
chr2,60379510,-0.01555791220317676,0.2376,0.676967756585,0.1114
chr2,60379511,-0.015557912345948338,0.2374,0.676967756585,0.1166
chr2,60379512,-0.015557912401866447,0.2362,0.676967756585,0.1299
chr2,60379513,-0.015557912432543215,0.2366,0.676967756585,0.1367
chr2,60379514,-0.015557912452682331,0.2352,0.676967756585,0.1467
chr2,60379515,-0.015557912467278483,0.2342,0.676967756585,0.1533
chr2,60379516,-0.015557912478526214,0.2356,0.676967756585,0.1566
chr2,60379517,-0.015557912487563807,0.2346,0.676967756585,0.1549
chr2,60379518,-0.015557912495051444,0.2352,0.676967756585,0.1466
chr2,60379519,-0.015557912501404375,0.2352,0.676967756585,0.118
chr2,60379520,-0.01555791250690078,0.2368,0.676967756585,0.108
chr2,60379521,-0.01555791251173691,0.2346,0.676967756585,0.0986
chr2,60379522,-0.01555791251605725,0.2342,0.676967756585,0.0868
chr2,60379523,-0.015557912519971974,0.234,0.676967756585,0.0818
chr2,60379524,-0.015557912523567247,0.2346,0.676967756585,0.069
chr2,60379525,-0.015557912526911915,0.2342,0.676967756585,0.0642
chr2,60379526,-0.015557912530061464,0.2346,0.676967756585,0.0539
chr2,60379527,-0.015557912533060813,0.2344,0.676967756585,0.046
chr2,60379528,-0.01555791253594615,0.2354,0.676967756585,0.0401
chr2,60379529,-0.01555791253874638,0.236,0.676967756585,0.0356
chr2,60379530,-0.015557912541484127,0.2356,0.676967756585,0.0324
chr2,60379531,-0.015557912544176895,0.2364,0.676967756585,0.0302
chr2,60379532,-0.015557912546837839,0.2366,0.676967756585,0.0287
chr2,60379533,-0.015557912549476484,0.238,0.676967756585,0.0277
chr2,60379534,-0.01555791255209934,0.2378,0.676967756585,0.0274
chr2,60379535,-0.015557912554710328,0.2408,0.676967756585,0.0273
chr2,60379536,-0.015557912557311038,0.2374,0.676967756585,0.0272
chr2,60379537,-0.015557912559900767,0.2384,0.676967756585,0.0283
chr2,60379538,-0.015557912562476373,0.235,0.676967756585,0.0289
chr2,60379539,-0.015557912565031973,0.235,0.676967756585,0.029
chr2,60379540,-0.015557912567558702,0.2364,0.676967756585,0.0308
chr2,60379541,-0.015557912570044755,0.236,0.676967756585,0.0335
chr2,60379542,-0.01555791257247605,0.2354,0.676967756585,0.0372
chr2,60379543,-0.015557912574837943,0.2346,0.676967756585,0.0423
chr2,60379544,-0.015557912577118029,0.2336,0.676967756585,0.0489
chr2,60379545,-0.015557912579309613,0.2346,0.676967756585,0.0569
chr2,60379546,-0.015557912581414946,0.2336,0.676967756585,0.0665
chr2,60379547,-0.01555791258344722,0.2336,0.676967756585,0.0799
chr2,60379548,-0.015557912585430272,0.2336,0.676967756585,0.1028
chr2,60379549,-0.015557912587396038,0.234,0.676967756585,0.1354
chr2,60379550,-0.015557912589380518,0.2336,0.676967756585,0.1768
chr2,60379551,-0.015557912591419257,0.2334,0.676967756585,0.2336
chr2,60379552,-0.015557912593543258,0.2334,0.676967756585,0.246
chr2,60379553,-0.015557912595776067,0.2326,0.676967756585,0.2469
chr2,60379554,-0.015557912598132093,0.2332,0.676967756585,0.235
chr2,60379555,-0.015557912600616227,0.2336,0.676967756585,0.2215
chr2,60379556,-0.01555791260322452,0.2336,0.676967756585,0.1974
chr2,60379557,-0.015557912605945575,0.234,0.676967756585,0.1723
chr2,60379558,-0.015557912608762397,0.2338,0.676967756585,0.1502
chr2,60379559,-0.01555791261165435,0.2346,0.676967756585,0.1299
chr2,60379560,-0.015557912614598794,0.2358,0.676967756585,0.1124
chr2,60379561,-0.0155579126175724,0.236,0.676967756585,0.1033
chr2,60379562,-0.015557912620551817,0.237,0.676967756585,0.0945
chr2,60379563,-0.01555791262351368,0.2398,0.676967756585,0.0915
chr2,60379564,-0.015557912626434117,0.2412,0.676967756585,0.0901
chr2,60379565,-0.0155579126292877,0.2398,0.676967756585,0.0927
chr2,60379566,-0.01555791263204599,0.2386,0.676967756585,0.1168
chr2,60379567,-0.015557912634675633,0.2376,0.676967756585,0.1249
chr2,60379568,-0.015557912637135967,0.2384,0.676967756585,0.1343
chr2,60379569,-0.01555791263937623,0.2384,0.676967756585,0.1465
chr2,60379570,-0.01555791264133229,0.238,0.676967756585,0.1558
chr2,60379571,-0.01555791264292327,0.2394,0.676967756585,0.1679
chr2,60379572,-0.015557912644048788,0.2406,0.676967756585,0.1806
chr2,60379573,-0.01555791264458824,0.2404,0.676967756585,0.1933
chr2,60379574,-0.015557912644404821,0.2394,0.676967756585,0.1708
chr2,60379575,-0.015557912643357838,0.2398,0.676967756585,0.1855
chr2,60379576,-0.015557912641325253,0.2388,0.676967756585,0.207
chr2,60379577,-0.015557912638232274,0.2394,0.676967756585,0.2338
chr2,60379578,-0.015557912634071256,0.239,0.676967756585,0.2591
chr2,60379579,-0.01555791262889443,0.2376,0.676967756585,0.2847
chr2,60379580,-0.015557912622775588,0.2384,0.676967756585,0.3136
chr2,60379581,-0.015557912615758855,0.239,0.676967756585,0.3414
chr2,60379582,-0.015557912607815333,0.24,0.676967756585,0.3648
chr2,60379583,-0.015557912598818903,0.2392,0.676967756585,0.3816
chr2,60379584,-0.015557912588529703,0.2406,0.676967756585,0.3865
chr2,60379585,-0.015557912576571065,0.2406,0.676967756585,0.3842
chr2,60379586,-0.015557912562383803,0.2416,0.676967756585,0.362
chr2,60379587,-0.015557912545135937,0.241,0.676967756585,0.3317
chr2,60379588,-0.01555791252354183,0.2432,0.676967756585,0.2993
chr2,60379589,-0.015557912495453394,0.2432,0.676967756585,0.2649
chr2,60379590,-0.015557912456735946,0.2432,0.676967756585,0.2289
chr2,60379591,-0.015557912397465188,0.2422,0.676967756585,0.192
chr2,60379592,-0.015557912281134253,0.2434,0.676967756585,0.1593
chr2,60379593,-0.015557911900777452,0.2446,0.676967756585,0.1314
chr2,60379594,-0.015557911723008959,0.2462,0.676967756585,0.1047
chr2,60379595,-0.0012205207082165374,0.986,0.993067087156,0.0847
chr2,60379596,0.0023696157627632005,0.7868,0.897402573175,0.0683
chr2,60379597,0.0023696157849410716,0.7864,0.897402573175,0.0576
chr2,60379598,0.002369615809224825,0.7858,0.897402573175,0.049
chr2,60379599,0.002369615835760696,0.7854,0.897402573175,0.0425
chr2,60379600,0.0023696158646143756,0.7848,0.897402573175,0.0359
chr2,60379601,0.002369615895732069,0.784,0.897402573175,0.0325
chr2,60379602,0.00236961592893126,0.7838,0.897402573175,0.0306
chr2,60379603,0.0023696159639228108,0.7826,0.897402573175,0.0298
chr2,60379604,0.0023696160003614194,0.7838,0.897402573175,0.029
chr2,60379605,0.002369616037901783,0.7834,0.897402573175,0.0279
chr2,60379606,0.002369616076239145,0.7848,0.897402573175,0.0276
chr2,60379607,0.0023696161151242224,0.7888,0.897402573175,0.0286
chr2,60379608,0.0023696161543547254,0.7956,0.898060150376,0.0295
chr2,60379609,0.0023696161937437656,0.7952,0.897949803972,0.0304
chr2,60379610,0.0023696162330797957,0.7928,0.897402573175,0.0333
chr2,60379611,0.0023696162720754322,0.7932,0.897402573175,0.0366
chr2,60379612,0.002369616310327031,0.7924,0.897402573175,0.0412
chr2,60379613,0.002369616347295391,0.7934,0.897402573175,0.0488
chr2,60379614,0.0023696163823492653,0.7932,0.897402573175,0.0588
chr2,60379615,0.0023696164148802067,0.7938,0.897402573175,0.0634
chr2,60379616,0.0023696164444477574,0.7928,0.897402573175,0.0756
chr2,60379617,0.002369616470872649,0.7936,0.897402573175,0.093
chr2,60379618,0.0023696164942295568,0.794,0.897402573175,0.1153
chr2,60379619,0.0023696165147610413,0.7938,0.897402573175,0.141
chr2,60379620,0.002369616532779575,0.7944,0.897455364034,0.1656
chr2,60379621,0.002369616548597715,0.7932,0.897402573175,0.1848
chr2,60379622,0.0023696165624937917,0.7922,0.897402573175,0.2455
chr2,60379623,0.0023696165747031997,0.7936,0.897402573175,0.2588
chr2,60379624,0.0023696165854231927,0.7936,0.897402573175,0.2593
chr2,60379625,0.00236961659482247,0.7934,0.897402573175,0.245
chr2,60379626,0.0023696166030506343,0.7928,0.897402573175,0.2252
chr2,60379627,0.0023696166102453375,0.7924,0.897402573175,0.1979
chr2,60379628,0.002369616616536551,0.7918,0.897402573175,0.1674
chr2,60379629,0.002369616622048272,0.7916,0.897402573175,0.1379
chr2,60379630,0.002369616626898363,0.7918,0.897402573175,0.1062
chr2,60379631,0.0023696166311972704,0.792,0.897402573175,0.0828
chr2,60379632,0.0023696166350463386,0.7912,0.897402573175,0.0686
chr2,60379633,0.00236961663853624,0.7924,0.897402573175,0.0639
chr2,60379634,0.002369616641745895,0.7912,0.897402573175,0.0522
chr2,60379635,0.002369616644742037,0.7916,0.897402573175,0.0433
chr2,60379636,0.002369616647579434,0.7912,0.897402573175,0.0405
chr2,60379637,0.002369616650301722,0.7922,0.897402573175,0.0356
chr2,60379638,0.002369616652942621,0.7924,0.897402573175,0.033
chr2,60379639,0.002369616655527399,0.7928,0.897402573175,0.0299
chr2,60379640,0.002369616658074389,0.7918,0.897402573175,0.0284
chr2,60379641,0.0023696166605964375,0.7922,0.897402573175,0.0273
chr2,60379642,0.0023696166631021675,0.7918,0.897402573175,0.0265
chr2,60379643,0.0023696166655970217,0.7908,0.897402573175,0.0265
chr2,60379644,0.0023696166680840522,0.7982,0.898506919528,0.0274
chr2,60379645,0.002369616670564463,0.803,0.901286616887,0.0285
chr2,60379646,0.00236961667303794,0.8054,0.901548571792,0.0297
chr2,60379647,0.002369616675502803,0.8058,0.901548571792,0.0323
chr2,60379648,0.002369616677956027,0.8062,0.901548571792,0.0366
chr2,60379649,0.0023696166803932103,0.8064,0.901548571792,0.0401
chr2,60379650,0.0023696166828084215,0.8056,0.901548571792,0.0482
chr2,60379651,0.0023696166851942036,0.8064,0.901548571792,0.0586
chr2,60379652,0.0023696166875416397,0.8068,0.901548571792,0.0712
chr2,60379653,0.0023696166898404293,0.807,0.90165733732,0.0902
chr2,60379654,0.002369616692079257,0.8066,0.901548571792,0.1207
chr2,60379655,0.0023696166942462266,0.8066,0.901548571792,0.159
chr2,60379656,0.0023696166963293897,0.8076,0.901754116077,0.204
chr2,60379657,0.0023696166983173173,0.8088,0.90250796876,0.2602
chr2,60379658,0.0023696167001996406,0.8086,0.902469119329,0.3272
chr2,60379659,0.002369616701967539,0.8092,0.90250796876,0.3894
chr2,60379660,0.002369616703614109,0.8074,0.901754116077,0.2887
chr2,60379661,0.002369616705134645,0.8066,0.901548571792,0.3126
chr2,60379662,0.002369616706526798,0.8094,0.902616405308,0.3295
chr2,60379663,0.002369616707790638,0.8106,0.902910249097,0.3304
chr2,60379664,0.002369616708928604,0.8114,0.903177521541,0.3229
chr2,60379665,0.002369616709945374,0.8116,0.903177521541,0.3039
chr2,60379666,0.002369616710847621,0.8114,0.903177521541,0.2686
chr2,60379667,0.0023696167116436934,0.8108,0.902910249097,0.2309
chr2,60379668,0.002369616712343235,0.8106,0.902910249097,0.1972
chr2,60379669,0.0023696167129567437,0.8108,0.902910249097,0.1648
chr2,60379670,0.002369616713495132,0.811,0.902910249097,0.1282
chr2,60379671,0.0023696167139692966,0.8104,0.902910249097,0.0991
chr2,60379672,0.0023696167143897225,0.8098,0.902833195811,0.0812
chr2,60379673,0.0023696167147661735,0.8098,0.902833195811,0.0657
chr2,60379674,0.0023696167151074457,0.8104,0.902910249097,0.0636
chr2,60379675,0.002369616715421225,0.8102,0.902910249097,0.0511
chr2,60379676,0.002369616715714023,0.8098,0.902833195811,0.0442
chr2,60379677,0.0023696167159911936,0.811,0.902910249097,0.0435
chr2,60379678,0.002369616716257009,0.8116,0.903177521541,0.0366
chr2,60379679,0.0023696167165147795,0.8108,0.902910249097,0.0322
chr2,60379680,0.0023696167167669936,0.811,0.902910249097,0.0298
chr2,60379681,0.002369616717015468,0.8108,0.902910249097,0.0283
chr2,60379682,0.0023696167172614917,0.811,0.902910249097,0.027
chr2,60379683,0.0023696167175059502,0.8108,0.902910249097,0.0264
chr2,60379684,0.0023696167177494364,0.811,0.902910249097,0.026
chr2,60379685,0.002369616717992334,0.811,0.902910249097,0.0255
chr2,60379686,0.0023696167182348854,0.811,0.902910249097,0.0253
chr2,60379687,0.0023696167184772384,0.811,0.902910249097,0.0253
chr2,60379688,0.00236961671871947,0.8116,0.903177521541,0.0255
chr2,60379689,0.0023696167189616187,0.8152,0.906781584447,0.0253
chr2,60379690,0.00236961671920369,0.8142,0.905898714132,0.0251
chr2,60379691,0.0023696167194456595,0.8186,0.907804091167,0.0255
chr2,60379692,0.002369616719687468,0.8176,0.907038716605,0.0251
chr2,60379693,0.002369616719929013,0.818,0.907310558222,0.0255
chr2,60379694,0.0023696167201701108,0.8176,0.907038716605,0.0262
chr2,60379695,0.0023696167204104762,0.8174,0.907038716605,0.0264
chr2,60379696,0.002369616720649674,0.8174,0.907038716605,0.0273
chr2,60379697,0.0023696167208870633,0.8176,0.907038716605,0.0287
chr2,60379698,0.002369616721121732,0.8176,0.907038716605,0.0306
chr2,60379699,0.002369616721352424,0.8174,0.907038716605,0.0342
chr2,60379700,0.0023696167215774733,0.8168,0.907038716605,0.039
chr2,60379701,0.002369616721794751,0.817,0.907038716605,0.0451
chr2,60379702,0.0023696167220016453,0.817,0.907038716605,0.0555
chr2,60379703,0.002369616722195095,0.817,0.907038716605,0.0668
chr2,60379704,0.002369616722371686,0.8166,0.907038716605,0.0837
chr2,60379705,0.00236961672252783,0.8166,0.907038716605,0.0755
chr2,60379706,0.00236961672266003,0.8166,0.907038716605,0.0891
chr2,60379707,0.0023696167227652103,0.8164,0.907038716605,0.1023
chr2,60379708,0.0023696167228410914,0.8164,0.907038716605,0.1149
chr2,60379709,0.002369616722886556,0.8164,0.907038716605,0.1283
chr2,60379710,0.002369616722901944,0.8162,0.907038716605,0.1386
chr2,60379711,0.0023696167228892144,0.8164,0.907038716605,0.1419
chr2,60379712,0.0023696167228519005,0.8164,0.907038716605,0.2247
chr2,60379713,0.002369616722794864,0.8162,0.907038716605,0.2095
chr2,60379714,0.0023696167227238232,0.8168,0.907038716605,0.187
chr2,60379715,0.0023696167226447463,0.817,0.907038716605,0.1575
chr2,60379716,0.0023696167225632147,0.8172,0.907038716605,0.126
chr2,60379717,0.0023696167224838663,0.8174,0.907038716605,0.1028
chr2,60379718,0.0023696167224100425,0.8178,0.907146005684,0.1413
chr2,60379719,0.0023696167223436837,0.8176,0.907038716605,0.1036
chr2,60379720,0.0023696167222854543,0.8178,0.907146005684,0.0804
chr2,60379721,0.0023696167222350384,0.8172,0.907038716605,0.06
chr2,60379722,0.0023696167221914925,0.8174,0.907038716605,0.0489
chr2,60379723,0.0023696167221535797,0.8172,0.907038716605,0.0403
chr2,60379724,0.0023696167221200276,0.817,0.907038716605,0.0352
chr2,60379725,0.0023696167220896873,0.8174,0.907038716605,0.031
chr2,60379726,0.0023696167220616116,0.8176,0.907038716605,0.0288
chr2,60379727,0.0023696167220350717,0.8176,0.907038716605,0.0278
chr2,60379728,0.002369616722009536,0.8174,0.907038716605,0.0269
chr2,60379729,0.0023696167219846354,0.8174,0.907038716605,0.026
chr2,60379730,0.0023696167219601247,0.8174,0.907038716605,0.0258
chr2,60379731,0.002369616721935845,0.8174,0.907038716605,0.0251
chr2,60379732,0.0023696167219116786,0.8194,0.908519189496,0.0252
chr2,60379733,0.002369616721887553,0.8208,0.909784312488,0.0253
chr2,60379734,0.0023696167218634004,0.8226,0.911491862226,0.0254
chr2,60379735,0.0023696167218391437,0.8256,0.912668428005,0.0256
chr2,60379736,0.0023696167218146685,0.826,0.912668428005,0.0257
chr2,60379737,0.0023696167217897904,0.826,0.912668428005,0.0261
chr2,60379738,0.002369616721764209,0.826,0.912668428005,0.0263
chr2,60379739,0.002369616721737451,0.826,0.912668428005,0.0275
chr2,60379740,0.0023696167217087836,0.826,0.912668428005,0.029
chr2,60379741,0.0023696167216771115,0.826,0.912668428005,0.031
chr2,60379742,0.0023696167216408653,0.826,0.912668428005,0.033
chr2,60379743,0.0023696167215978906,0.826,0.912668428005,0.0361
chr2,60379744,0.0023696167215453783,0.826,0.912668428005,0.0412
chr2,60379745,0.00236961672147988,0.826,0.912668428005,0.0488
chr2,60379746,0.0023696167213974654,0.826,0.912668428005,0.0618
chr2,60379747,0.002369616721294066,0.826,0.912668428005,0.077
chr2,60379748,0.002369616721166015,0.826,0.912668428005,0.1012
chr2,60379749,0.0023696167210107287,0.826,0.912668428005,0.1322
chr2,60379750,0.002369616720827391,0.826,0.912668428005,0.1808
chr2,60379751,0.0023696167206174717,0.826,0.912668428005,0.2338
chr2,60379752,0.002369616720384903,0.826,0.912668428005,0.296
chr2,60379753,0.0023696167201358435,0.826,0.912668428005,0.3621
chr2,60379754,0.0023696167198780497,0.826,0.912668428005,0.4153
chr2,60379755,0.002369616719620006,0.826,0.912668428005,0.4491
chr2,60379756,0.0023696167193699865,0.826,0.912668428005,0.4615
chr2,60533299,0.0026792904492286677,0.7982,0.898506919528,0.5263
chr2,60533300,0.002679290447627193,0.7982,0.898506919528,0.5121
chr2,60533301,0.002679290445803587,0.7982,0.898506919528,0.4722
chr2,60533302,0.0026792904437569825,0.7982,0.898506919528,0.4117
chr2,60533303,0.0026792904414918352,0.7982,0.898506919528,0.3388
chr2,60533304,0.0026792904390180432,0.7982,0.898506919528,0.2633
chr2,60533305,0.0026792904363506444,0.7982,0.898506919528,0.1986
chr2,60533306,0.0026792904335090273,0.7982,0.898506919528,0.1444
chr2,60533307,0.0026792904305156734,0.7982,0.898506919528,0.1029
chr2,60533308,0.0026792904273945776,0.7982,0.898506919528,0.0754
chr2,60533309,0.0026792904241696087,0.7982,0.898506919528,0.0562
chr2,60533310,0.0026792904208630653,0.7982,0.898506919528,0.0457
chr2,60533311,0.0026792904174945897,0.7982,0.898506919528,0.0392
chr2,60533312,0.00267929041408063,0.7982,0.898506919528,0.0347
chr2,60533313,0.0026792904106342857,0.7982,0.898506919528,0.0314
chr2,60533314,0.0026792904071654966,0.7982,0.898506919528,0.0297
chr2,60533315,0.0026792904036814277,0.7982,0.898506919528,0.0281
chr2,60533316,0.00267929040018691,0.7982,0.898506919528,0.0273
chr2,60533317,0.0026792903966848546,0.7982,0.898506919528,0.0263
chr2,60533318,0.0026792903931765494,0.7932,0.897402573175,0.0262
chr2,60533319,0.0026792903896618275,0.7872,0.897402573175,0.0264
chr2,60533320,0.002679290386139073,0.786,0.897402573175,0.0272
chr2,60533321,0.002679290382605073,0.7842,0.897402573175,0.0279
chr2,60533322,0.0026792903790547255,0.7818,0.897402573175,0.0292
chr2,60533323,0.002679290375480625,0.7816,0.897402573175,0.031
chr2,60533324,0.0026792903718725427,0.7818,0.897402573175,0.0343
chr2,60533325,0.0026792903682168433,0.782,0.897402573175,0.0378
chr2,60533326,0.0026792903644958692,0.781,0.897402573175,0.0447
chr2,60533327,0.0026792903606872188,0.7808,0.897402573175,0.0536
chr2,60533328,0.0026792903567631095,0.7808,0.897402573175,0.0687
chr2,60533329,0.0026792903526896704,0.781,0.897402573175,0.0837
chr2,60533330,0.002679290348426175,0.781,0.897402573175,0.1005
chr2,60533331,0.002679290343924199,0.7812,0.897402573175,0.1224
chr2,60533332,0.002679290339126651,0.7808,0.897402573175,0.1434
chr2,60533333,0.0026792903339666876,0.78,0.897402573175,0.1605
chr2,60533334,0.0026792903283665683,0.78,0.897402573175,0.1727
chr2,60533335,0.002679290322236644,0.7796,0.897402573175,0.1774
chr2,60533336,0.0026792903154748172,0.7792,0.897402573175,0.1725
chr2,60533337,0.0026792903079671092,0.7794,0.897402573175,0.1599
chr2,60533338,0.002679290299590175,0.7788,0.897402573175,0.1428
chr2,60533339,0.002679290290216835,0.7786,0.897402573175,0.1237
chr2,60533340,0.0026792902797254927,0.7786,0.897402573175,0.1019
chr2,60533341,0.0026792902680136256,0.7792,0.897402573175,0.0844
chr2,60533342,0.0026792902550139275,0.7796,0.897402573175,0.0687
chr2,60533343,0.0026792902407096605,0.7798,0.897402573175,0.0553
chr2,60533344,0.002679290225144807,0.7796,0.897402573175,0.0456
chr2,60533345,0.0026792902084222894,0.7804,0.897402573175,0.0394
chr2,60533346,0.002679290190692873,0.7806,0.897402573175,0.0351
chr2,60533347,0.002679290172134509,0.7798,0.897402573175,0.0321
chr2,60533348,0.002679290152929946,0.7794,0.897402573175,0.0292
chr2,60533349,0.002679290133248447,0.7804,0.897402573175,0.0288
chr2,60533350,0.0026792901132349695,0.7808,0.897402573175,0.0278
chr2,60533351,0.0026792900930069246,0.7794,0.897402573175,0.029
chr2,60533352,0.0026792900726564733,0.7784,0.897402573175,0.0284
chr2,60533353,0.002679290052255747,0.7732,0.897402573175,0.0282
chr2,60533354,0.002679290031862717,0.771,0.897402573175,0.0297
chr2,60533355,0.002679290011526142,0.7676,0.897402573175,0.0334
chr2,60533356,0.0026792899912886563,0.7666,0.897402573175,0.0368
chr2,60533357,0.00267928997118756,0.7664,0.897402573175,0.0409
chr2,60533358,0.0026792899512532607,0.7648,0.897402573175,0.0506
chr2,60533359,0.002679289931505669,0.765,0.897402573175,0.0626
chr2,60533360,0.0026792899119491478,0.7648,0.897402573175,0.08
chr2,60533361,0.002679289892566777,0.7644,0.897402573175,0.1034
chr2,60533362,0.002679289873315009,0.7648,0.897402573175,0.1331
chr2,60533363,0.0026792898541174617,0.7652,0.897402573175,0.1717
chr2,60533364,0.0026792898348607054,0.7648,0.897402573175,0.2136
chr2,60533365,0.0026792898153891447,0.7636,0.897402573175,0.2654
chr2,60533366,0.002679289795498754,0.7638,0.897402573175,0.3139
chr2,60533367,0.0026792897749282974,0.7638,0.897402573175,0.3489
chr2,60533368,0.0026792897533463368,0.7644,0.897402573175,0.3731
chr2,60533369,0.002679289730331895,0.7636,0.897402573175,0.3757
chr2,60533370,0.002679289705345915,0.7628,0.897402573175,0.3584
chr2,60533371,0.0026792896776894216,0.7624,0.897402573175,0.3253
chr2,60533372,0.002679289646442271,0.761,0.897402573175,0.278
chr2,60533373,0.0026792896103731735,0.7608,0.897402573175,0.226
chr2,60533374,0.002679289567806469,0.7596,0.897402573175,0.1776
chr2,60533375,0.0026792895164229366,0.7604,0.897402573175,0.1362
chr2,60533376,0.002679289452959006,0.7608,0.897402573175,0.107
chr2,60533377,0.0026792893727491467,0.7594,0.897402573175,0.0706
chr2,60533378,0.0026792892690300114,0.7588,0.897402573175,0.0525
chr2,60533379,0.002679289131887299,0.7594,0.897402573175,0.0439
chr2,60533380,0.002679288946819765,0.7592,0.897402573175,0.037
chr2,60533381,0.0026792886928062674,0.759,0.897402573175,0.0333
chr2,60533382,0.0026792883403822265,0.7584,0.897402573175,0.0309
chr2,60533383,0.002679287850126373,0.7584,0.897402573175,0.0294
chr2,60533384,0.002679287171822281,0.7594,0.897402573175,0.0283
chr2,60533385,0.0026792862445256453,0.7592,0.897402573175,0.0275
chr2,60533386,0.0026792850007811763,0.76,0.897402573175,0.0268
chr2,60533387,0.0026792833799819714,0.7512,0.897402573175,0.0283
chr2,60533388,0.0026792813443264813,0.7502,0.897402573175,0.0285
chr2,60533389,0.002679278878536397,0.7502,0.897402573175,0.0325
chr2,60533390,0.0026792759685898746,0.7504,0.897402573175,0.0352
chr2,60533391,0.002679272575784025,0.7506,0.897402573175,0.0403
chr2,60533392,0.0026792686215867563,0.7488,0.897402573175,0.0478
chr2,60533393,0.0026792639828469534,0.7484,0.897402573175,0.0568
chr2,60533394,0.0026792584096220207,0.749,0.897402573175,0.0734
chr2,60533395,0.0026792503281198453,0.7492,0.897402573175,0.0963
chr2,60533396,0.0026792294430744833,0.7486,0.897402573175,0.1298
chr2,60533397,0.002679175644284875,0.7488,0.897402573175,0.1769
chr2,60533398,0.002197761763246508,0.7808,0.897402573175,0.2416
chr2,60533399,0.0021977617789936807,0.7796,0.897402573175,0.3198
chr2,60533400,0.002197761793451826,0.7808,0.897402573175,0.3959
chr2,60533401,0.0021977618064136038,0.781,0.897402573175,0.4663
chr2,60533402,0.002197761817674201,0.7814,0.897402573175,0.5199
chr2,60533403,0.002197761827034964,0.7806,0.897402573175,0.5527
chr2,60533404,0.002197761834302355,0.7788,0.897402573175,0.566
chr2,60533405,0.00219776183927884,0.778,0.897402573175,0.5568
chr2,60533406,0.0021977618417411103,0.7758,0.897402573175,0.4292
chr2,60533407,0.002197761841397798,0.7756,0.897402573175,0.3836
chr2,60533408,0.002197761837810741,0.7736,0.897402573175,0.3227
chr2,60533409,0.0021977618302443103,0.7738,0.897402573175,0.2594
chr2,60533410,0.0021977618173530857,0.774,0.897402573175,0.1984
chr2,60533411,0.0021977617964501635,0.775,0.897402573175,0.1274
chr2,60533412,0.002197761761483991,0.7758,0.897402573175,0.0907
chr2,60533413,0.0021977616959272745,0.773,0.897402573175,0.0752
chr2,60533414,0.0021977615328625457,0.7746,0.897402573175,0.063
chr2,60533415,0.0021977604718800307,0.7732,0.897402573175,0.0541
chr2,60533416,-0.004873993044749401,0.739,0.897402573175,0.0503
chr2,60533417,-0.004873993396163304,0.7408,0.897402573175,0.0479
chr2,60533418,-0.004873993490182653,0.7404,0.897402573175,0.0463
chr2,60533419,-0.004873993533902183,0.7396,0.897402573175,0.0512
chr2,60533420,-0.004873993559327205,0.7426,0.897402573175,0.0634
chr2,60533421,-0.004873993576024906,0.7418,0.897402573175,0.0803
chr2,60533422,-0.004873993587818906,0.7428,0.897402573175,0.097
chr2,60533423,-0.004873993596535934,0.7432,0.897402573175,0.1286
chr2,60533424,-0.004873993603151609,0.7434,0.897402573175,0.163
chr2,60533425,-0.0048739936082242315,0.743,0.897402573175,0.2021
chr2,60533426,-0.004873993612086361,0.7422,0.897402573175,0.2429
chr2,60533427,-0.004873993614939535,0.741,0.897402573175,0.2793
chr2,60533428,-0.004873993616905021,0.7396,0.897402573175,0.3092
chr2,60533429,-0.0048739936180523975,0.7362,0.897402573175,0.3361
chr2,60533430,-0.004873993618415774,0.7362,0.897402573175,0.3474
chr2,60533431,-0.004873993618002451,0.736,0.897402573175,0.3457
chr2,60533432,-0.004873993616796441,0.7364,0.897402573175,0.3347
chr2,60533433,-0.004873993614757885,0.7362,0.897402573175,0.3129
chr2,60533434,-0.004873993611818579,0.7368,0.897402573175,0.2365
chr2,60533435,-0.004873993607873579,0.7386,0.897402573175,0.1767
chr2,60533436,-0.004873993602767796,0.7394,0.897402573175,0.153
chr2,60533437,-0.004873993596275812,0.7424,0.897402573175,0.1279
chr2,60533438,-0.0048739935880721,0.7402,0.897402573175,0.1068
chr2,60533439,-0.004873993577686961,0.74,0.897402573175,0.0895
chr2,60533440,-0.004873993564441121,0.741,0.897402573175,0.07
chr2,60533441,-0.004873993547348868,0.7394,0.897402573175,0.0617
chr2,60533442,-0.004873993524977183,0.7396,0.897402573175,0.0541
chr2,60533443,-0.004873993495270902,0.7386,0.897402573175,0.0493
chr2,60533444,-0.004873993455508868,0.7374,0.897402573175,0.0455
chr2,60533445,-0.004873993402897806,0.7398,0.897402573175,0.0422
chr2,60533446,-0.004873993325632423,0.7398,0.897402573175,0.0399
chr2,60533447,-0.0048739928488675454,0.744,0.897402573175,0.0434
chr2,60533448,-0.004873991536929238,0.7472,0.897402573175,0.0423
chr2,60533449,-0.004315855869515892,0.7824,0.897402573175,0.0465
chr2,60533450,-0.004315854956217124,0.7824,0.897402573175,0.0507
chr2,60533451,-0.004315854863604232,0.7816,0.897402573175,0.0578
chr2,60533452,-0.004315854809961979,0.7796,0.897402573175,0.0623
chr2,60533453,-0.004315854769730656,0.7804,0.897402573175,0.0711
chr2,60533454,-0.004315854740080915,0.7808,0.897402573175,0.0838
chr2,60533455,-0.004315854718178069,0.78,0.897402573175,0.111
chr2,60533456,-0.00431585470184419,0.7778,0.897402573175,0.1539
chr2,60533457,-0.004315854689579822,0.7768,0.897402573175,0.2128
chr2,60533458,-0.004315854680373212,0.7768,0.897402573175,0.2376
chr2,60533459,-0.004315854673537038,0.7776,0.897402573175,0.2639
chr2,60533460,-0.004315854668596474,0.7772,0.897402573175,0.2767
chr2,60533461,-0.004315854665215209,0.7762,0.897402573175,0.2816
chr2,60533462,-0.004315854663146612,0.7778,0.897402573175,0.2751
chr2,60533463,-0.0043158546622017084,0.7774,0.897402573175,0.2583
chr2,60533464,-0.0043158546622281925,0.7792,0.897402573175,0.1924
chr2,60533465,-0.0043158546630971,0.7798,0.897402573175,0.166
chr2,60533466,-0.004315854664694626,0.7808,0.897402573175,0.1416
chr2,60533467,-0.004315854666917502,0.7814,0.897402573175,0.1155
chr2,60533468,-0.004315854669670847,0.781,0.897402573175,0.0934
chr2,60533469,-0.0043158546728675334,0.7796,0.897402573175,0.0789
chr2,60533470,-0.004315854676428522,0.7796,0.897402573175,0.0683
chr2,60533471,-0.004315854680283545,0.7794,0.897402573175,0.0594
chr2,60533472,-0.004315854684371832,0.7794,0.897402573175,0.0528
chr2,60533473,-0.004315854688642551,0.7778,0.897402573175,0.0488
chr2,60533474,-0.0043158546930548445,0.7776,0.897402573175,0.0477
chr2,60533475,-0.0043158546975773995,0.7846,0.897402573175,0.0497
chr2,60533476,-0.0043158547021876,0.783,0.897402573175,0.0521
chr2,60533477,-0.004315854706870347,0.783,0.897402573175,0.0608
chr2,60533478,-0.004315854711616646,0.7826,0.897402573175,0.0708
chr2,60533479,-0.004315854716422065,0.783,0.897402573175,0.0838
chr2,60533480,-0.004315854721285176,0.7834,0.897402573175,0.1142
chr2,60533481,-0.004315854726206036,0.7834,0.897402573175,0.1612
chr2,60533482,-0.004315854731184816,0.7844,0.897402573175,0.1964
chr2,60533483,-0.004315854736220622,0.785,0.897402573175,0.2397
chr2,60533484,-0.004315854741310612,0.7848,0.897402573175,0.2744
chr2,60533485,-0.004315854746449463,0.7864,0.897402573175,0.3033
chr2,60533486,-0.004315854751629184,0.784,0.897402573175,0.3241
chr2,60533487,-0.004315854756839318,0.7862,0.897402573175,0.3373
chr2,60533488,-0.004315854762067488,0.7896,0.897402573175,0.4139
chr2,60533489,-0.0043158547673001766,0.7882,0.897402573175,0.3918
chr2,60533490,-0.004315854772523704,0.7868,0.897402573175,0.3637
chr2,60533491,-0.004315854777725171,0.7864,0.897402573175,0.3206
chr2,60533492,-0.004315854782893289,0.7852,0.897402573175,0.2794
chr2,60533493,-0.004315854788019015,0.7916,0.897402573175,0.2438
chr2,60533494,-0.004315854793095871,0.7932,0.897402573175,0.2113
chr2,60533495,-0.004315854798119985,0.7942,0.897402573175,0.185
chr2,60533496,-0.004315854803089831,0.792,0.897402573175,0.1595
chr2,60533497,-0.0043158548080057205,0.7876,0.897402573175,0.1412
chr2,60533498,-0.0043158548128691444,0.7878,0.897402573175,0.1278
chr2,60533499,-0.004315854817681996,0.7884,0.897402573175,0.1178
chr2,60533500,-0.00431585482244577,0.792,0.897402573175,0.1111
chr2,60533501,-0.0043158548271607835,0.7916,0.897402573175,0.1066
chr2,60533502,-0.004315854831825438,0.793,0.897402573175,0.1031
chr2,60533503,-0.004315854836435554,0.7938,0.897402573175,0.0987
chr2,60533504,-0.004315854840983781,0.7968,0.898506919528,0.0974
chr2,60533505,-0.0043158548454591515,0.7978,0.898506919528,0.0935
chr2,60533506,-0.004315854849846756,0.799,0.89900935238,0.0906
chr2,60533507,-0.004315854854127678,0.7996,0.89956920515,0.0894
chr2,60533508,-0.004315854858279226,0.8016,0.90101132655,0.0873
chr2,60533509,-0.00431585486227553,0.8016,0.90101132655,0.1011
chr2,60533510,-0.004315854866088562,0.7998,0.899736582554,0.0967
chr2,60533511,-0.004315854869689551,0.8022,0.901166730622,0.0946
chr2,60533512,-0.004315854873050714,0.8022,0.901166730622,0.0938
chr2,60533513,-0.004315854876147177,0.8022,0.901166730622,0.0926
chr2,60533514,-0.00431585487895887,0.8022,0.901166730622,0.1116
chr2,60533515,-0.004315854881472162,0.8022,0.901166730622,0.1425
chr2,60533573,-0.0024135652596239047,0.9438,0.965906135291,0.1043
chr2,60533574,-0.0024135652500200163,0.9438,0.965906135291,0.0829
chr2,60533575,-0.0024135652393231927,0.9438,0.965906135291,0.0783
chr2,60533576,-0.0024135652275940034,0.9438,0.965906135291,0.0726
chr2,60533577,-0.0024135652149166733,0.9438,0.965906135291,0.0663
chr2,60533578,-0.0024135652013926577,0.9438,0.965906135291,0.0594
chr2,60533579,-0.00241356518713346,0.9438,0.965906135291,0.053
chr2,60533580,-0.0024135651722535134,0.9438,0.965906135291,0.0468
chr2,60533581,-0.0024135651568638287,0.9438,0.965906135291,0.0407
chr2,60533582,-0.00241356514106694,0.9438,0.965906135291,0.0372
chr2,60533583,-0.002413565124953396,0.9438,0.965906135291,0.0343
chr2,60533584,-0.002413565108599825,0.9438,0.965906135291,0.0322
chr2,60533585,-0.002413565092068387,0.9438,0.965906135291,0.0313
chr2,60533586,-0.002413565075407308,0.9438,0.965906135291,0.0305
chr2,60533587,-0.002413565058652138,0.9426,0.965906135291,0.0303
chr2,60533588,-0.0024135650418273535,0.9392,0.9656431749,0.0314
chr2,60533589,-0.002413565024948153,0.9406,0.965906135291,0.0323
chr2,60533590,-0.0024135650080220994,0.9394,0.965679229824,0.0327
chr2,60533591,-0.002413564991050608,0.9386,0.965514491481,0.0347
chr2,60533592,-0.0024135649740302315,0.9392,0.9656431749,0.0385
chr2,60533593,-0.0024135649569537706,0.9394,0.965679229824,0.044
chr2,60533594,-0.0024135649398112705,0.9406,0.965906135291,0.049
chr2,60533595,-0.0024135649225909,0.9414,0.965906135291,0.0548
chr2,60533596,-0.0024135649052798376,0.9414,0.965906135291,0.0613
chr2,60533597,-0.0024135648878650245,0.9416,0.965906135291,0.0679
chr2,60533598,-0.0024135648703337838,0.9412,0.965906135291,0.0764
chr2,60533599,-0.002413564852674268,0.9412,0.965906135291,0.0805
chr2,60533600,-0.0024135648348754812,0.9404,0.965906135291,0.0757
chr2,60533601,-0.002413564816926949,0.9402,0.965906135291,0.0778
chr2,60533602,-0.002413564798818181,0.9408,0.965906135291,0.0798
chr2,60533603,-0.0024135647805377087,0.9424,0.965906135291,0.082
chr2,60533604,-0.0024135647620720127,0.9412,0.965906135291,0.0879
chr2,60533605,-0.002413564743404546,0.9416,0.965906135291,0.0941
chr2,60533606,-0.002413564724515074,0.9422,0.965906135291,0.107
chr2,60533607,-0.0024135647053795204,0.94,0.965906135291,0.1217
chr2,60533608,-0.002413564685970384,0.938,0.965256898471,0.1363
chr2,60533609,-0.0024135646662576857,0.9388,0.965514491481,0.1644
chr2,60533610,-0.0024135646462102524,0.937,0.965256898471,0.1917
chr2,60533611,-0.0024135646257971237,0.935,0.965256898471,0.221
chr2,60533612,-0.0024135646049887848,0.9332,0.965256898471,0.2659
chr2,60533613,-0.0024135645837580332,0.9314,0.965256898471,0.3023
chr2,60533614,-0.002413564562080326,0.9314,0.965256898471,0.3384
chr2,60533615,-0.002413564539933593,0.9306,0.965256898471,0.3646
chr2,60533616,-0.0024135645172976964,0.9292,0.965256898471,0.3858
chr2,60533617,-0.0024135644941538676,0.93,0.965256898471,0.3973
chr2,60533618,-0.0024135644704846235,0.9304,0.965256898471,0.4011
chr2,60533619,-0.002413564446274566,0.929,0.965256898471,0.3959
chr2,60533620,-0.0024135644215121416,0.9304,0.965256898471,0.3834
chr2,60533621,-0.002413564396191981,0.932,0.965256898471,0.3591
chr2,60533622,-0.0024135643703170387,0.9332,0.965256898471,0.3382
chr2,60533623,-0.002413564343899868,0.93,0.965256898471,0.3031
chr2,60533624,-0.002413564316962726,0.9276,0.965256898471,0.2619
chr2,60533625,-0.002413564289536621,0.929,0.965256898471,0.2738
chr2,60533626,-0.002413564261659693,0.9278,0.965256898471,0.2279
chr2,60533627,-0.0024135642333754596,0.9296,0.965256898471,0.1896
chr2,60533628,-0.0024135642047308117,0.9288,0.965256898471,0.1527
chr2,60533629,-0.0024135641757744254,0.932,0.965256898471,0.1255
chr2,60533630,-0.002413564146555347,0.9306,0.965256898471,0.1045
chr2,60533631,-0.0024135641171218465,0.933,0.965256898471,0.0904
chr2,60533632,-0.0024135640875205663,0.9334,0.965256898471,0.0805
chr2,60533633,-0.002413564057795996,0.9304,0.965256898471,0.0745
chr2,60533634,-0.002413564027990297,0.93,0.965256898471,0.0724
chr2,60533635,-0.0024135639981435033,0.9302,0.965256898471,0.0739
chr2,60533636,-0.0024135639682940817,0.9314,0.965256898471,0.0779
chr2,60533637,-0.002413563938479823,0.9324,0.965256898471,0.0807
chr2,60533638,-0.002413563908739001,0.9304,0.965256898471,0.0852
chr2,60533639,-0.0024135638791117197,0.9316,0.965256898471,0.0904
chr2,60533640,-0.0024135638496412546,0.9334,0.965256898471,0.0964
chr2,60533641,-0.0024135638203753797,0.9344,0.965256898471,0.1039
chr2,60533642,-0.00241356379136737,0.9338,0.965256898471,0.1091
chr2,60533643,-0.0024135637626765028,0.9342,0.965256898471,0.114
chr2,60533644,-0.0024135637343678,0.9316,0.965256898471,0.117
chr2,60533645,-0.0024135637065108226,0.9306,0.965256898471,0.1163
chr2,60533646,-0.002413563679177419,0.9314,0.965256898471,0.1167
chr2,60533647,-0.0024135636524383855,0.93,0.965256898471,0.0968
chr2,60533648,-0.0024135636263594197,0.932,0.965256898471,0.0941
chr2,60533649,-0.002413563600996653,0.9306,0.965256898471,0.0889
chr2,60533650,-0.002413563576392368,0.9298,0.965256898471,0.0863
chr2,60533651,-0.002413563552571433,0.931,0.965256898471,0.0816
chr2,60533652,-0.002413563529538982,0.9314,0.965256898471,0.0878
chr2,60533653,-0.0024135635072795873,0.9316,0.965256898471,0.0807
chr2,60533654,-0.002413563485758179,0.9322,0.965256898471,0.0719
chr2,60533655,-0.002413563464922501,0.9324,0.965256898471,0.0637
chr2,60533656,-0.002413563444706839,0.9318,0.965256898471,0.0547
chr2,60533657,-0.002413563425036533,0.9312,0.965256898471,0.0485
chr2,60533658,-0.0024135634058327768,0.931,0.965256898471,0.0436
chr2,60533659,-0.002413563387017146,0.9308,0.965256898471,0.0386
chr2,60533660,-0.0024135633685154556,0.9314,0.965256898471,0.0355
chr2,60533661,-0.0024135633502606374,0.9314,0.965256898471,0.0327
chr2,60533662,-0.0024135633321945415,0.9318,0.965256898471,0.0305
chr2,60533663,-0.0024135633142686884,0.932,0.965256898471,0.0286
chr2,60533664,-0.002413563296444142,0.9322,0.965256898471,0.0279
chr2,60533665,-0.0024135632786907316,0.9322,0.965256898471,0.0269
chr2,60533666,-0.0024135632609858767,0.932,0.965256898471,0.0266
chr2,60533667,-0.002413563243313239,0.9318,0.965256898471,0.0261
chr2,60533668,-0.0024135632256613773,0.932,0.965256898471,0.0257
chr2,60533669,-0.0024135632080225415,0.932,0.965256898471,0.0257
chr2,60533670,-0.0024135631903916465,0.932,0.965256898471,0.0255
chr2,60533671,-0.0024135631727654557,0.932,0.965256898471,0.0255
chr2,60533672,-0.002413563155141975,0.932,0.965256898471,0.0255
chr2,60533673,-0.002413563137520012,0.932,0.965256898471,0.0253
chr2,60533674,-0.0024135631198989468,0.9322,0.965256898471,0.0253
chr2,60533675,-0.0024135631022785624,0.935,0.965256898471,0.0251
chr2,60533676,-0.002413563084658882,0.9378,0.965256898471,0.0251
chr2,60533677,-0.00241356306704023,0.938,0.965256898471,0.0252
chr2,60533678,-0.0024135630494232802,0.938,0.965256898471,0.0253
chr2,60533679,-0.0024135630318094085,0.938,0.965256898471,0.0256
chr2,60533680,-0.0024135630142009465,0.938,0.965256898471,0.0257
chr2,60533681,-0.0024135629966017293,0.938,0.965256898471,0.0264
chr2,60533682,-0.0024135629790178717,0.938,0.965256898471,0.0269
chr2,60533683,-0.00241356296145883,0.938,0.965256898471,0.0276
chr2,60533684,-0.0024135629439387654,0.938,0.965256898471,0.029
chr2,60533685,-0.0024135629264782315,0.938,0.965256898471,0.0314
chr2,60533686,-0.0024135629091061018,0.938,0.965256898471,0.0342
chr2,60533687,-0.0024135628918616155,0.938,0.965256898471,0.0385
chr2,60533688,-0.0024135628747963323,0.938,0.965256898471,0.0442
chr2,60533689,-0.0024135628579756733,0.938,0.965256898471,0.0521
chr2,60533690,-0.002413562841479703,0.938,0.965256898471,0.0636
chr2,60533691,-0.002413562825402764,0.938,0.965256898471,0.0803
chr2,60533692,-0.0024135628098516495,0.938,0.965256898471,0.0995
chr2,60533693,-0.002413562794942102,0.938,0.965256898471,0.2466
chr2,60533694,-0.002413562780793668,0.938,0.965256898471,0.3116
chr2,60533695,-0.0024135627675231646,0.938,0.965256898471,0.3706
chr2,60533696,-0.002413562755237272,0.938,0.965256898471,0.4195
chr2,60533697,-0.002413562744025027,0.938,0.965256898471,0.4513
chr2,60533698,-0.002413562733951048,0.938,0.965256898471,0.4632
chr2,60564144,-0.005483064735803644,0.759,0.897402573175,0.3562
chr2,60564145,-0.005483064736563682,0.759,0.897402573175,0.3569
chr2,60564146,-0.005483064737423745,0.759,0.897402573175,0.3389
chr2,60564147,-0.00548306473838143,0.759,0.897402573175,0.3073
chr2,60564148,-0.005483064739431849,0.759,0.897402573175,0.2634
chr2,60564149,-0.005483064740567926,0.759,0.897402573175,0.2166
chr2,60564150,-0.0054830647417808106,0.759,0.897402573175,0.1303
chr2,60564151,-0.005483064743060355,0.759,0.897402573175,0.1079
chr2,60564152,-0.005483064744395639,0.759,0.897402573175,0.0912
chr2,60564153,-0.005483064745775501,0.759,0.897402573175,0.0801
chr2,60564154,-0.005483064747189063,0.759,0.897402573175,0.0717
chr2,60564155,-0.005483064748626228,0.76,0.897402573175,0.0699
chr2,60564156,-0.005483064750078136,0.7522,0.897402573175,0.073
chr2,60564157,-0.005483064751537552,0.752,0.897402573175,0.0672
chr2,60564158,-0.005483064752999137,0.75,0.897402573175,0.0761
chr2,60564159,-0.005483064754459584,0.7496,0.897402573175,0.0899
chr2,60564160,-0.005483064755917566,0.7494,0.897402573175,0.1088
chr2,60564161,-0.005483064757373537,0.7448,0.897402573175,0.138
chr2,60564162,-0.005483064758829405,0.7448,0.897402573175,0.1724
chr2,60564163,-0.005483064760288124,0.7422,0.897402573175,0.2158
chr2,60564164,-0.005483064761753322,0.741,0.897402573175,0.2604
chr2,60564165,-0.005483064763228938,0.7392,0.897402573175,0.3115
chr2,60564166,-0.0054830647647189845,0.738,0.897402573175,0.3512
chr2,60564167,-0.005483064766227373,0.7372,0.897402573175,0.3862
chr2,60564168,-0.0054830647677578115,0.735,0.897402573175,0.3218
chr2,60564169,-0.0054830647693137275,0.736,0.897402573175,0.3244
chr2,60564170,-0.005483064770898165,0.7338,0.897402573175,0.3177
chr2,60564171,-0.005483064772513621,0.7322,0.897402573175,0.2951
chr2,60564172,-0.00548306477416185,0.7314,0.897402573175,0.268
chr2,60564173,-0.005483064775843672,0.7324,0.897402573175,0.23
chr2,60564174,-0.005483064777558827,0.732,0.897402573175,0.1882
chr2,60564175,-0.0054830647793059715,0.7314,0.897402573175,0.1593
chr2,60564176,-0.005483064781082789,0.7326,0.897402573175,0.1076
chr2,60564177,-0.005483064782886203,0.7326,0.897402573175,0.0852
chr2,60564178,-0.005483064784712677,0.7324,0.897402573175,0.0701
chr2,60564179,-0.005483064786558499,0.7308,0.897402573175,0.057
chr2,60564180,-0.005483064788420036,0.7306,0.897402573175,0.0471
chr2,60564181,-0.005483064790293933,0.731,0.897402573175,0.0398
chr2,60564182,-0.005483064792177227,0.7304,0.897402573175,0.0359
chr2,60564183,-0.005483064794067406,0.7302,0.897402573175,0.0325
chr2,60564184,-0.0054830647959623925,0.7312,0.897402573175,0.0305
chr2,60564185,-0.005483064797860496,0.7312,0.897402573175,0.029
chr2,60564186,-0.005483064799760318,0.7272,0.897402573175,0.0277
chr2,60564187,-0.005483064801660658,0.7214,0.897402573175,0.0282
chr2,60564188,-0.0054830648035603955,0.7176,0.897402573175,0.0284
chr2,60564189,-0.005483064805458376,0.7156,0.897402573175,0.0285
chr2,60564190,-0.005483064807353313,0.7176,0.897402573175,0.0301
chr2,60564191,-0.005483064809243692,0.7176,0.897402573175,0.0323
chr2,60564192,-0.005483064811127692,0.7184,0.897402573175,0.0347
chr2,60564193,-0.0054830648130031415,0.7184,0.897402573175,0.0386
chr2,60564194,-0.00548306481486749,0.7192,0.897402573175,0.0438
chr2,60564195,-0.005483064816717818,0.7184,0.897402573175,0.0496
chr2,60564196,-0.005483064818550887,0.7184,0.897402573175,0.0615
chr2,60564197,-0.005483064820363226,0.7172,0.897402573175,0.0802
chr2,60564198,-0.005483064822151247,0.7158,0.897402573175,0.0975
chr2,60564199,-0.0054830648239114045,0.7176,0.897402573175,0.1142
chr2,60564200,-0.005483064825640372,0.7158,0.897402573175,0.1118
chr2,60564201,-0.005483064827335233,0.7168,0.897402573175,0.1226
chr2,60564202,-0.005483064828993669,0.7172,0.897402573175,0.1344
chr2,60564203,-0.005483064830614136,0.7184,0.897402573175,0.142
chr2,60564204,-0.005483064832195989,0.7186,0.897402573175,0.1497
chr2,60564205,-0.0054830648337395645,0.7166,0.897402573175,0.1517
chr2,60564206,-0.005483064835246168,0.7178,0.897402573175,0.1525
chr2,60564207,-0.0054830648367179945,0.7156,0.897402573175,0.128
chr2,60564208,-0.005483064838157972,0.7144,0.897402573175,0.1117
chr2,60564209,-0.005483064839569543,0.7168,0.897402573175,0.0961
chr2,60564210,-0.005483064840956414,0.7166,0.897402573175,0.0841
chr2,60564211,-0.005483064842322291,0.7156,0.897402573175,0.0817
chr2,60564212,-0.00548306484367064,0.7164,0.897402573175,0.0802
chr2,60564213,-0.005483064845004461,0.7148,0.897402573175,0.079
chr2,60564214,-0.005483064846326115,0.7142,0.897402573175,0.078
chr2,60564215,-0.005483064847637212,0.7126,0.897402573175,0.0779
chr2,60564216,-0.005483064848938549,0.7098,0.897402573175,0.0882
chr2,60564217,-0.0054830648502301235,0.7082,0.897402573175,0.0903
chr2,60564218,-0.0054830648515112115,0.7054,0.897402573175,0.0955
chr2,60564219,-0.005483064852780496,0.7032,0.897402573175,0.0983
chr2,60564220,-0.005483064854036214,0.7024,0.897402573175,0.0993
chr2,60564221,-0.0054830648552763525,0.7008,0.897402573175,0.1012
chr2,60564222,-0.005483064856498808,0.7008,0.897402573175,0.1031
chr2,60564223,-0.005483064857701564,0.7028,0.897402573175,0.1166
chr2,60564224,-0.005483064858882828,0.7026,0.897402573175,0.1157
chr2,60564225,-0.005483064860041149,0.7032,0.897402573175,0.1149
chr2,60564226,-0.005483064861175496,0.7052,0.897402573175,0.1143
chr2,60564227,-0.005483064862285313,0.7062,0.897402573175,0.1084
chr2,60564228,-0.005483064863370513,0.705,0.897402573175,0.101
chr2,60564229,-0.005483064864431458,0.7052,0.897402573175,0.0961
chr2,60564230,-0.005483064865468877,0.7038,0.897402573175,0.0929
chr2,60564231,-0.005483064866483794,0.7046,0.897402573175,0.0905
chr2,60564232,-0.005483064867477411,0.7052,0.897402573175,0.0868
chr2,60564233,-0.005483064868451025,0.707,0.897402573175,0.0846
chr2,60564234,-0.005483064869405952,0.705,0.897402573175,0.0856
chr2,60564235,-0.005483064870343517,0.703,0.897402573175,0.085
chr2,60564236,-0.005483064871265105,0.702,0.897402573175,0.0842
chr2,60564237,-0.005483064872172246,0.6998,0.897402573175,0.0838
chr2,60564238,-0.005483064873066782,0.697,0.897402573175,0.0851
chr2,60564239,-0.00548306487395107,0.6976,0.897402573175,0.0857
chr2,60564240,-0.005483064874828195,0.6954,0.897402573175,0.0855
chr2,60564241,-0.005483064875702253,0.6948,0.897402573175,0.0887
chr2,60564242,-0.005483064876578669,0.6956,0.897402573175,0.0896
chr2,60564243,-0.005483064877464643,0.6928,0.897402573175,0.0919
chr2,60564244,-0.005483064878369829,0.691,0.897402573175,0.0978
chr2,60564245,-0.005483064879307419,0.6942,0.897402573175,0.1053
chr2,60564246,-0.005483064880295949,0.6956,0.897402573175,0.1174
chr2,60564247,-0.005483064881362404,0.6908,0.897402573175,0.1297
chr2,60564248,-0.005483064882547733,0.6872,0.897402573175,0.1505
chr2,60564249,-0.005483064883917147,0.687,0.897402573175,0.1756
chr2,60564250,-0.005483064885580809,0.6876,0.897402573175,0.2155
chr2,60564251,-0.005483064887739385,0.6838,0.897402573175,0.2658
chr2,60564252,-0.005483064890798183,0.6852,0.897402573175,0.32
chr2,60564253,-0.005483064895710387,0.6816,0.897402573175,0.4669
chr2,60564254,-0.005483064905356609,0.6826,0.897402573175,0.5426
chr2,60564255,-0.005483064934335724,0.6788,0.897402573175,0.6307
chr2,60564256,-0.006000861366913333,0.6414,0.897402573175,0.7365
chr2,60564257,-0.006286065805609726,0.6196,0.897402573175,0.8092
chr2,60564258,-0.006286065788512989,0.6192,0.897402573175,0.85
chr2,60564259,-0.006286065772368509,0.62,0.897402573175,0.8637
chr2,60564260,-0.0062860657572350286,0.6184,0.897402573175,0.8472
chr2,60564261,-0.006286065743147194,0.618,0.897402573175,0.8153
chr2,60564262,-0.006286065730119558,0.6196,0.897402573175,0.7573
chr2,60564263,-0.006286065718152752,0.6176,0.897402573175,0.6924
chr2,60564264,-0.006286065707240704,0.6178,0.897402573175,0.6151
chr2,60564265,-0.0062860656973773976,0.6196,0.897402573175,0.5236
chr2,60564266,-0.006286065688561725,0.62,0.897402573175,0.4422
chr2,60564267,-0.006286065680799801,0.6194,0.897402573175,0.3627
chr2,60564268,-0.006286065674104889,0.614,0.897402573175,0.2953
chr2,60564269,-0.00628606566849626,0.614,0.897402573175,0.2473
chr2,60564270,-0.006286065663998261,0.6082,0.897402573175,0.2192
chr2,60564271,-0.006286065660640386,0.606,0.897402573175,0.1824
chr2,60564272,-0.006286065658458783,0.6044,0.897402573175,0.1555
chr2,60564273,-0.006286065657499546,0.603,0.897402573175,0.1418
chr2,60564274,-0.006286065657824506,0.6062,0.897402573175,0.1195
chr2,60564275,-0.006286065659520819,0.605,0.897402573175,0.1063
chr2,60564276,-0.006286065662716215,0.6048,0.897402573175,0.0935
chr2,60564277,-0.006286065667602731,0.605,0.897402573175,0.0804
chr2,60564278,-0.006286065674473099,0.6044,0.897402573175,0.0689
chr2,60564279,-0.006286065683776456,0.6042,0.897402573175,0.0663
chr2,60564280,-0.006286065696204721,0.6036,0.897402573175,0.0563
chr2,60564281,-0.0062860657128288675,0.6034,0.897402573175,0.0474
chr2,60564282,-0.006286065735318516,0.6038,0.897402573175,0.0393
chr2,60564283,-0.006286065766302545,0.6038,0.897402573175,0.0356
chr2,60564284,-0.006286065809970337,0.6038,0.897402573175,0.0327
chr2,60564285,-0.006286065873081268,0.604,0.897402573175,0.0302
chr2,60564286,-0.006286065966635219,0.604,0.897402573175,0.028
chr2,60564287,-0.006286066108561897,0.604,0.897402573175,0.0274
chr2,60564288,-0.006286066327754361,0.6038,0.897402573175,0.0264
chr2,60564289,-0.006286066671224096,0.604,0.897402573175,0.026
chr2,60564290,-0.006286067218849545,0.604,0.897402573175,0.0258
chr2,60564291,-0.006286068113819115,0.604,0.897402573175,0.0257
chr2,60564292,-0.0062860696162332814,0.604,0.897402573175,0.0255
chr2,60564293,-0.006286072214701763,0.6038,0.897402573175,0.0252
chr2,60564294,-0.006286077045872951,0.6038,0.897402573175,0.0251
chr2,60564295,-0.006286086833643222,0.6038,0.897402573175,0.0251
chr2,60564296,-0.006286103214948507,0.6038,0.897402573175,0.0251
chr2,60564297,-0.006286113098520068,0.6038,0.897402573175,0.0251
chr2,60564298,-0.006286214587490159,0.6034,0.897402573175,0.0251
chr2,60564299,-0.010629138422057254,0.3462,0.732033586132,0.0251
chr2,60564300,-0.010629138422772999,0.3436,0.730404695631,0.0251
chr2,60564301,-0.010629138423488761,0.3436,0.730404695631,0.0251
chr2,60564302,-0.010629138424204558,0.3434,0.730404695631,0.0251
chr2,60564303,-0.010629138424920413,0.3434,0.730404695631,0.0252
chr2,60564304,-0.010629138425636368,0.3434,0.730404695631,0.0252
chr2,60564305,-0.010629138426352491,0.3434,0.730404695631,0.0252
chr2,60564306,-0.010629138427068894,0.3434,0.730404695631,0.0254
chr2,60564307,-0.010629138427785737,0.3434,0.730404695631,0.0256
chr2,60564308,-0.010629138428503273,0.3434,0.730404695631,0.0263
chr2,60564309,-0.010629138429221809,0.3434,0.730404695631,0.0272
chr2,60564310,-0.010629138429941802,0.3434,0.730404695631,0.0285
chr2,60564311,-0.010629138430663836,0.3434,0.730404695631,0.0308
chr2,60564312,-0.010629138431388652,0.344,0.730459381044,0.0335
chr2,60564313,-0.010629138432117134,0.3438,0.730459381044,0.0376
chr2,60564314,-0.010629138432850248,0.344,0.730459381044,0.0423
chr2,60564315,-0.010629138433588974,0.3444,0.73086698079,0.0449
chr2,60564316,-0.010629138434334164,0.3446,0.731026449275,0.0472
chr2,60564317,-0.010629138435086357,0.3436,0.730404695631,0.0535
chr2,60564318,-0.01062913843584554,0.3438,0.730459381044,0.0595
chr2,60564319,-0.010629138436610862,0.3434,0.730404695631,0.0656
chr2,60564320,-0.010629138437380385,0.3438,0.730459381044,0.0736
chr2,60564321,-0.010629138438150883,0.343,0.730404695631,0.0828
chr2,60564322,-0.010629138438917843,0.3432,0.730404695631,0.0902
chr2,60564323,-0.010629138439675669,0.343,0.730404695631,0.0986
chr2,60564324,-0.01062913844041818,0.3416,0.730129471891,0.1079
chr2,60564325,-0.010629138441139316,0.3424,0.730404695631,0.1349
chr2,60564326,-0.010629138441833918,0.3408,0.729218175174,0.1518
chr2,60564327,-0.010629138442498428,0.3416,0.730129471891,0.18
chr2,60564328,-0.010629138443131332,0.3404,0.728983906364,0.2088
chr2,60564329,-0.010629138443733446,0.34,0.728482556721,0.2363
chr2,60564330,-0.010629138444307946,0.3378,0.727656082071,0.2691
chr2,60564331,-0.010629138444860367,0.338,0.727656082071,0.3549
chr2,60564332,-0.010629138445398603,0.3384,0.727656082071,0.4638
chr2,60564333,-0.010629138445932966,0.3374,0.727656082071,0.5585
chr2,60564334,-0.010629138446476385,0.338,0.727656082071,0.6269
chr2,60564335,-0.010629138447044936,0.3388,0.727656082071,0.6464
chr2,60564336,-0.010629138447658941,0.3386,0.727656082071,0.6203
chr2,60564337,-0.010629138448345206,0.3386,0.727656082071,0.5657
chr2,60564338,-0.010629138449141387,0.3386,0.727656082071,0.4679
chr2,60564339,-0.010629138450104663,0.3368,0.727656082071,0.3592
chr2,60564340,-0.010629138451329826,0.3376,0.727656082071,0.256
chr2,60564341,-0.010629138452990704,0.339,0.727656082071,0.2451
chr2,60564342,-0.010629138455448788,0.3408,0.729218175174,0.2437
chr2,60564343,-0.010629138459602849,0.3396,0.728069571585,0.224
chr2,60564344,-0.010629138468449775,0.3452,0.731222249006,0.2414
chr2,60564345,-0.01062913850059577,0.3458,0.731628161889,0.2699
chr2,60564346,-0.01068056225307994,0.3398,0.728231698389,0.3073
chr2,60564347,-0.010680562245981934,0.338,0.727656082071,0.3326
chr2,60564348,-0.010680562238732701,0.3346,0.727656082071,0.4169
chr2,60564349,-0.010680562231395917,0.3326,0.727656082071,0.4974
chr2,60564350,-0.010680562224034167,0.3316,0.72652538356,0.57
chr2,60564351,-0.010680562216707408,0.3318,0.726782267116,0.6214
chr2,60564352,-0.010680562209470664,0.3322,0.727295650006,0.6411
chr2,60564353,-0.010680562202371352,0.3318,0.726782267116,0.6361
chr2,60564354,-0.010680562195446611,0.3316,0.72652538356,0.6088
chr2,60564355,-0.010680562188721012,0.3328,0.727656082071,0.5521
chr2,60564356,-0.010680562182204817,0.3334,0.727656082071,0.4751
chr2,60564357,-0.01068056217589298,0.3328,0.727656082071,0.3954
chr2,60564358,-0.01068056216976495,0.3348,0.727656082071,0.3237
chr2,60564359,-0.01068056216378555,0.3342,0.727656082071,0.2866
chr2,60564360,-0.010680562157907211,0.3374,0.727656082071,0.2457
chr2,60564361,-0.01068056215207346,0.338,0.727656082071,0.2197
chr2,60564362,-0.010680562146223723,0.3432,0.730404695631,0.1941
chr2,60564363,-0.010680562140298435,0.343,0.730404695631,0.177
chr2,60564364,-0.01068056213424368,0.344,0.730459381044,0.164
chr2,60564365,-0.010680562128014543,0.3414,0.730057341125,0.1546
chr2,60564366,-0.010680562121576996,0.3396,0.728069571585,0.1404
chr2,60564367,-0.010680562114908415,0.3404,0.728983906364,0.128
chr2,60564368,-0.01068056210799713,0.3412,0.72980735509,0.1171
chr2,60564369,-0.01068056210084146,0.343,0.730404695631,0.1072
chr2,60564370,-0.010680562093448465,0.3424,0.730404695631,0.0976
chr2,60564371,-0.010680562085832549,0.344,0.730459381044,0.0916
chr2,60564372,-0.010680562078013926,0.3456,0.731381204819,0.0854
chr2,60564373,-0.010680562070016905,0.3472,0.733000961538,0.0817
chr2,60564374,-0.01068056206186805,0.3494,0.735612010068,0.0873
chr2,60564375,-0.010680562053594377,0.354,0.742892473118,0.0855
chr2,60564376,-0.010680562045221534,0.3562,0.746795535927,0.0913
chr2,60564377,-0.01068056203677246,0.3614,0.754366131907,0.1
chr2,60564378,-0.018351418671910997,0.1178,0.54957689243,0.1127
chr2,60564379,-0.018351418670956073,0.1188,0.550876979937,0.13
chr2,60564380,-0.018351418670015454,0.119,0.551076983918,0.1691
chr2,60564381,-0.01835141866910024,0.1202,0.553134136757,0.2526
chr2,60564382,-0.01835141866821626,0.1212,0.553818418314,0.3297
chr2,60564383,-0.018351418667364453,0.121,0.553818418314,0.4028
chr2,60564384,-0.01835141866654149,0.1218,0.554828060166,0.4609
chr2,60564385,-0.018351418665740367,0.1234,0.558495490853,0.4874
chr2,60564386,-0.01835141866495079,0.1242,0.560527492292,0.3835
chr2,60564387,-0.018351418664159257,0.1282,0.571241248097,0.3766
chr2,60564388,-0.018351418663348815,0.1294,0.573099092284,0.3658
chr2,60564389,-0.018351418662498387,0.1306,0.574934586466,0.3489
chr2,60564390,-0.01835141866158155,0.1344,0.583185770751,0.2639
chr2,60564391,-0.018351418660564597,0.1348,0.583767751479,0.2518
chr2,60564392,-0.018351418659403308,0.1388,0.589748911466,0.247
chr2,60564393,-0.01835141865803782,0.1408,0.593793997599,0.2441
chr2,60564394,-0.018351418656383813,0.1422,0.598261796407,0.2498
chr2,60564395,-0.018351418654317064,0.1452,0.603796875,0.2668
chr2,60564396,-0.018351418651644833,0.1476,0.609448519041,0.2073
chr2,60564397,-0.018351418648049213,0.1478,0.609701033349,0.2057
chr2,60564398,-0.01835141864296554,0.151,0.618687893632,0.1921
chr2,60564399,-0.018351418635291834,0.1506,0.617769500234,0.164
chr2,60564400,-0.018351418622585804,0.1516,0.61931802366,0.1429
chr2,60564401,-0.018351418598345392,0.1534,0.623575792641,0.1222
chr2,60564402,-0.018351418539021353,0.1544,0.626191641653,0.1029
chr2,60564403,-0.010680561835278376,0.417,0.782333511263,0.0874
chr2,60564404,-0.006114049054031477,0.6702,0.897402573175,0.0788
chr2,60564405,-0.006114048764865004,0.671,0.897402573175,0.0701
chr2,60564406,-0.006114048680841445,0.6716,0.897402573175,0.0622
chr2,60564407,-0.006114048637503259,0.6722,0.897402573175,0.055
chr2,60564408,-0.006114048609157002,0.6722,0.897402573175,0.0463
chr2,60564409,-0.006114048587988845,0.6726,0.897402573175,0.04
chr2,60564410,-0.006114048570771685,0.6724,0.897402573175,0.035
chr2,60564411,-0.006114048555918592,0.6728,0.897402573175,0.0316
chr2,60564412,-0.006114048542551745,0.6728,0.897402573175,0.0287
chr2,60564413,-0.006114048530155659,0.673,0.897402573175,0.028
chr2,60564414,-0.0061140485184050936,0.6732,0.897402573175,0.027
chr2,60564415,-0.006114048507095738,0.6728,0.897402573175,0.0265
chr2,60564416,-0.006114048496106285,0.673,0.897402573175,0.0258
chr2,60564417,-0.006114048485378783,0.6736,0.897402573175,0.0254
chr2,60564418,-0.00611404847491461,0.6758,0.897402573175,0.0253
chr2,60564419,-0.006114048464773974,0.6814,0.897402573175,0.0257
chr2,60564420,-0.006114048455077193,0.6868,0.897402573175,0.0254
chr2,60564421,-0.0061140484459982275,0.6906,0.897402573175,0.0262
chr2,60564422,-0.006114048437738309,0.6928,0.897402573175,0.0266
chr2,60564423,-0.006114048430478887,0.6936,0.897402573175,0.027
chr2,60564424,-0.006114048424329338,0.6928,0.897402573175,0.0282
chr2,60564425,-0.006114048419294417,0.6932,0.897402573175,0.0297
chr2,60564426,-0.006114048415280376,0.6928,0.897402573175,0.0316
chr2,60564427,-0.0061140484121348475,0.6936,0.897402573175,0.0345
chr2,60564428,-0.006114048409688501,0.6934,0.897402573175,0.0383
chr2,60564429,-0.0061140484077849885,0.694,0.897402573175,0.043
chr2,60564430,-0.006114048406294588,0.6948,0.897402573175,0.0507
chr2,60564431,-0.006114048405116427,0.6968,0.897402573175,0.0597
chr2,60564432,-0.00611404840417508,0.6966,0.897402573175,0.0714
chr2,60564433,-0.006114048403415452,0.695,0.897402573175,0.0853
chr2,60564434,-0.0061140484027978285,0.6942,0.897402573175,0.1025
chr2,60564435,-0.0061140484022937985,0.6946,0.897402573175,0.1416
chr2,60564436,-0.00611404840188309,0.6954,0.897402573175,0.2151
chr2,60564437,-0.006114048401551187,0.6956,0.897402573175,0.3293
chr2,60564438,-0.006114048401287499,0.6966,0.897402573175,0.3703
chr2,60564439,-0.006114048401083904,0.6984,0.897402573175,0.3991
chr2,60564440,-0.00611404840093353,0.7004,0.897402573175,0.4214
chr2,60564441,-0.006114048400829748,0.7004,0.897402573175,0.4253
chr2,60564442,-0.006114048400765474,0.7008,0.897402573175,0.4214
chr2,60564443,-0.006114048400732917,0.7004,0.897402573175,0.4061
chr2,60564444,-0.0061140484007238365,0.7008,0.897402573175,0.381
chr2,60564445,-0.0061140484007302385,0.7008,0.897402573175,0.3449
chr2,60564446,-0.006114048400745145,0.7008,0.897402573175,0.4268
chr2,60564447,-0.006114048400763158,0.7008,0.897402573175,0.3666
chr2,60564499,0.021975009826037877,0.1398,0.591280279316,0.4054
chr2,60564500,0.021975009816295292,0.1398,0.591280279316,0.514
chr2,60564501,0.02197500980515243,0.1398,0.591280279316,0.5818
chr2,60564502,0.021975009792632987,0.1398,0.591280279316,0.6148
chr2,60564503,0.021975009778801877,0.1398,0.591280279316,0.6115
chr2,60564504,0.021975009763761332,0.1398,0.591280279316,0.5732
chr2,60564505,0.021975009747645175,0.14,0.591698748797,0.4929
chr2,60564506,0.021975009730612418,0.14,0.591698748797,0.4144
chr2,60564507,0.021975009712841134,0.1388,0.589748911466,0.3741
chr2,60564508,0.021975009694522856,0.1378,0.589748911466,0.3358
chr2,60564509,0.021975009675857415,0.1388,0.589748911466,0.2967
chr2,60564510,0.02197500965704798,0.137,0.588790129489,0.27
chr2,60564511,0.02197500963829574,0.1368,0.588790129489,0.2443
chr2,60564512,0.021975009619794525,0.1322,0.579220004989,0.239
chr2,60564513,0.02197500960172522,0.1316,0.57759970015,0.2388
chr2,60564514,0.02197500958425087,0.13,0.573299020839,0.256
chr2,60564515,0.02197500956751309,0.1288,0.57188372093,0.2779
chr2,60564516,0.021975009551630384,0.1276,0.56943445122,0.3068
chr2,60564517,0.0219750095366984,0.1286,0.571718299165,0.3357
chr2,60564518,0.021975009522791213,0.1292,0.572646479939,0.3621
chr2,60564519,0.02197500950996262,0.129,0.572337711543,0.394
chr2,60564520,0.021975009498246413,0.1292,0.572646479939,0.4139
chr2,60564521,0.021975009487655565,0.1296,0.573117824773,0.4241
chr2,60564522,0.021975009478180988,0.1298,0.573280613528,0.4175
chr2,60564523,0.02197500946979088,0.1312,0.575988002999,0.4006
chr2,60564524,0.021975009462431565,0.1326,0.580104358655,0.3729
chr2,60564525,0.021975009456030262,0.1336,0.581150074294,0.333
chr2,60564526,0.021975009450499818,0.135,0.583770310192,0.2972
chr2,60564527,0.02197500944574446,0.1366,0.58837150564,0.2582
chr2,60564528,0.021975009441666186,0.1382,0.589748911466,0.2231
chr2,60564529,0.02197500943817069,0.1372,0.588790129489,0.1908
chr2,60564530,0.02197500943517196,0.1372,0.588790129489,0.1652
chr2,60564531,0.021975009432595196,0.1372,0.588790129489,0.1442
chr2,60564532,0.02197500943037814,0.1372,0.588790129489,0.1249
chr2,60564533,0.02197500942847069,0.1372,0.588790129489,0.1124
chr2,60606830,0.0012925123848637283,0.9638,0.977941597828,0.3462
chr2,60606939,-0.0069569305093266295,0.7112,0.897402573175,0.105
chr2,60606940,-0.0069569305093547355,0.7112,0.897402573175,0.1122
chr2,60606941,-0.006956930509386606,0.7112,0.897402573175,0.1191
chr2,60606942,-0.006956930509422301,0.7112,0.897402573175,0.1225
chr2,60606943,-0.006956930509461837,0.7112,0.897402573175,0.1249
chr2,60606944,-0.006956930509505191,0.7112,0.897402573175,0.1249
chr2,60606945,-0.0069569305095523,0.711,0.897402573175,0.1233
chr2,60606946,-0.0069569305096030525,0.71,0.897402573175,0.1194
chr2,60606947,-0.006956930509657291,0.7116,0.897402573175,0.1127
chr2,60606948,-0.006956930509714797,0.712,0.897402573175,0.1076
chr2,60606949,-0.006956930509775262,0.7106,0.897402573175,0.1017
chr2,60606950,-0.0069569305098382845,0.71,0.897402573175,0.0937
chr2,60606951,-0.0069569305099033306,0.7096,0.897402573175,0.0865
chr2,60606952,-0.0069569305099697115,0.7096,0.897402573175,0.078
chr2,60606953,-0.006956930510036573,0.7076,0.897402573175,0.0723
chr2,60606954,-0.006956930510102854,0.7052,0.897402573175,0.0664
chr2,60606955,-0.006956930510167297,0.706,0.897402573175,0.0635
chr2,60606956,-0.006956930510228451,0.7032,0.897402573175,0.064
chr2,60606957,-0.0069569305102846965,0.7012,0.897402573175,0.0652
chr2,60606958,-0.006956930510334308,0.7028,0.897402573175,0.0698
chr2,60606959,-0.006956930510375518,0.7032,0.897402573175,0.0675
chr2,60606960,-0.0069569305104066155,0.7012,0.897402573175,0.0767
chr2,60606961,-0.0069569305104260305,0.701,0.897402573175,0.0893
chr2,60606962,-0.0069569305104324386,0.6988,0.897402573175,0.1058
chr2,60606963,-0.006956930510424834,0.698,0.897402573175,0.1254
chr2,60606964,-0.006956930510402648,0.6984,0.897402573175,0.1499
chr2,60606965,-0.006956930510365835,0.6996,0.897402573175,0.1808
chr2,60606966,-0.006956930510314998,0.6986,0.897402573175,0.2206
chr2,60606967,-0.006956930510251532,0.6986,0.897402573175,0.266
chr2,60606968,-0.006956930510177731,0.7,0.897402573175,0.3179
chr2,60606969,-0.006956930510096817,0.6986,0.897402573175,0.3782
chr2,60606970,-0.006956930510012853,0.6976,0.897402573175,0.4384
chr2,60606971,-0.006956930509930458,0.6984,0.897402573175,0.4955
chr2,60606972,-0.006956930509854422,0.698,0.897402573175,0.5421
chr2,60606973,-0.006956930509789283,0.6972,0.897402573175,0.5805
chr2,60606974,-0.0069569305097389724,0.6966,0.897402573175,0.6024
chr2,60606975,-0.006956930509706672,0.6976,0.897402573175,0.6051
chr2,60606976,-0.006956930509694808,0.6968,0.897402573175,0.5949
chr2,60606977,-0.006956930509705157,0.6964,0.897402573175,0.5596
chr2,60606978,-0.00695693050973899,0.6968,0.897402573175,0.5178
chr2,60606979,-0.006956930509797191,0.6954,0.897402573175,0.4512
chr2,60606980,-0.006956930509880301,0.6952,0.897402573175,0.3752
chr2,60606981,-0.00695693050998848,0.6936,0.897402573175,0.3001
chr2,60606982,-0.00695693051012144,0.6956,0.897402573175,0.1914
chr2,60606983,-0.006956930510278351,0.6946,0.897402573175,0.1476
chr2,60606984,-0.006956930510457771,0.697,0.897402573175,0.1091
chr2,60606985,-0.006956930510657678,0.6964,0.897402573175,0.0846
chr2,60606986,-0.006956930510875559,0.6972,0.897402573175,0.0643
chr2,60606987,-0.006956930511108613,0.6974,0.897402573175,0.0511
chr2,60606988,-0.006956930511353965,0.697,0.897402573175,0.0436
chr2,60606989,-0.006956930511608888,0.6966,0.897402573175,0.038
chr2,60606990,-0.006956930511870945,0.6968,0.897402573175,0.0346
chr2,60606991,-0.01926306534071096,0.23,0.676967756585,0.0326
chr2,60606992,-0.01926306534288476,0.2304,0.676967756585,0.0297
chr2,60606993,-0.019263065345045804,0.2308,0.676967756585,0.0283
chr2,60606994,-0.019263065347194346,0.2334,0.676967756585,0.0279
chr2,60606995,-0.0192630653493283,0.2372,0.676967756585,0.0279
chr2,60606996,-0.01926306535144299,0.241,0.676967756585,0.0281
chr2,60606997,-0.01926306535353072,0.2444,0.676967756585,0.0286
chr2,60606998,-0.01926306535558031,0.2442,0.676967756585,0.0304
chr2,60606999,-0.01926306535757659,0.2444,0.676967756585,0.0317
chr2,60607000,-0.019263065359500033,0.2448,0.676967756585,0.0357
chr2,60607001,-0.01926306536132664,0.2444,0.676967756585,0.0403
chr2,60607002,-0.019263065363028135,0.2444,0.676967756585,0.0447
chr2,60607003,-0.01926306536457245,0.2448,0.676967756585,0.0495
chr2,60607004,-0.019263065365924526,0.2452,0.676967756585,0.0552
chr2,60607005,-0.019263065367047052,0.2456,0.676967756585,0.0617
chr2,60607006,-0.01926306536790082,0.2458,0.676967756585,0.0696
chr2,60607007,-0.01926306536844463,0.2458,0.676967756585,0.0745
chr2,60607008,-0.019263065368634067,0.246,0.676967756585,0.0809
chr2,60607009,-0.019263065368419246,0.2472,0.676967756585,0.0847
chr2,60607010,-0.019263065367740598,0.2464,0.676967756585,0.0861
chr2,60607011,-0.019263065366522215,0.2466,0.676967756585,0.0847
chr2,60607012,-0.019263065364661307,0.2464,0.676967756585,0.0814
chr2,60607013,-0.019263065362010882,0.2472,0.676967756585,0.0752
chr2,60607014,-0.01926306535835061,0.2474,0.676967756585,0.0686
chr2,60607015,-0.019263065353334354,0.248,0.676967756585,0.0622
chr2,60607016,-0.01926306534638776,0.2482,0.676967756585,0.0558
chr2,60607017,-0.019263065336486578,0.2498,0.676967756585,0.0558
chr2,60607018,-0.01926306532161993,0.2506,0.676967756585,0.05
chr2,60607019,-0.01926306529735411,0.2518,0.676967756585,0.0463
chr2,60607020,-0.019263065251725824,0.2528,0.676967756585,0.0431
chr2,60607021,-0.019263065068649655,0.2542,0.676967756585,0.0403
chr2,60607022,-0.01607408653585575,0.3542,0.743223390276,0.0386
chr2,60607023,-0.006956930515967245,0.717,0.897402573175,0.0387
chr2,60607024,-0.00695693051590085,0.718,0.897402573175,0.041
chr2,60607025,-0.006956930515834642,0.718,0.897402573175,0.0519
chr2,60607026,-0.006956930515769438,0.718,0.897402573175,0.0677
chr2,60607027,-0.006956930515705981,0.718,0.897402573175,0.079
chr2,60607028,-0.00695693051564495,0.718,0.897402573175,0.0937
chr2,60607029,-0.006956930515586971,0.718,0.897402573175,0.1655
chr2,60607030,-0.006956930515532606,0.718,0.897402573175,0.3918
chr2,60607031,-0.006956930515482328,0.718,0.897402573175,0.4458
chr2,60607032,-0.00695693051543652,0.718,0.897402573175,0.4767
chr2,60607033,-0.006956930515395442,0.718,0.897402573175,0.4899
chr2,60607098,0.019276253780539678,0.324,0.719594104308,0.352
chr2,60607099,0.01927625377962713,0.324,0.719594104308,0.3435
chr2,60607100,0.019276253778617056,0.324,0.719594104308,0.3201
chr2,60607101,0.019276253777517592,0.324,0.719594104308,0.2837
chr2,60607102,0.019276253776339194,0.324,0.719594104308,0.24
chr2,60607103,0.019276253775093795,0.324,0.719594104308,0.1923
chr2,60607104,0.019276253773793786,0.324,0.719594104308,0.1492
chr2,60607105,0.019276253772451034,0.324,0.719594104308,0.1171
chr2,60607106,0.01927625377107607,0.324,0.719594104308,0.091
chr2,60607107,0.019276253769677586,0.324,0.719594104308,0.071
chr2,60607108,0.019276253768262256,0.324,0.719594104308,0.0573
chr2,60607109,0.019276253766834877,0.324,0.719594104308,0.0481
chr2,60607110,0.019276253765398595,0.324,0.719594104308,0.0426
chr2,60607111,0.019276253763955184,0.324,0.719594104308,0.0401
chr2,60607112,0.01927625376250523,0.324,0.719594104308,0.0384
chr2,60607113,0.01927625376104826,0.3232,0.719594104308,0.0401
chr2,60607114,0.01927625375958285,0.3196,0.716133945656,0.0432
chr2,60607115,0.019276253758106664,0.3188,0.714979826353,0.0399
chr2,60607116,0.019276253756616547,0.318,0.71418872267,0.0455
chr2,60607117,0.019276253755108684,0.3178,0.714013430545,0.0528
chr2,60607118,0.019276253753578793,0.3176,0.713838003839,0.0633
chr2,60607119,0.01927625375202245,0.3174,0.71357109945,0.077
chr2,60607120,0.019276253750435422,0.3168,0.713219546561,0.0928
chr2,60607121,0.01927625374881395,0.3164,0.713148466573,0.1139
chr2,60607122,0.01927625374715502,0.3164,0.713148466573,0.1349
chr2,60607123,0.01927625374545647,0.3154,0.712265492415,0.1562
chr2,60607124,0.01927625374371704,0.315,0.711728196553,0.1732
chr2,60607125,0.019276253741936332,0.3132,0.711321179209,0.1855
chr2,60607126,0.01927625374011483,0.313,0.711142801707,0.1913
chr2,60607127,0.019276253738253785,0.3124,0.710698873203,0.186
chr2,60607128,0.0192762537363552,0.3122,0.710698873203,0.1729
chr2,60607129,0.019276253734421704,0.3122,0.710698873203,0.1556
chr2,60607130,0.019276253732456457,0.3124,0.710698873203,0.1344
chr2,60607131,0.01927625373046299,0.3122,0.710698873203,0.1139
chr2,60607132,0.019276253728445027,0.312,0.710698873203,0.0931
chr2,60607133,0.019276253726406335,0.3114,0.710698873203,0.0772
chr2,60607134,0.01927625372435053,0.3114,0.710698873203,0.0633
chr2,60607135,0.019276253722280975,0.3116,0.710698873203,0.0524
chr2,60607136,0.019276253720200656,0.3114,0.710698873203,0.0444
chr2,60607137,0.01927625371811214,0.3114,0.710698873203,0.0388
chr2,60607138,0.01927625371601754,0.3112,0.710698873203,0.0344
chr2,60607139,0.019276253713918563,0.3112,0.710698873203,0.0293
chr2,60607140,0.01927625371181651,0.3112,0.710698873203,0.0281
chr2,60607141,0.01927625370971236,0.3114,0.710698873203,0.0268
chr2,60607142,0.019276253707606817,0.312,0.710698873203,0.0262
chr2,60607143,0.019276253705500377,0.312,0.710698873203,0.0261
chr2,60607144,0.019276253703393375,0.312,0.710698873203,0.0257
chr2,60607145,0.019276253701286026,0.3118,0.710698873203,0.0254
chr2,60607146,0.01927625369917847,0.3136,0.711642471042,0.0253
chr2,60607147,0.019276253697070776,0.3144,0.711642471042,0.0255
chr2,60607148,0.019276253694963,0.3154,0.712265492415,0.0258
chr2,60607149,0.019276253692855152,0.3142,0.711642471042,0.0263
chr2,60607150,0.01927625369074722,0.3128,0.711056296105,0.0271
chr2,60607151,0.01927625368863918,0.3128,0.711056296105,0.0279
chr2,60607152,0.01927625368653098,0.313,0.711142801707,0.0296
chr2,60607153,0.019276253684422557,0.312,0.710698873203,0.0319
chr2,60607154,0.019276253682313803,0.3116,0.710698873203,0.0349
chr2,60607155,0.019276253680204577,0.3116,0.710698873203,0.0392
chr2,60607156,0.019276253678094712,0.3112,0.710698873203,0.0453
chr2,60607157,0.019276253675984012,0.3116,0.710698873203,0.0535
chr2,60607158,0.019276253673872236,0.3112,0.710698873203,0.0645
chr2,60607159,0.01927625367175913,0.3114,0.710698873203,0.0808
chr2,60607160,0.019276253669644448,0.311,0.710698873203,0.0972
chr2,60607161,0.019276253667527925,0.3108,0.710698873203,0.121
chr2,60607162,0.01927625366540934,0.3106,0.710698873203,0.1411
chr2,60607163,0.019276253663288473,0.3102,0.710698873203,0.1641
chr2,60607164,0.019276253661165123,0.31,0.710698873203,0.183
chr2,60607165,0.01927625365903912,0.3096,0.710698873203,0.1939
chr2,60607166,0.0192762536569103,0.3098,0.710698873203,0.1308
chr2,60607167,0.019276253654778502,0.3108,0.710698873203,0.1293
chr2,60607168,0.019276253652643606,0.3104,0.710698873203,0.1218
chr2,60607169,0.019276253650505514,0.311,0.710698873203,0.1104
chr2,60607170,0.019276253648364234,0.3102,0.710698873203,0.0963
chr2,60607171,0.019276253646219894,0.3098,0.710698873203,0.0836
chr2,60607172,0.0192762536440728,0.3098,0.710698873203,0.0726
chr2,60607173,0.019276253641923473,0.3096,0.710698873203,0.0614
chr2,60607174,0.019276253639772714,0.3096,0.710698873203,0.0538
chr2,60607175,0.019276253637621643,0.31,0.710698873203,0.048
chr2,60607176,0.01927625363547177,0.3104,0.710698873203,0.044
chr2,60607177,0.019276253633325077,0.3124,0.710698873203,0.0405
chr2,60607178,0.019276253631184116,0.3148,0.711642471042,0.047
chr2,60607179,0.01927625362905212,0.3144,0.711642471042,0.0473
chr2,60607180,0.019276253626933075,0.3184,0.714356367352,0.0504
chr2,60607181,0.019276253624831808,0.3226,0.719594104308,0.0559
chr2,60607182,0.019276253622753946,0.3226,0.719594104308,0.0657
chr2,60607183,0.019276253620705838,0.3236,0.719594104308,0.08
chr2,60607184,0.019276253618694367,0.3238,0.719594104308,0.0945
chr2,60607185,0.01927625361672666,0.3246,0.719594104308,0.1171
chr2,60607186,0.019276253614809738,0.3252,0.719594104308,0.1386
chr2,60607187,0.019276253612950104,0.3256,0.719844430459,0.1595
chr2,60607188,0.01927625361115333,0.3254,0.719844430459,0.1764
chr2,60607189,0.019276253609423706,0.3252,0.719594104308,0.1879
chr2,60607190,0.019276253607763905,0.3252,0.719594104308,0.1925
chr2,60607191,0.019276253606174805,0.3248,0.719594104308,0.1876
chr2,60607192,0.01927625360465544,0.325,0.719594104308,0.1753
chr2,60607193,0.019276253603203036,0.3258,0.720105322763,0.1565
chr2,60607194,0.019276253601813245,0.326,0.720184882405,0.1366
chr2,60607195,0.019276253600480457,0.3264,0.720343761779,0.1132
chr2,60607196,0.01927625359919817,0.327,0.721124293785,0.0926
chr2,60607197,0.019276253597959425,0.3266,0.720513564431,0.0767
chr2,60607198,0.019276253596757227,0.3268,0.720773731793,0.0627
chr2,60607199,0.01927625359558493,0.3272,0.721293674699,0.0524
chr2,60607200,0.019276253594436528,0.3274,0.7213724285,0.0451
chr2,60607201,0.019276253593306945,0.328,0.721879463726,0.0404
chr2,60607202,0.019276253592192143,0.3276,0.72145110331,0.0383
chr2,60607203,0.019276253591089226,0.3312,0.726283146067,0.0361
chr2,60607204,0.019276253589996496,0.3358,0.727656082071,0.036
chr2,60607205,0.019276253588913446,0.3384,0.727656082071,0.0365
chr2,60607206,0.019276253587840787,0.339,0.727656082071,0.0394
chr2,60607207,0.019276253586780426,0.339,0.727656082071,0.0436
chr2,60607208,0.019276253585735478,0.339,0.727656082071,0.0496
chr2,60607209,0.01927625358471021,0.339,0.727656082071,0.0595
chr2,60607210,0.01927625358370998,0.339,0.727656082071,0.0717
chr2,60607211,0.019276253582741085,0.339,0.727656082071,0.0881
chr2,60607212,0.01927625358181052,0.339,0.727656082071,0.1046
chr2,60607213,0.01927625358092566,0.339,0.727656082071,0.1284
chr2,60607214,0.01927625358009383,0.339,0.727656082071,0.1475
chr2,60607215,0.019276253579321848,0.339,0.727656082071,0.1638
chr2,60607216,0.019276253578615524,0.339,0.727656082071,0.1731
chr2,60607217,0.019276253577979227,0.339,0.727656082071,0.1776
chr2,60611280,-0.0048386484591491155,0.8066,0.901548571792,0.1096
chr2,60611281,-0.004838648453377376,0.8066,0.901548571792,0.1136
chr2,60611282,-0.004838648446960817,0.8066,0.901548571792,0.1168
chr2,60611283,-0.004838648439945715,0.8066,0.901548571792,0.1207
chr2,60611284,-0.004838648432396769,0.8066,0.901548571792,0.1255
chr2,60611285,-0.0048386484243942264,0.8066,0.901548571792,0.1358
chr2,60611286,-0.004838648416030452,0.8066,0.901548571792,0.1545
chr2,60611287,-0.00483864840740642,0.8068,0.901548571792,0.1809
chr2,60611288,-0.004838648398628376,0.8068,0.901548571792,0.2213
chr2,60611289,-0.004838648389804848,0.8058,0.901548571792,0.2805
chr2,60611290,-0.0048386483810440115,0.8046,0.901441446613,0.3705
chr2,60611291,-0.004838648372451287,0.8028,0.901286616887,0.4648
chr2,60611292,-0.004838648364127024,0.8012,0.900676992,0.573
chr2,60611293,-0.004838648356164084,0.8038,0.901286616887,0.6679
chr2,60611294,-0.004838648348645333,0.8032,0.901286616887,0.7426
chr2,60611295,-0.004838648341641108,0.8038,0.901286616887,0.7997
chr2,60611296,-0.004838648335206954,0.8046,0.901441446613,0.8317
chr2,60611297,-0.004838648329382078,0.8062,0.901548571792,0.848
chr2,60611298,-0.004838648324188793,0.8062,0.901548571792,0.8507
chr2,60611299,-0.004838648319633153,0.8046,0.901441446613,0.8406
chr2,60611300,-0.004838648315706557,0.8054,0.901548571792,0.8177
chr2,60611301,-0.0048386483123877356,0.8036,0.901286616887,0.7776
chr2,60611302,-0.004838648309644472,0.802,0.901166730622,0.7164
chr2,60611303,-0.004838648307434744,0.8022,0.901166730622,0.636
chr2,60611304,-0.004838648305707609,0.802,0.901166730622,0.55
chr2,60611305,-0.004838648304404502,0.8026,0.901286616887,0.4635
chr2,60611306,-0.004838648303461653,0.8028,0.901286616887,0.3817
chr2,60611307,-0.004838648302813461,0.8028,0.901286616887,0.3049
chr2,60611421,0.0023435554930976393,0.7954,0.897949803972,0.5486
chr2,60611422,0.002343555491754076,0.7954,0.897949803972,0.6272
chr2,60611423,0.0023435554903168693,0.7954,0.897949803972,0.651
chr2,60611424,0.0023435554888237347,0.7954,0.897949803972,0.6348
chr2,60611425,0.0023435554873176964,0.7954,0.897949803972,0.5698
chr2,60611426,0.002343555485841714,0.796,0.898223050238,0.4707
chr2,60611427,0.0023435554844334033,0.7958,0.898112760216,0.3438
chr2,60611428,0.0023435554831213847,0.7958,0.898112760216,0.2611
chr2,60611429,0.0023435554819239185,0.794,0.897402573175,0.2134
chr2,60611430,0.002343555480849536,0.794,0.897402573175,0.1724
chr2,60611431,0.002343555479898844,0.7934,0.897402573175,0.1345
chr2,60611432,0.0023435554790667322,0.7912,0.897402573175,0.1063
chr2,60611433,0.0023435554783445005,0.791,0.897402573175,0.0864
chr2,60611434,0.002343555477721703,0.789,0.897402573175,0.0753
chr2,60611435,0.0023435554771877014,0.7868,0.897402573175,0.0659
chr2,60611436,0.0023435554767329107,0.787,0.897402573175,0.0564
chr2,60611437,0.002343555476349769,0.7852,0.897402573175,0.0509
chr2,60611438,0.002343555476033396,0.784,0.897402573175,0.0506
chr2,60611439,0.002343555475781936,0.7778,0.897402573175,0.0543
chr2,60611440,0.0023435554755965793,0.7744,0.897402573175,0.0607
chr2,60611441,0.0023435554754812804,0.7738,0.897402573175,0.0631
chr2,60611442,0.002343555475442246,0.7732,0.897402573175,0.0725
chr2,60611443,0.002343555475487261,0.7734,0.897402573175,0.0822
chr2,60611444,0.002343555475624919,0.7736,0.897402573175,0.0976
chr2,60611445,0.002343555475863842,0.773,0.897402573175,0.1165
chr2,60611446,0.002343555476211927,0.7742,0.897402573175,0.136
chr2,60611447,0.0023435554766756297,0.7774,0.897402573175,0.1533
chr2,60611448,0.002343555477259333,0.7772,0.897402573175,0.1686
chr2,60611449,0.0023435554779646316,0.7756,0.897402573175,0.1794
chr2,60611450,0.0023435554787899233,0.7742,0.897402573175,0.1948
chr2,60611451,0.002343555479730004,0.7766,0.897402573175,0.2021
chr2,60611452,0.002343555480775923,0.7754,0.897402573175,0.2046
chr2,60611453,0.0023435554819151334,0.7746,0.897402573175,0.2023
chr2,60611454,0.0023435554831319357,0.7742,0.897402573175,0.1949
chr2,60611455,0.0023435554844082255,0.7744,0.897402573175,0.1887
chr2,60611456,0.00234355548572428,0.7776,0.897402573175,0.181
chr2,60611457,0.0023435554870595097,0.7802,0.897402573175,0.1737
chr2,60611458,0.0023435554883930094,0.78,0.897402573175,0.1657
chr2,60611459,0.0023435554897038424,0.778,0.897402573175,0.1598
chr2,60611460,0.002343555490971067,0.7748,0.897402573175,0.1596
chr2,60611461,0.002343555492173623,0.7736,0.897402573175,0.1549
chr2,60611462,0.002343555493290208,0.773,0.897402573175,0.1537
chr2,60611463,0.0023435554942992996,0.7726,0.897402573175,0.1334
chr2,60611464,0.0023435554951793964,0.7732,0.897402573175,0.1317
chr2,60611465,0.002343555495909366,0.7714,0.897402573175,0.131
chr2,60611466,0.0023435554964689022,0.7708,0.897402573175,0.1306
chr2,60611467,0.0023435554968388086,0.7736,0.897402573175,0.1295
chr2,60611468,0.0023435554970008786,0.7732,0.897402573175,0.1276
chr2,60611469,0.0023435554969373253,0.7728,0.897402573175,0.1259
chr2,60611470,0.0023435554966296317,0.7722,0.897402573175,0.1222
chr2,60611471,0.002343555496057004,0.77,0.897402573175,0.1174
chr2,60611472,0.00234355549519463,0.7696,0.897402573175,0.1122
chr2,60611473,0.002343555494012112,0.7672,0.897402573175,0.1181
chr2,60611474,0.0023435554924726206,0.7694,0.897402573175,0.1263
chr2,60611475,0.002343555490533744,0.768,0.897402573175,0.1193
chr2,60611476,0.0023435554881514283,0.7676,0.897402573175,0.1141
chr2,60611477,0.0023435554852889863,0.7688,0.897402573175,0.1125
chr2,60611478,0.0023435554819326108,0.7706,0.897402573175,0.1125
chr2,60611479,0.002343555478111785,0.7726,0.897402573175,0.1294
chr2,60611480,0.0023435554739165854,0.7684,0.897402573175,0.1411
chr2,60611481,0.00234355546949796,0.7728,0.897402573175,0.1584
chr2,60611482,-0.002031653674175587,0.9316,0.965256898471,0.1852
chr2,60611483,-0.002031653659100162,0.9328,0.965256898471,0.2229
chr2,60611484,-0.0020316536436002157,0.9302,0.965256898471,0.2644
chr2,60611485,-0.0020316536276065228,0.929,0.965256898471,0.3066
chr2,60611486,-0.0020316536110525796,0.9294,0.965256898471,0.3417
chr2,60611487,-0.002031653593879847,0.9284,0.965256898471,0.3751
chr2,60611488,-0.0020316535760427847,0.9276,0.965256898471,0.4192
chr2,60611489,-0.002031653557513081,0.9264,0.965256898471,0.4364
chr2,60611490,-0.0020316535382824126,0.9258,0.965256898471,0.4123
chr2,60611491,-0.0020316535183631857,0.9264,0.965256898471,0.3498
chr2,60611492,-0.0020316534977870065,0.9274,0.965256898471,0.3044
chr2,60611493,-0.002031653476600982,0.9294,0.965256898471,0.2609
chr2,60611494,-0.0020316534548623743,0.9296,0.965256898471,0.2146
chr2,60611495,-0.002031653432632932,0.932,0.965256898471,0.1655
chr2,60611496,-0.0020316534099740708,0.9326,0.965256898471,0.1273
chr2,60611497,-0.0020316533869438992,0.9326,0.965256898471,0.0974
chr2,60611498,-0.0020316533635962204,0.9334,0.965256898471,0.0745
chr2,60611499,-0.0020316533399808217,0.9344,0.965256898471,0.068
chr2,60611500,-0.0020316533161440615,0.9358,0.965256898471,0.0564
chr2,60611501,-0.002031653292129204,0.9372,0.965256898471,0.0487
chr2,60611502,-0.002031653267976221,0.9368,0.965256898471,0.0439
chr2,60611503,-0.0020316532437214107,0.9354,0.965256898471,0.042
chr2,60611504,-0.0020316532193970917,0.936,0.965256898471,0.0411
chr2,60611505,-0.00203165319503156,0.934,0.965256898471,0.0446
chr2,60611506,-0.0020316531706493263,0.9414,0.965906135291,0.0479
chr2,60611507,-0.002031653146271533,0.942,0.965906135291,0.0524
chr2,60611508,-0.002031653121916436,0.9416,0.965906135291,0.0581
chr2,60611509,-0.002031653097599807,0.9418,0.965906135291,0.0651
chr2,60611510,-0.0020316530733351943,0.9422,0.965906135291,0.0819
chr2,60611511,-0.002031653049134008,0.9424,0.965906135291,0.0902
chr2,60611512,-0.002031653025005455,0.942,0.965906135291,0.0986
chr2,60611513,-0.0020316530009563847,0.9426,0.965906135291,0.1047
chr2,60611514,-0.0020316529769910737,0.9414,0.965906135291,0.1056
chr2,60611515,-0.0020316529531112667,0.941,0.965906135291,0.1033
chr2,60611516,-0.002031652929316054,0.9418,0.965906135291,0.0837
chr2,60611517,-0.00203165290560209,0.9414,0.965906135291,0.0772
chr2,60611518,-0.0020316528819639286,0.942,0.965906135291,0.0818
chr2,60611519,-0.0020316528583945227,0.9426,0.965906135291,0.0723
chr2,60611520,-0.00203165283488568,0.9424,0.965906135291,0.0633
chr2,60611521,-0.002031652811428693,0.9426,0.965906135291,0.0544
chr2,60611522,-0.0020316527880148653,0.9424,0.965906135291,0.0479
chr2,60611523,-0.0020316527646359545,0.9424,0.965906135291,0.0419
chr2,60611524,-0.002031652741284503,0.9424,0.965906135291,0.0375
chr2,60611525,-0.002031652717954043,0.9428,0.965906135291,0.0355
chr2,60611526,-0.002031652694639182,0.9426,0.965906135291,0.0327
chr2,60611527,-0.0020316526713355875,0.9424,0.965906135291,0.0306
chr2,60611528,-0.002031652648039905,0.9426,0.965906135291,0.029
chr2,60611529,-0.0020316526247496224,0.9424,0.965906135291,0.0277
chr2,60611530,-0.002031652601463085,0.9418,0.965906135291,0.0267
chr2,60611531,-0.0020316525781791817,0.9426,0.965906135291,0.026
chr2,60611532,-0.0020316525548973556,0.941,0.965906135291,0.0257
chr2,60611533,-0.0020316525316176,0.9414,0.965906135291,0.0253
chr2,60611534,-0.002031652508340548,0.9432,0.965906135291,0.0253
chr2,60611535,-0.0020316524850676936,0.9418,0.965906135291,0.0253
chr2,60611536,-0.0020316524618017705,0.9352,0.965256898471,0.0253
chr2,60611537,-0.0020316524385473544,0.933,0.965256898471,0.0254
chr2,60611538,-0.002031652415311715,0.9326,0.965256898471,0.0257
chr2,60611539,-0.0020316523921059706,0.9318,0.965256898471,0.0271
chr2,60611540,-0.0020316523689465535,0.9316,0.965256898471,0.0286
chr2,60611541,-0.0020316523458569465,0.9314,0.965256898471,0.0303
chr2,60611542,-0.002031652322869634,0.9314,0.965256898471,0.0323
chr2,60611543,-0.0020316523000282415,0.9308,0.965256898471,0.0349
chr2,60611544,-0.0020316522773890567,0.9308,0.965256898471,0.0426
chr2,60611545,-0.0020316522550223675,0.9312,0.965256898471,0.0507
chr2,60611546,-0.002031652233012836,0.9314,0.965256898471,0.0603
chr2,60611547,-0.0020316522114587,0.9314,0.965256898471,0.0726
chr2,60611548,-0.00203165219046959,0.9314,0.965256898471,0.0893
chr2,60611549,-0.0020316521701629294,0.9314,0.965256898471,0.1093
chr2,60611550,-0.0020316521506591155,0.932,0.965256898471,0.1015
chr2,60611551,-0.002031652132075944,0.9324,0.965256898471,0.1184
chr2,60611552,-0.002031652114522952,0.9328,0.965256898471,0.1347
chr2,60611553,-0.0020316520980965124,0.9322,0.965256898471,0.1478
chr2,60611554,-0.002031652082876499,0.9324,0.965256898471,0.1568
chr2,60611555,-0.002031652068925209,0.9314,0.965256898471,0.1626
chr2,60611556,-0.0020316520562889203,0.9336,0.965256898471,0.1611
chr2,60611557,-0.0020316520450020534,0.9326,0.965256898471,0.1293
chr2,60611558,-0.0020316520350935206,0.9324,0.965256898471,0.129
chr2,60611559,-0.0020316520265944845,0.933,0.965256898471,0.1222
chr2,60611560,-0.0020316520195464735,0.935,0.965256898471,0.1216
chr2,60611561,-0.002031652014009518,0.9334,0.965256898471,0.1223
chr2,60611562,-0.0020316520100695464,0.9336,0.965256898471,0.104
chr2,60611563,-0.0020316520078457073,0.9394,0.965679229824,0.0875
chr2,60611564,-0.002031652007499395,0.9372,0.965256898471,0.0911
chr2,60611565,-0.002031652009248571,0.9396,0.965771783018,0.0916
chr2,60611566,-0.002031652013393949,0.9396,0.965771783018,0.0902
chr2,60611567,-0.0020316520203685594,0.939,0.9656431749,0.0879
chr2,60611568,-0.002031652030830478,0.9392,0.9656431749,0.0843
chr2,60611569,-0.002031652045831583,0.9388,0.965514491481,0.0737
chr2,60611570,-0.002031652067142034,0.9384,0.965514491481,0.0651
chr2,60611571,-0.002031652098515781,0.937,0.965256898471,0.0584
chr2,60611572,-0.0020316521607240613,0.936,0.965256898471,0.057
chr2,60611573,-0.002031652498047402,0.9376,0.965256898471,0.0567
chr2,60611574,-0.0028349794914483326,0.8788,0.948805827033,0.0574
chr2,60611575,-0.0028349800310659484,0.8758,0.947763473976,0.0587
chr2,60611576,-0.0028349801398802965,0.8776,0.94838464378,0.0629
chr2,60611577,-0.0028349801782852273,0.8756,0.947680941524,0.0689
chr2,60611578,-0.0028349802039287727,0.8762,0.947921470806,0.0779
chr2,60611579,-0.0028349802228388584,0.8732,0.946249491024,0.0804
chr2,60611580,-0.002834980237564866,0.8738,0.946490934879,0.0902
chr2,60611581,-0.0028349802495023784,0.8728,0.94593274511,0.1
chr2,60611582,-0.0028349802594236943,0.8734,0.946349454074,0.1131
chr2,60611583,-0.0028349802677740165,0.8758,0.947763473976,0.1195
chr2,60611584,-0.0028349802748277855,0.8768,0.948103422802,0.1244
chr2,60611585,-0.002834980280769493,0.877,0.948202942263,0.1166
chr2,60611586,-0.0028349802857364982,0.878,0.948408461964,0.1102
chr2,60611587,-0.002834980289842001,0.8772,0.948302437223,0.1028
chr2,60611588,-0.002834980293187054,0.878,0.948408461964,0.0961
chr2,60611589,-0.0028349802958661584,0.8772,0.948302437223,0.0843
chr2,60611590,-0.0028349802979690257,0.8764,0.947962682431,0.0765
chr2,60611591,-0.0028349802995802737,0.8782,0.948507839882,0.0691
chr2,60611592,-0.0028349803007780144,0.8794,0.94910359447,0.0649
chr2,60611593,-0.0028349803016323007,0.8788,0.948805827033,0.0614
chr2,60611594,-0.0028349803022037043,0.879,0.948905107246,0.0588
chr2,60611595,-0.0028349803025429147,0.8816,0.950135231317,0.0605
chr2,60611596,-0.0028349803026906416,0.8804,0.94960511782,0.0645
chr2,60611597,-0.002834980302678385,0.8776,0.94838464378,0.0689
chr2,60611598,-0.002834980302529707,0.878,0.948408461964,0.0757
chr2,60611599,-0.0028349803022617026,0.878,0.948408461964,0.083
chr2,60611600,-0.0028349803018865084,0.8786,0.948706522407,0.0915
chr2,60611601,-0.0028349803014125884,0.8768,0.948103422802,0.1026
chr2,60611602,-0.002834980300845683,0.8774,0.94838464378,0.1182
chr2,60611603,-0.0028349803001893673,0.878,0.948408461964,0.1319
chr2,60611604,-0.0028349802994452563,0.8776,0.94838464378,0.1474
chr2,60611605,-0.002834980298613003,0.879,0.948905107246,0.1685
chr2,60611606,-0.0028349802976902648,0.876,0.947763473976,0.2193
chr2,60611607,-0.0028349802966727337,0.8774,0.94838464378,0.2523
chr2,60611608,-0.0028349802955544403,0.8766,0.948003878833,0.2932
chr2,60611609,-0.00283498029432828,0.8792,0.949004363055,0.3394
chr2,60611610,-0.0028349802929867147,0.8784,0.94860719336,0.392
chr2,60611611,-0.0028349802915224953,0.8764,0.947962682431,0.4386
chr2,60611612,-0.0028349802899291982,0.8756,0.947680941524,0.4899
chr2,60611613,-0.002834980288201548,0.873,0.946091127838,0.5262
chr2,60611614,-0.0028349802863355286,0.8734,0.946349454074,0.5665
chr2,60611615,-0.002834980284328254,0.872,0.9452990187,0.5975
chr2,60611616,-0.002834980282177745,0.8712,0.944956650611,0.645
chr2,60611617,-0.0028349802798827276,0.8748,0.947223646899,0.6741
chr2,60611618,-0.002834980277442604,0.876,0.947763473976,0.6848
chr2,60611619,-0.0028349802748576986,0.8786,0.948706522407,0.6758
chr2,60611620,-0.002834980272129893,0.8806,0.94960511782,0.6491
chr2,60611621,-0.002834980269263702,0.8822,0.950548582996,0.6221
chr2,60611622,-0.0028349802662678294,0.8826,0.950687986754,0.568
chr2,60611623,-0.002834980263157071,0.8836,0.951240132385,0.5047
chr2,60611624,-0.0028349802599542773,0.8846,0.951908288917,0.448
chr2,60611625,-0.0028349802566917646,0.8892,0.954852797459,0.3873
chr2,60611626,-0.002834980253411385,0.8892,0.954852797459,0.33
chr2,60611627,-0.002834980250162562,0.89,0.954852797459,0.2738
chr2,60611628,-0.0028349802469982456,0.8924,0.95579304878,0.232
chr2,60611629,-0.00283498024396967,0.893,0.956377355039,0.2011
chr2,60611630,-0.0028349802411214444,0.8938,0.957000731484,0.178
chr2,60611631,-0.002834980238488203,0.8956,0.958110359949,0.1556
chr2,60611632,-0.0028349802360933046,0.8962,0.958168665165,0.1396
chr2,60611633,-0.002834980233949195,0.8962,0.958168665165,0.1264
chr2,60611634,-0.002834980232058762,0.8962,0.958168665165,0.1136
chr2,60611635,-0.002834980230417027,0.8962,0.958168665165,0.102
chr2,60611636,-0.002834980229012851,0.8962,0.958168665165,0.102
chr2,60614313,-0.0015887048548955997,0.97,0.981511031741,0.2616
chr2,60614314,-0.001588704850369508,0.97,0.981511031741,0.2523
chr2,60614315,-0.0015887048452819935,0.97,0.981511031741,0.2311
chr2,60614316,-0.0015887048396533271,0.97,0.981511031741,0.2027
chr2,60614317,-0.0015887048335171438,0.97,0.981511031741,0.168
chr2,60614318,-0.0015887048269180482,0.97,0.981511031741,0.1363
chr2,60614319,-0.0015887048199084985,0.97,0.981511031741,0.109
chr2,60614320,-0.0015887048125453166,0.97,0.981511031741,0.0859
chr2,60614321,-0.0015887048048861942,0.97,0.981511031741,0.0656
chr2,60614322,-0.0015887047969865738,0.97,0.981511031741,0.052
chr2,60614323,-0.0015887047888971887,0.97,0.981511031741,0.0431
chr2,60614324,-0.00158870478066242,0.97,0.981511031741,0.0388
chr2,60614325,-0.0015887047723194968,0.97,0.981511031741,0.0342
chr2,60614326,-0.001588704763898385,0.97,0.981511031741,0.0296
chr2,60614327,-0.0015887047554223378,0.97,0.981511031741,0.0274
chr2,60614328,-0.0015887047469087111,0.97,0.981511031741,0.0268
chr2,60614329,-0.0015887047383699511,0.97,0.981511031741,0.0263
chr2,60614330,-0.0015887047298145732,0.97,0.981511031741,0.026
chr2,60614331,-0.001588704721248015,0.97,0.981511031741,0.0257
chr2,60614332,-0.0015887047126732989,0.969,0.981511031741,0.0257
chr2,60614333,-0.005361855512671777,0.7446,0.897402573175,0.0261
chr2,60614334,-0.005361881290187192,0.7412,0.897402573175,0.0261
chr2,60614335,-0.005361888489550226,0.7394,0.897402573175,0.0264
chr2,60614336,-0.005361891675950724,0.7392,0.897402573175,0.0266
chr2,60614337,-0.005361893375866534,0.7392,0.897402573175,0.0272
chr2,60614338,-0.005361894379118626,0.7394,0.897402573175,0.0281
chr2,60614339,-0.005361895010880926,0.7384,0.897402573175,0.0296
chr2,60614340,-0.005361895427641505,0.7384,0.897402573175,0.0317
chr2,60614341,-0.005361895713043517,0.7384,0.897402573175,0.0341
chr2,60614342,-0.005361895914652729,0.7384,0.897402573175,0.0362
chr2,60614343,-0.005361896060952085,0.7378,0.897402573175,0.0404
chr2,60614344,-0.005361896169669255,0.737,0.897402573175,0.0419
chr2,60614345,-0.005361896252179989,0.7376,0.897402573175,0.0438
chr2,60614346,-0.00536189631597096,0.7378,0.897402573175,0.0479
chr2,60614347,-0.005361896366078039,0.7378,0.897402573175,0.0482
chr2,60614348,-0.005361896405955574,0.7378,0.897402573175,0.0481
chr2,60614349,-0.005361896438016576,0.7374,0.897402573175,0.0508
chr2,60614350,-0.005361896463976042,0.7384,0.897402573175,0.0523
chr2,60614351,-0.005361896485073176,0.7382,0.897402573175,0.0537
chr2,60614352,-0.005361896502217204,0.7374,0.897402573175,0.0537
chr2,60614353,-0.00536189651608381,0.7376,0.897402573175,0.0538
chr2,60614354,-0.00536189652717984,0.736,0.897402573175,0.0537
chr2,60614355,-0.0053618965358874495,0.7354,0.897402573175,0.051
chr2,60614356,-0.005361896542494268,0.7336,0.897402573175,0.0515
chr2,60614357,-0.005361896547215472,0.7342,0.897402573175,0.0524
chr2,60614358,-0.005361896550210835,0.733,0.897402573175,0.0528
chr2,60614359,-0.005361896551598306,0.73,0.897402573175,0.0566
chr2,60614360,-0.00536189655146586,0.7298,0.897402573175,0.0567
chr2,60614361,-0.005361896549881416,0.7276,0.897402573175,0.0555
chr2,60614362,-0.005361896546900909,0.7288,0.897402573175,0.0584
chr2,60614363,-0.005361896542574218,0.7272,0.897402573175,0.0607
chr2,60614364,-0.005361896536948924,0.7272,0.897402573175,0.0621
chr2,60614365,-0.00536189653007186,0.7266,0.897402573175,0.0677
chr2,60614366,-0.005361896521988576,0.728,0.897402573175,0.0687
chr2,60614367,-0.005361896512741183,0.7246,0.897402573175,0.0725
chr2,60614368,-0.005361896502365177,0.723,0.897402573175,0.0797
chr2,60614369,-0.00536189649088605,0.7228,0.897402573175,0.0877
chr2,60614370,-0.005361896478316707,0.7234,0.897402573175,0.0992
chr2,60614371,-0.005361896464656609,0.7232,0.897402573175,0.1137
chr2,60614372,-0.005361896449893616,0.7228,0.897402573175,0.1392
chr2,60614373,-0.005361896434009273,0.7208,0.897402573175,0.1516
chr2,60614374,-0.005361896416987168,0.7184,0.897402573175,0.1803
chr2,60614375,-0.005361896398824201,0.7204,0.897402573175,0.2699
chr2,60614376,-0.005361896379542824,0.7196,0.897402573175,0.3687
chr2,60614377,-0.005361896359201586,0.7208,0.897402573175,0.4624
chr2,60614378,-0.00536189633789998,0.7198,0.897402573175,0.5398
chr2,60614379,-0.0053618963157750785,0.7196,0.897402573175,0.5964
chr2,60614380,-0.005361896292988639,0.718,0.897402573175,0.6176
chr2,60614381,-0.005361896269707701,0.7154,0.897402573175,0.6167
chr2,60614382,-0.005361896246084405,0.713,0.897402573175,0.5759
chr2,60614383,-0.005361896222239597,0.7126,0.897402573175,0.5312
chr2,60614384,-0.005361896198253286,0.7122,0.897402573175,0.4591
chr2,60614385,-0.005361896174160389,0.7088,0.897402573175,0.3806
chr2,60614386,-0.005361896149949455,0.7062,0.897402573175,0.2985
chr2,60614387,-0.005361896125562528,0.7014,0.897402573175,0.2815
chr2,60614388,-0.005361896100896289,0.6986,0.897402573175,0.2843
chr2,60614389,-0.005361896075805515,0.6962,0.897402573175,0.2779
chr2,60614390,-0.005361896050110456,0.6968,0.897402573175,0.2788
chr2,60614391,-0.005361896023607424,0.6928,0.897402573175,0.2998
chr2,60614392,-0.00536189599608107,0.6904,0.897402573175,0.3176
chr2,60614393,-0.005361895967315082,0.6828,0.897402573175,0.3378
chr2,60614394,-0.00536189593709983,0.681,0.897402573175,0.3588
chr2,60614395,-0.00536189590523809,0.6796,0.897402573175,0.376
chr2,60614396,-0.005361895871553154,0.6776,0.897402573175,0.3904
chr2,60614397,-0.005361895835906191,0.6776,0.897402573175,0.4151
chr2,60614398,-0.0053618957982303865,0.6732,0.897402573175,0.4265
chr2,60614399,-0.005361895758585045,0.6716,0.897402573175,0.4233
chr2,60614400,-0.005361895717218245,0.6704,0.897402573175,0.3992
chr2,60614401,-0.005361895674602219,0.6678,0.897402573175,0.3653
chr2,60614402,-0.005361895631394734,0.6696,0.897402573175,0.3441
chr2,60614403,-0.005361895588311882,0.6702,0.897402573175,0.3054
chr2,60614404,-0.005361895545970934,0.6684,0.897402573175,0.273
chr2,60614405,-0.0053618955047898,0.6678,0.897402573175,0.2434
chr2,60614406,-0.00536189546497868,0.6686,0.897402573175,0.2178
chr2,60614407,-0.005361895426593319,0.6638,0.897402573175,0.1772
chr2,60614408,-0.005361895389600737,0.6642,0.897402573175,0.1574
chr2,60614409,-0.005361895353929151,0.665,0.897402573175,0.1384
chr2,60614410,-0.005361895319496046,0.665,0.897402573175,0.1279
chr2,60614411,-0.005361895286217605,0.6662,0.897402573175,0.1182
chr2,60614412,-0.0053618952540060265,0.6676,0.897402573175,0.1112
chr2,60614413,-0.005361895222758951,0.6682,0.897402573175,0.1039
chr2,60614414,-0.005361895192344993,0.6708,0.897402573175,0.0997
chr2,60614415,-0.005361895162589518,0.6706,0.897402573175,0.1025
chr2,60614416,-0.005361895133266148,0.6712,0.897402573175,0.0951
chr2,60614417,-0.005361895104099335,0.6718,0.897402573175,0.0913
chr2,60614418,-0.005361895074780679,0.6688,0.897402573175,0.0942
chr2,60614419,-0.0053618950449961745,0.6682,0.897402573175,0.0964
chr2,60614420,-0.005361895014456205,0.6722,0.897402573175,0.0982
chr2,60614421,-0.005361894982918971,0.6732,0.897402573175,0.1082
chr2,60614422,-0.005361894950202172,0.6768,0.897402573175,0.1161
chr2,60614423,-0.005361894916183737,0.677,0.897402573175,0.1125
chr2,60614424,-0.005361894880796586,0.676,0.897402573175,0.1091
chr2,60614425,-0.0053618948440232956,0.6776,0.897402573175,0.1128
chr2,60614426,-0.005361894805893923,0.6774,0.897402573175,0.1113
chr2,60614427,-0.005361894766488004,0.6774,0.897402573175,0.1081
chr2,60614428,-0.005361894725938458,0.6776,0.897402573175,0.1042
chr2,60614429,-0.005361894684432669,0.6758,0.897402573175,0.106
chr2,60614430,-0.005361894642205412,0.678,0.897402573175,0.1068
chr2,60614431,-0.0053618945995207844,0.6768,0.897402573175,0.0974
chr2,60614432,-0.0053618945566458855,0.676,0.897402573175,0.0933
chr2,60614433,-0.00536189451382377,0.6768,0.897402573175,0.0916
chr2,60614434,-0.005361894471254137,0.6768,0.897402573175,0.0846
chr2,60614435,-0.005361894429084865,0.677,0.897402573175,0.0783
chr2,60614436,-0.00536189438741338,0.678,0.897402573175,0.0644
chr2,60614437,-0.005361894346293418,0.68,0.897402573175,0.0576
chr2,60614438,-0.0053618943057431945,0.6804,0.897402573175,0.0532
chr2,60614439,-0.005361894265752809,0.6802,0.897402573175,0.0476
chr2,60614440,-0.005361894226290521,0.6798,0.897402573175,0.0428
chr2,60614441,-0.005361894187308089,0.6798,0.897402573175,0.0382
chr2,60614442,-0.005361894148745933,0.6806,0.897402573175,0.0356
chr2,60614443,-0.005361894110538432,0.6794,0.897402573175,0.0338
chr2,60614444,-0.005361894072618489,0.6786,0.897402573175,0.032
chr2,60614445,-0.005361894034921921,0.6802,0.897402573175,0.0314
chr2,60614446,-0.005361893997390441,0.6822,0.897402573175,0.031
chr2,60614447,-0.005361893959973398,0.681,0.897402573175,0.0315
chr2,60614448,-0.005361893922628345,0.6804,0.897402573175,0.0318
chr2,60614449,-0.005361893885320766,0.681,0.897402573175,0.0341
chr2,60614450,-0.005361893848023542,0.6822,0.897402573175,0.0369
chr2,60614451,-0.005361893810716215,0.6836,0.897402573175,0.0436
chr2,60614452,-0.005361893773384828,0.6838,0.897402573175,0.0491
chr2,60614453,-0.0053618937360219235,0.6834,0.897402573175,0.0559
chr2,60614454,-0.005361893698627514,0.6846,0.897402573175,0.0637
chr2,60614455,-0.005361893661210289,0.6852,0.897402573175,0.0738
chr2,60614456,-0.005361893623789105,0.6852,0.897402573175,0.0831
chr2,60614457,-0.0053618935863945375,0.6848,0.897402573175,0.0942
chr2,60614458,-0.005361893549070255,0.686,0.897402573175,0.1196
chr2,60614459,-0.00536189351187402,0.687,0.897402573175,0.1341
chr2,60614460,-0.005361893474878264,0.6854,0.897402573175,0.1512
chr2,60614461,-0.00536189343817039,0.684,0.897402573175,0.1716
chr2,60614462,-0.0053618934018524606,0.684,0.897402573175,0.1956
chr2,60614463,-0.0053618933660412454,0.6806,0.897402573175,0.2232
chr2,60614464,-0.00536189333086809,0.6832,0.897402573175,0.2912
chr2,60614465,-0.005361893296479795,0.685,0.897402573175,0.3338
chr2,60614466,-0.005361893263040309,0.6832,0.897402573175,0.3137
chr2,60614467,-0.005361893230733552,0.684,0.897402573175,0.3409
chr2,60614468,-0.00536189319976761,0.6854,0.897402573175,0.371
chr2,60614469,-0.005361893170380528,0.6838,0.897402573175,0.3906
chr2,60614470,-0.005361893142848074,0.6842,0.897402573175,0.4
chr2,60614471,-0.005361893117493844,0.6818,0.897402573175,0.3497
chr2,60614472,-0.005361893094702706,0.679,0.897402573175,0.3433
chr2,60614473,-0.005361893074938622,0.679,0.897402573175,0.3357
chr2,60614474,-0.005361893058768563,0.681,0.897402573175,0.3206
chr2,60614475,-0.005361893046895323,0.6806,0.897402573175,0.302
chr2,60614476,-0.0053618930402037045,0.6828,0.897402573175,0.3278
chr2,60614477,-0.00536189303982786,0.6844,0.897402573175,0.3594
chr2,60614478,-0.005361893047253523,0.6838,0.897402573175,0.2936
chr2,60614479,-0.005361893064480383,0.6824,0.897402573175,0.2398
chr2,60614480,-0.005361893094292712,0.6812,0.897402573175,0.203
chr2,60614481,-0.005361893140734719,0.684,0.897402573175,0.1957
chr2,60614482,-0.005361893209997518,0.6832,0.897402573175,0.193
chr2,60614483,-0.0053618933121988505,0.6828,0.897402573175,0.1919
chr2,60614484,-0.005361893465300669,0.6842,0.897402573175,0.1916
chr2,60614485,-0.00536189370487455,0.682,0.897402573175,0.1939
chr2,60614486,-0.005361894113138491,0.684,0.897402573175,0.2194
chr2,60614487,-0.005361894933080222,0.6838,0.897402573175,0.2189
chr2,60614488,-0.005361897329814442,0.6836,0.897402573175,0.2125
chr2,60614489,-0.005361949587508992,0.6858,0.897402573175,0.2051
chr2,60614490,-0.006705413908916531,0.5958,0.897402573175,0.1895
chr2,60614491,-0.006705413872672163,0.594,0.897402573175,0.1747
chr2,60614492,-0.006705413837337629,0.5938,0.897402573175,0.1553
chr2,60614493,-0.006705413802867373,0.5944,0.897402573175,0.1357
chr2,60614494,-0.006705413769205029,0.5936,0.897402573175,0.1185
chr2,60614495,-0.006705413736288274,0.5926,0.897402573175,0.0934
chr2,60614496,-0.00670541370405249,0.5918,0.897402573175,0.0811
chr2,60614497,-0.006705413672432722,0.592,0.897402573175,0.0696
chr2,60614498,-0.006705413641364,0.5928,0.897402573175,0.0609
chr2,60614499,-0.00670541361078126,0.5918,0.897402573175,0.0535
chr2,60614500,-0.0067054135806190445,0.5908,0.897402573175,0.0466
chr2,60614501,-0.006705413550811517,0.591,0.897402573175,0.0419
chr2,60614502,-0.00670541352129312,0.5914,0.897402573175,0.0383
chr2,60614503,-0.0067054134919990105,0.5912,0.897402573175,0.0358
chr2,60614504,-0.006705413462865465,0.5908,0.897402573175,0.0341
chr2,60614505,-0.006705413433829772,0.589,0.897402573175,0.0334
chr2,60614506,-0.006705413404829447,0.5902,0.897402573175,0.0336
chr2,60614507,-0.006705413375800643,0.5864,0.897402573175,0.0349
chr2,60614508,-0.006705413346676319,0.5882,0.897402573175,0.0356
chr2,60614509,-0.00670541331738411,0.5852,0.897402573175,0.0387
chr2,60614510,-0.00670541328784439,0.5842,0.897402573175,0.0448
chr2,60614511,-0.006705413257968909,0.583,0.897402573175,0.0479
chr2,60614512,-0.006705413227660258,0.5834,0.897402573175,0.0546
chr2,60614513,-0.006705413196812259,0.583,0.897402573175,0.0625
chr2,60614514,-0.00670541316531159,0.5832,0.897402573175,0.0722
chr2,60614515,-0.0067054131330401695,0.584,0.897402573175,0.0843
chr2,60614516,-0.006705413099878595,0.5826,0.897402573175,0.0975
chr2,60614517,-0.006705413065710104,0.582,0.897402573175,0.1109
chr2,60614518,-0.006705413030424935,0.5826,0.897402573175,0.1262
chr2,60614519,-0.006705412993925025,0.582,0.897402573175,0.1559
chr2,60614520,-0.006705412956129001,0.58,0.897402573175,0.201
chr2,60614521,-0.006705412916977422,0.5792,0.897402573175,0.2272
chr2,60614522,-0.006705412876438854,0.5764,0.897402573175,0.2511
chr2,60614523,-0.00670541283451475,0.5776,0.897402573175,0.2738
chr2,60614524,-0.006705412791243914,0.576,0.897402573175,0.3003
chr2,60614525,-0.006705412746704299,0.577,0.897402573175,0.3221
chr2,60614526,-0.006705412701010982,0.5772,0.897402573175,0.4012
chr2,60614527,-0.006705412654309589,0.576,0.897402573175,0.4835
chr2,60614528,-0.0067054126067659205,0.5736,0.897402573175,0.4891
chr2,60614529,-0.006705412558553937,0.5718,0.897402573175,0.487
chr2,60614530,-0.006705412509845088,0.57,0.897402573175,0.4706
chr2,60614531,-0.006705412460801579,0.57,0.897402573175,0.4367
chr2,60614532,-0.006705412411574799,0.5696,0.897402573175,0.3931
chr2,60614533,-0.006705412362308672,0.5712,0.897402573175,0.341
chr2,60614534,-0.006705412313145664,0.5708,0.897402573175,0.2461
chr2,60614535,-0.006705412264233802,0.5728,0.897402573175,0.2043
chr2,60614536,-0.006705412215731858,0.573,0.897402573175,0.1649
chr2,60614537,-0.006109969827960386,0.6086,0.897402573175,0.1538
chr2,60614538,-0.006109967823794747,0.6128,0.897402573175,0.1281
chr2,60614539,-0.006109967311883635,0.61,0.897402573175,0.1261
chr2,60614540,-0.006109967080924224,0.61,0.897402573175,0.1148
chr2,60614541,-0.00610996694898661,0.6104,0.897402573175,0.1101
chr2,60614542,-0.006109966863015241,0.6128,0.897402573175,0.0937
chr2,60614543,-0.006109966802007585,0.6136,0.897402573175,0.0934
chr2,60614544,-0.006109966756006693,0.6132,0.897402573175,0.0957
chr2,60614545,-0.006109966719689685,0.6116,0.897402573175,0.0873
chr2,60614546,-0.006109966689961733,0.614,0.897402573175,0.0887
chr2,60614547,-0.006109966664909044,0.6114,0.897402573175,0.0917
chr2,60614548,-0.006109966643293487,0.6124,0.897402573175,0.0939
chr2,60614549,-0.006109966624287663,0.611,0.897402573175,0.0983
chr2,60614550,-0.00610996660732611,0.6134,0.897402573175,0.1006
chr2,60614551,-0.006109966592018247,0.6166,0.897402573175,0.1049
chr2,60614552,-0.006109966578095465,0.6176,0.897402573175,0.1099
chr2,60614553,-0.006109966565379403,0.6226,0.897402573175,0.1168
chr2,60614554,-0.0061099665537644125,0.6242,0.897402573175,0.1238
chr2,60614555,-0.006109966543210566,0.6232,0.897402573175,0.1296
chr2,60614556,-0.006109966533745432,0.623,0.897402573175,0.1359
chr2,60614557,-0.0061099665254737085,0.6248,0.897402573175,0.138
chr2,60614558,-0.00610996651859542,0.6248,0.897402573175,0.143
chr2,60614559,-0.006109966513434565,0.625,0.897402573175,0.1443
chr2,60614560,-0.006109966510481062,0.6238,0.897402573175,0.1405
chr2,60614561,-0.00610996651045225,0.6244,0.897402573175,0.1333
chr2,60614562,-0.006109966514383766,0.6258,0.897402573175,0.1247
chr2,60614563,-0.006109966523765748,0.626,0.897402573175,0.1138
chr2,60614564,-0.006109966540750545,0.6246,0.897402573175,0.0996
chr2,60614565,-0.006109966568474652,0.625,0.897402573175,0.0861
chr2,60614566,-0.006109966611565465,0.6232,0.897402573175,0.0731
chr2,60614567,-0.006109966676949571,0.6226,0.897402573175,0.0625
chr2,60614568,-0.006109966775153566,0.6232,0.897402573175,0.0527
chr2,60614569,-0.006109966922367185,0.6226,0.897402573175,0.049
chr2,60614570,-0.006109967143651142,0.6232,0.897402573175,0.0435
chr2,60614571,-0.0061099674772499574,0.623,0.897402573175,0.0372
chr2,60614572,-0.006109967977889715,0.6212,0.897402573175,0.035
chr2,60614573,-0.006109968708356998,0.6224,0.897402573175,0.0336
chr2,60614574,-0.006109969694497841,0.623,0.897402573175,0.0337
chr2,60614575,-0.006109970841468249,0.6226,0.897402573175,0.035
chr2,60614576,-0.006109971941782579,0.628,0.897402573175,0.0371
chr2,60614577,-0.006109972840265653,0.626,0.897402573175,0.0401
chr2,60614578,-0.006109973510911075,0.6266,0.897402573175,0.0449
chr2,60614579,-0.006109973994535065,0.627,0.897402573175,0.05
chr2,60614580,-0.006109974341068241,0.6272,0.897402573175,0.0588
chr2,60614581,-0.006109974590527641,0.626,0.897402573175,0.0761
chr2,60614582,-0.006109974771507113,0.6252,0.897402573175,0.1016
chr2,60614583,-0.006109974903805706,0.625,0.897402573175,0.144
chr2,60614584,-0.006109975001093213,0.6254,0.897402573175,0.1775
chr2,60614585,-0.006109975072914685,0.628,0.897402573175,0.2165
chr2,60614586,-0.006109975125996922,0.6284,0.897402573175,0.2638
chr2,60614587,-0.006109975165146296,0.6266,0.897402573175,0.3062
chr2,60614588,-0.006109975193843587,0.628,0.897402573175,0.361
chr2,60614589,-0.006109975214643256,0.6254,0.897402573175,0.3359
chr2,60614590,-0.006109975229445485,0.6262,0.897402573175,0.3828
chr2,60614591,-0.00610997523968316,0.6294,0.897402573175,0.3458
chr2,60614592,-0.006109975246452312,0.6288,0.897402573175,0.3193
chr2,60614593,-0.006109975250603623,0.63,0.897402573175,0.3398
chr2,60614594,-0.006109975252806856,0.63,0.897402573175,0.3498
chr2,60614595,0.006650682336338424,0.4734,0.823723536984,0.351
chr2,60614596,0.006650683927358167,0.4736,0.823723536984,0.3389
chr2,60614597,0.006650684488940967,0.4726,0.823723536984,0.3194
chr2,60614598,0.006650684779721402,0.4724,0.823723536984,0.3306
chr2,60614599,0.006650684967202145,0.4732,0.823723536984,0.2796
chr2,60614600,0.006650685103401198,0.4748,0.824422894425,0.2297
chr2,60614601,0.006650685210269632,0.4734,0.823723536984,0.182
chr2,60614602,0.006650685298887918,0.4744,0.823891239866,0.1377
chr2,60614603,0.006650685375497809,0.4742,0.823891239866,0.1053
chr2,60614604,0.006650685443889636,0.4756,0.824752097937,0.0818
chr2,60614605,0.006650685506488708,0.476,0.825282795381,0.0584
chr2,60614606,0.00665068556489661,0.4758,0.825017472853,0.0495
chr2,60614607,0.00665068562017847,0.4766,0.826078448786,0.0426
chr2,60614608,0.006650685673022774,0.479,0.829665220392,0.0375
chr2,60614609,0.0066506857238347525,0.4816,0.833675372031,0.0362
chr2,60614610,0.006650685772796341,0.4842,0.837515805022,0.0356
chr2,60614611,0.006650685819912868,0.4794,0.830276178269,0.035
chr2,60614612,0.006650685865058317,0.4742,0.823891239866,0.0362
chr2,60614613,0.006650685908031812,0.472,0.823723536984,0.0384
chr2,60614614,0.006650685948614487,0.4722,0.823723536984,0.0438
chr2,60614615,0.006650685986627826,0.4718,0.823723536984,0.05
chr2,60614616,0.006650686021977658,0.4718,0.823723536984,0.0516
chr2,60614617,0.006650686054679404,0.4718,0.823723536984,0.0565
chr2,60614618,0.006650686084855235,0.4712,0.823723536984,0.0618
chr2,60614619,0.006650686112713086,0.4714,0.823723536984,0.0672
chr2,60614620,0.006650686138515737,0.473,0.823723536984,0.0715
chr2,60614621,0.006650686162548507,0.4732,0.823723536984,0.0757
chr2,60614622,0.006650686185092367,0.4732,0.823723536984,0.0773
chr2,60614623,0.006650686206404448,0.4734,0.823723536984,0.0766
chr2,60614624,0.0066506862267059355,0.4742,0.823891239866,0.075
chr2,60614625,0.0066506862461753365,0.4738,0.823891239866,0.0652
chr2,60614626,0.006650686264945881,0.4736,0.823723536984,0.063
chr2,60614627,0.006650686283104818,0.473,0.823723536984,0.0607
chr2,60614628,0.006650686300693538,0.4718,0.823723536984,0.0556
chr2,60614629,0.006650686317707926,0.47,0.822921650718,0.0553
chr2,60614630,0.006650686334098864,0.4702,0.823025710015,0.0571
chr2,60614631,0.00665068634977328,0.4718,0.823723536984,0.0614
chr2,60614632,0.006650686364596327,0.4698,0.822921650718,0.0675
chr2,60614633,0.006650686378394737,0.4678,0.821115918857,0.0768
chr2,60614634,0.006650686390961303,0.4678,0.821115918857,0.0888
chr2,60614635,0.006650686402059275,0.4658,0.818914723251,0.1095
chr2,60614636,0.006650686411425064,0.4664,0.81972343406,0.1357
chr2,60614637,0.00665068641876738,0.4672,0.820554744526,0.1943
chr2,60614638,0.0066506864237608045,0.466,0.819184347478,0.2342
chr2,60614639,0.006650686426031263,0.4654,0.818621169637,0.2709
chr2,60614640,0.006650686425129129,0.4654,0.818621169637,0.2584
chr2,60614641,0.006650686420481433,0.465,0.818573361395,0.2776
chr2,60614642,0.006650686411305866,0.4648,0.818573361395,0.2862
chr2,60614643,0.006650686396449843,0.4642,0.818573361395,0.2786
chr2,60614644,0.006650686374076303,0.4636,0.818405427136,0.2627
chr2,60614645,0.0066506863410194334,0.4644,0.818573361395,0.2757
chr2,60614646,0.006650686291394155,0.465,0.818573361395,0.2061
chr2,60614647,0.006650686213357643,0.4656,0.818808970765,0.1536
chr2,60614648,0.006650686080526695,0.4648,0.818573361395,0.151
chr2,60614649,0.0066506858221103875,0.464,0.818573361395,0.1513
chr2,60614650,0.00665068510498921,0.4664,0.81972343406,0.1356
chr2,60614651,-0.018606215499187114,0.1048,0.522957954545,0.1229
chr2,60614652,-0.01860676612469008,0.1016,0.510762449914,0.1122
chr2,60614653,-0.018606767075222207,0.0988,0.502873048005,0.1074
chr2,60614654,-0.018606767420572653,0.0982,0.502441887562,0.1028
chr2,60614655,-0.018606767614898996,0.0986,0.502873048005,0.1023
chr2,60614656,-0.01860676774735895,0.0984,0.502873048005,0.1018
chr2,60614657,-0.018606767848530232,0.0986,0.502873048005,0.1014
chr2,60614658,-0.018606767932137832,0.0998,0.504747192629,0.0871
chr2,60614659,-0.01860676800552867,0.0998,0.504747192629,0.0785
chr2,60614660,-0.018606768073267388,0.0982,0.502441887562,0.0731
chr2,60614661,-0.01860676813867951,0.1004,0.506906007473,0.0732
chr2,60614662,-0.018606768204694812,0.1008,0.508195177956,0.076
chr2,60614663,-0.018606768274510355,0.0998,0.504747192629,0.0783
chr2,60614664,-0.018606768352424325,0.0998,0.504747192629,0.0816
chr2,60614665,-0.018606768445393933,0.1012,0.509480653482,0.0845
chr2,60614666,-0.018606768566874075,0.1026,0.514758354756,0.0821
chr2,60614667,-0.01860676874911437,0.1036,0.518442735043,0.0852
chr2,60614668,-0.01860676910024846,0.1024,0.513901714286,0.0879
chr2,60614669,-0.01860677029073779,0.104,0.520148063781,0.0917
chr2,60614670,-0.02376951659315598,0.043,0.339611061151,0.0979
chr2,60614671,-0.023769518021305856,0.0426,0.337666516245,0.1051
chr2,60614672,-0.023769518321231496,0.043,0.339611061151,0.1164
chr2,60614673,-0.02376951844583736,0.0428,0.338640540541,0.123
chr2,60614674,-0.023769518513954993,0.0426,0.337666516245,0.145
chr2,60614675,-0.023769518556784417,0.0424,0.337298913043,0.1513
chr2,60614676,-0.023769518586140077,0.0416,0.33198727851,0.1551
chr2,60614677,-0.02376951860739256,0.0414,0.330691678035,0.1565
chr2,60614678,-0.023769518623253053,0.0406,0.32593190128,0.1525
chr2,60614679,-0.023769518635164147,0.0408,0.326939781022,0.1312
chr2,60614680,-0.02376951864388384,0.0408,0.326939781022,0.1245
chr2,60614681,-0.02376951864975265,0.0398,0.321567157314,0.1081
chr2,60614682,-0.023769518652819926,0.0402,0.324053694355,0.1006
chr2,60614683,-0.023769518652901236,0.0406,0.32593190128,0.0944
chr2,60614684,-0.023769518649602334,0.0404,0.32492032967,0.0885
chr2,60614685,-0.023769518642336954,0.0412,0.329543715847,0.0845
chr2,60614686,-0.02376951863037276,0.04,0.32258953168,0.0858
chr2,60614687,-0.02376951861294752,0.0394,0.319069156293,0.0902
chr2,60614688,-0.02376951858949318,0.0396,0.320393367112,0.0999
chr2,60614689,-0.023769518559914007,0.0382,0.311940027894,0.1105
chr2,60614690,-0.0237695185247288,0.0374,0.306977102804,0.1228
chr2,60614691,-0.023769518484880823,0.0372,0.305764155358,0.1235
chr2,60614692,-0.023769518441274503,0.0384,0.312991183295,0.148
chr2,60614693,-0.023769518394323584,0.0376,0.308042910448,0.1629
chr2,60614694,-0.023769518343699777,0.0382,0.311940027894,0.1894
chr2,60614695,-0.023769518288236202,0.0384,0.312991183295,0.2222
chr2,60614696,-0.02376951822580946,0.0392,0.318182994455,0.2298
chr2,60614697,-0.02376951815302342,0.039,0.316999074503,0.2101
chr2,60614698,-0.023769518064448745,0.0394,0.319069156293,0.2113
chr2,60614699,-0.023769517950871743,0.0398,0.321567157314,0.2107
chr2,60614700,-0.02376951779486887,0.0392,0.318182994455,0.2139
chr2,60614701,-0.02376951755727667,0.0406,0.32593190128,0.2104
chr2,60614702,-0.023769517122041794,0.0416,0.33198727851,0.2124
chr2,60614703,-0.02376951580189682,0.0432,0.340884097035,0.2192
chr2,60614704,0.002862733296217221,0.7116,0.897402573175,0.2337
chr2,60614705,0.0028627726790572215,0.711,0.897402573175,0.2479
chr2,60614706,0.0028627739178473054,0.7104,0.897402573175,0.2641
chr2,60614707,0.002862774363111585,0.7082,0.897402573175,0.2771
chr2,60614708,0.002862774607945378,0.7068,0.897402573175,0.3297
chr2,60614709,0.002862774771302835,0.7068,0.897402573175,0.3467
chr2,60614710,0.0028627748936990672,0.7046,0.897402573175,0.3548
chr2,60614711,0.002862774992993074,0.7074,0.897402573175,0.3554
chr2,60614712,0.0028627750783812808,0.7086,0.897402573175,0.3338
chr2,60614713,0.0028627751551255306,0.7094,0.897402573175,0.3066
chr2,60614714,0.0028627752264825117,0.7086,0.897402573175,0.2817
chr2,60614715,0.0028627752946017103,0.7112,0.897402573175,0.2469
chr2,60614716,0.002862775360986435,0.7104,0.897402573175,0.1886
chr2,60614717,0.002862775426750134,0.71,0.897402573175,0.1478
chr2,60614718,0.0028627754927697,0.7122,0.897402573175,0.1259
chr2,60614719,0.002862775559784422,0.7142,0.897402573175,0.1208
chr2,60614720,0.002862775628469546,0.7108,0.897402573175,0.1048
chr2,60614721,0.00286277569949895,0.7138,0.897402573175,0.0963
chr2,60614722,0.0028627757736106297,0.7188,0.897402573175,0.0892
chr2,60614723,0.002862775851687258,0.72,0.897402573175,0.0858
chr2,60614724,0.0028627759348658793,0.72,0.897402573175,0.0844
chr2,60614725,0.0028627760246990428,0.721,0.897402573175,0.0871
chr2,60614726,0.0028627761234160877,0.7212,0.897402573175,0.09
chr2,60614727,0.002862776234348655,0.7208,0.897402573175,0.094
chr2,60614728,0.0028627763627016283,0.7198,0.897402573175,0.1104
chr2,60614729,0.00286277651706119,0.7184,0.897402573175,0.1162
chr2,60614730,0.002862776712666382,0.7208,0.897402573175,0.1226
chr2,60614731,0.0028627769795236658,0.7196,0.897402573175,0.1363
chr2,60614732,0.002862777386663255,0.7216,0.897402573175,0.1377
chr2,60614733,0.0028627781390373947,0.7252,0.897402573175,0.1387
chr2,60614734,0.002862780253824107,0.7254,0.897402573175,0.1381
chr2,60614735,0.002862837929665322,0.729,0.897402573175,0.1321
chr2,60614736,0.005540840627361943,0.5676,0.897402573175,0.1255
chr2,60614737,0.005540840625191724,0.5728,0.897402573175,0.1159
chr2,60614738,0.005540840622957608,0.5744,0.897402573175,0.1121
chr2,60614739,0.005540840620781511,0.5828,0.897402573175,0.1088
chr2,60614740,0.005540840618775626,0.5894,0.897402573175,0.1077
chr2,60614741,0.005540840617036466,0.5924,0.897402573175,0.105
chr2,60614742,0.005540840615639793,0.5966,0.897402573175,0.1023
chr2,60614743,0.005540840614636388,0.595,0.897402573175,0.1129
chr2,60614744,0.0055408406140488335,0.5948,0.897402573175,0.1094
chr2,60614745,0.005540840613869473,0.5956,0.897402573175,0.1061
chr2,60614746,0.005540840614060039,0.5962,0.897402573175,0.0983
chr2,60614747,0.0055408406145544525,0.5978,0.897402573175,0.0909
chr2,60614748,0.005540840615265335,0.6024,0.897402573175,0.0837
chr2,60614749,0.005540840616093965,0.6034,0.897402573175,0.0831
chr2,60614750,0.005540840616941928,0.606,0.897402573175,0.0837
chr2,60614751,0.005540840617721772,0.6074,0.897402573175,0.0759
chr2,60614752,0.005540840618364382,0.608,0.897402573175,0.0684
chr2,60614753,0.0055408406188219815,0.6096,0.897402573175,0.0622
chr2,60614754,0.005540840619067079,0.6126,0.897402573175,0.0572
chr2,60614755,0.005540840619088731,0.6142,0.897402573175,0.0535
chr2,60614756,0.005540840618887624,0.6166,0.897402573175,0.0512
chr2,60614757,0.005540840618471371,0.6184,0.897402573175,0.0517
chr2,60614758,0.005540840617850957,0.627,0.897402573175,0.0523
chr2,60614759,0.005540840617038802,0.6336,0.897402573175,0.0542
chr2,60614760,0.005540840616048157,0.6348,0.897402573175,0.0602
chr2,60614761,0.0055408406148941625,0.6352,0.897402573175,0.0758
chr2,60614762,0.005540840613595402,0.6352,0.897402573175,0.0961
chr2,60614763,0.005540840612175396,0.6352,0.897402573175,0.137
chr2,60614764,0.005540840610663376,0.6352,0.897402573175,0.161
chr2,60614765,0.005540840609093874,0.6352,0.897402573175,0.181
chr2,60614766,0.005540840607505153,0.6352,0.897402573175,0.1979
chr2,60614767,0.005540840605936691,0.6352,0.897402573175,0.2147
chr2,60614768,0.005540840604426288,0.6352,0.897402573175,0.2146
chr2,60666497,-0.006305336992204492,0.6636,0.897402573175,0.8822
chr2,60666498,-0.006305337022194178,0.6636,0.897402573175,0.9184
chr2,60666499,-0.006305337063284296,0.6636,0.897402573175,0.9281
chr2,60666500,-0.00630533712208055,0.6636,0.897402573175,0.924
chr2,60666501,-0.0063053372119174,0.6636,0.897402573175,0.9015
chr2,60666502,-0.0063053373642320415,0.6634,0.897402573175,0.8473
chr2,60666503,-0.006305337674596523,0.663,0.897402573175,0.7532
chr2,60666504,-0.00630533863359752,0.6626,0.897402573175,0.6041
chr2,60666505,-0.026013557111688283,0.0598,0.403529389166,0.4142
chr2,60666506,-0.026013557109039326,0.0594,0.402686607487,0.2495
chr2,60666507,-0.02601355710630981,0.0598,0.403529389166,0.1715
chr2,60666508,-0.026013557103512643,0.0574,0.396941338583,0.1252
chr2,60666509,-0.026013557100657902,0.0572,0.395869976359,0.1025
chr2,60666510,-0.026013557097752816,0.056,0.38863690241,0.0783
chr2,60666511,-0.02601355709480207,0.0538,0.376793062201,0.0656
chr2,60666512,-0.02601355709180822,0.052,0.368298387097,0.0628
chr2,60666513,-0.026013557088772333,0.0506,0.361002843217,0.0616
chr2,60666514,-0.026013557085694645,0.051,0.363266423358,0.0614
chr2,60666515,-0.02601355708257527,0.0498,0.357593648208,0.0609
chr2,60666516,-0.026013557079414898,0.0488,0.357006247397,0.0623
chr2,60666517,-0.02601355707621537,0.048,0.355147430497,0.0633
chr2,60666518,-0.026013557072980073,0.0476,0.353528118393,0.0633
chr2,60666519,-0.026013557069714196,0.0472,0.352794893617,0.066
chr2,60666520,-0.026013557066424626,0.0468,0.352203084833,0.0681
chr2,60666521,-0.026013557063119627,0.0474,0.35308778626,0.0694
chr2,60666522,-0.02601355705980831,0.047,0.352794893617,0.0731
chr2,60666523,-0.026013557056499874,0.0462,0.3513,0.0701
chr2,60666524,-0.02601355705320288,0.045,0.347592348285,0.075
chr2,60666525,-0.026013557049924706,0.0434,0.341541666667,0.0783
chr2,60666526,-0.026013557046671024,0.0408,0.326939781022,0.0783
chr2,60666527,-0.026013557043445778,0.04,0.32258953168,0.0813
chr2,60666528,-0.0007187560180405743,0.9858,0.992979527469,0.0852
chr2,60666529,-0.0007187560173129464,0.9836,0.991218244406,0.0874
chr2,60666530,-0.0007187560166500632,0.986,0.993067087156,0.0886
chr2,60666531,-0.000718756016045719,0.9836,0.991218244406,0.0895
chr2,60666532,-0.0007187560154941812,0.9798,0.989318636468,0.0878
chr2,60666533,-0.0007187560149900099,0.9814,0.990137334865,0.085
chr2,60666534,-0.0007187560145279686,0.9806,0.990012587654,0.0812
chr2,60666535,-0.000718756014103001,0.9824,0.990463551831,0.0757
chr2,60666536,-0.0007187560137102465,0.9812,0.990137334865,0.0721
chr2,60666537,-0.0007187560133450888,0.9822,0.990463551831,0.0692
chr2,60666538,-0.0007187560130032048,0.9842,0.99170909821,0.0682
chr2,60666539,-0.0007187560126806185,0.9848,0.992142930886,0.0681
chr2,60666540,-0.000718756012373743,0.984,0.991564454133,0.0702
chr2,60666541,-0.0007187560120793987,0.9826,0.990551480716,0.0739
chr2,60666542,-0.000718756011794805,0.9806,0.990012587654,0.0828
chr2,60666543,-0.0007187560115175449,0.9818,0.990427119228,0.0942
chr2,60666544,-0.0007187560112455007,0.9812,0.990137334865,0.1052
chr2,60666545,-0.0007187560109767815,0.9808,0.990137334865,0.1169
chr2,60666546,-0.0007187560107096299,0.9812,0.990137334865,0.129
chr2,60666547,-0.0007187560104423375,0.9798,0.989318636468,0.149
chr2,60666548,-0.0007187560101731776,0.982,0.990463551831,0.1498
chr2,60666549,-0.000718756009900369,0.981,0.990137334865,0.1871
chr2,60666550,-0.000718756009622086,0.9816,0.990282235368,0.2404
chr2,60666551,-0.0007187560093364973,0.9822,0.990463551831,0.3036
chr2,60666552,-0.0007187560090418664,0.9862,0.993211570437,0.3807
chr2,60666553,-0.0007187560087366987,0.987,0.993903284985,0.4258
chr2,60666554,-0.000718756008419895,0.9892,0.995034818463,0.4731
chr2,60666555,-0.0007187560080909341,0.989,0.994947594502,0.5856
chr2,60666556,-0.0007187560077500462,0.9886,0.994659124757,0.6238
chr2,60666557,-0.0007187560073983476,0.985,0.992230601594,0.6623
chr2,60666558,-0.0007187560070379238,0.9836,0.991218244406,0.6796
chr2,60666559,-0.0007187560066718484,0.985,0.992230601594,0.6836
chr2,60666560,-0.00071875600630413,0.9874,0.99422629619,0.6018
chr2,60666561,-0.000718756005939613,0.9906,0.995246182005,0.5129
chr2,60666562,-0.0007187560055838369,0.9922,0.995487119438,0.4396
chr2,60666563,-0.0007187560052429059,0.993,0.995834713103,0.3755
chr2,60666564,-0.0007187560049233798,0.9926,0.995604100046,0.3301
chr2,60666565,-0.0007187560046322008,0.992,0.995487119438,0.2758
chr2,60666566,-0.0007187560043766511,0.9906,0.995246182005,0.2376
chr2,60666567,-0.0007187560041643283,0.9906,0.995246182005,0.1967
chr2,60666568,-0.0007187560040031318,0.988,0.99422629619,0.1704
chr2,60666569,-0.0007187560039012825,0.9864,0.993356037152,0.1675
chr2,60666570,-0.0007187560038674135,0.9826,0.990551480716,0.1586
chr2,60666571,-0.0007187560039108125,0.978,0.987728265869,0.1517
chr2,60666572,-0.0007187560040418827,0.9796,0.989230424284,0.1482
chr2,60666573,-0.0007187560042729211,0.9786,0.988277410452,0.1477
chr2,60666574,-0.0007187560046192942,0.9754,0.985612437439,0.144
chr2,60666575,-0.000718756005101135,0.9742,0.984739770962,0.1386
chr2,60666576,-0.0007187560057458031,0.9754,0.985612437439,0.1309
chr2,60666577,-0.0007187560065914616,0.9756,0.985757823286,0.122
chr2,60666578,-0.0007187560076924942,0.9734,0.984384305372,0.1049
chr2,60666579,-0.0007187560091280573,0.9746,0.985087409368,0.089
chr2,60666580,-0.0007187560110162189,0.9748,0.985232867254,0.0844
chr2,60666581,-0.0007187560135385962,0.9766,0.986427774583,0.0755
chr2,60666582,-0.0007187560169859726,0.9752,0.985523732812,0.0598
chr2,60666583,-0.0007187560218492454,0.976,0.985935127674,0.0506
chr2,60666584,-0.0007187560290187045,0.976,0.985935127674,0.0447
chr2,60666585,-0.0007187560402785869,0.9758,0.985846485678,0.0421
chr2,60666586,-0.00071875605977133,0.9758,0.985846485678,0.0383
chr2,60666587,-0.0007187560997015918,0.975,0.9853783084,0.0364
chr2,60666588,-0.0007187562175465058,0.978,0.987728265869,0.0353
chr2,60666589,-0.0007187587173018907,0.9736,0.984392092541,0.0345
chr2,60666590,-0.008649898239357766,0.4604,0.81707571169,0.0343
chr2,60666591,-0.008649898386983228,0.4594,0.816514008294,0.0355
chr2,60666592,-0.008649898436390885,0.459,0.816273666093,0.0381
chr2,60666593,-0.00864989846121872,0.4604,0.81707571169,0.0397
chr2,60666594,-0.008649898476178381,0.4608,0.81707571169,0.0435
chr2,60666595,-0.008649898486186513,0.4606,0.81707571169,0.0473
chr2,60666596,-0.008649898493360019,0.4606,0.81707571169,0.052
chr2,60666597,-0.008649898498763128,0.4604,0.81707571169,0.057
chr2,60666598,-0.008649898502990494,0.46,0.816894146194,0.0617
chr2,60666599,-0.008649898506400973,0.461,0.817182864063,0.0703
chr2,60666600,-0.008649898509224273,0.4616,0.817503932244,0.0797
chr2,60666601,-0.008649898511614532,0.4648,0.818573361395,0.0804
chr2,60666602,-0.008649898513679404,0.467,0.820449589918,0.088
chr2,60666603,-0.008649898515496694,0.468,0.821138747378,0.0955
chr2,60666604,-0.008649898517124466,0.4672,0.820554744526,0.1015
chr2,60666605,-0.008649898518607493,0.4676,0.821093072078,0.1109
chr2,60666606,-0.008649898519981415,0.4652,0.818621169637,0.1217
chr2,60666607,-0.008649898521275602,0.4628,0.817815090543,0.1376
chr2,60666608,-0.008649898522515184,0.4624,0.817815090543,0.1523
chr2,60666609,-0.0086498985237225,0.4612,0.817372414489,0.1831
chr2,60666610,-0.008649898524918185,0.4602,0.81707571169,0.2153
chr2,60666611,-0.008649898526121913,0.4614,0.817396974281,0.2234
chr2,60666612,-0.008649898527352935,0.4622,0.817815090543,0.2071
chr2,60666613,-0.008649898528630328,0.4628,0.817815090543,0.2423
chr2,60666614,-0.008649898529973044,0.4622,0.817815090543,0.2683
chr2,60666615,-0.008649898531399655,0.461,0.817182864063,0.2071
chr2,60666616,-0.00864989853292774,0.4608,0.81707571169,0.1806
chr2,60666617,-0.008649898534572946,0.4604,0.81707571169,0.1585
chr2,60666618,-0.008649898536347813,0.4636,0.818405427136,0.1382
chr2,60666619,-0.008649898538260327,0.4652,0.818621169637,0.1215
chr2,60666620,-0.008649898540312543,0.4644,0.818573361395,0.1122
chr2,60666621,-0.008649898542499453,0.465,0.818573361395,0.1074
chr2,60666622,-0.008649898544808294,0.4654,0.818621169637,0.1113
chr2,60666623,-0.008649898547218383,0.468,0.821138747378,0.1187
chr2,60666624,-0.008649898549701315,0.4642,0.818573361395,0.1347
chr2,60666625,-0.008649898552221362,0.465,0.818573361395,0.1595
chr2,60666626,-0.00864989855473606,0.4646,0.818573361395,0.2133
chr2,60666627,-0.008649898557197177,0.4608,0.81707571169,0.2228
chr2,60666628,-0.008649898559552989,0.4632,0.818357272179,0.2328
chr2,60666629,-0.00864989856175201,0.4648,0.818573361395,0.263
chr2,60666630,-0.008649898563748263,0.4652,0.818621169637,0.2999
chr2,60666631,-0.008649898565506721,0.467,0.820449589918,0.3374
chr2,60666632,-0.008649898567007111,0.4654,0.818621169637,0.3539
chr2,60666633,-0.008649898568244633,0.4658,0.818914723251,0.3652
chr2,60666634,-0.00864989856922764,0.4648,0.818573361395,0.3539
chr2,60666635,-0.008649898569973478,0.463,0.818086208631,0.3319
chr2,60666636,-0.008649898570503974,0.4628,0.817815090543,0.2963
chr2,60666637,-0.008649898570841788,0.4626,0.817815090543,0.2559
chr2,60666638,-0.00864989857100797,0.4642,0.818573361395,0.2235
chr2,60666639,-0.008649898571020708,0.4656,0.818808970765,0.205
chr2,60666640,-0.00864989857089496,0.4638,0.818573361395,0.1762
chr2,60666641,-0.008649898570642784,0.4644,0.818573361395,0.1579
chr2,60666642,-0.008649898570274038,0.4646,0.818573361395,0.138
chr2,60666643,-0.00864989856979742,0.4624,0.817815090543,0.1198
chr2,60666644,-0.00864989856922167,0.4624,0.817815090543,0.1049
chr2,60666645,-0.008649898568556755,0.4616,0.817503932244,0.0935
chr2,60666646,-0.008649898567814823,0.4608,0.81707571169,0.0836
chr2,60666647,-0.008649898567010487,0.4596,0.816514008294,0.0818
chr2,60666648,-0.008649898566160405,0.4566,0.813075729927,0.0769
chr2,60666649,-0.008649898565282055,0.4542,0.810198334518,0.0746
chr2,60666650,-0.008649898564392139,0.4536,0.810088378708,0.0748
chr2,60666651,-0.008649898563505091,0.4524,0.80953606357,0.0817
chr2,60666652,-0.00864989856263214,0.4552,0.811322983257,0.0772
chr2,60666653,-0.008649898561780927,0.4546,0.810418045265,0.0809
chr2,60666654,-0.008649898560955788,0.4554,0.811432440657,0.0849
chr2,60666655,-0.00864989856015825,0.4548,0.810692307692,0.0921
chr2,60666656,-0.008649898559387687,0.4574,0.814087648191,0.0971
chr2,60666657,-0.008649898558641974,0.4564,0.812801987225,0.1047
chr2,60666658,-0.008649898557918026,0.4592,0.816514008294,0.1109
chr2,60666659,-0.008649898557212262,0.4606,0.81707571169,0.1199
chr2,60666660,-0.00864989855652098,0.4594,0.816514008294,0.1223
chr2,60666661,-0.008649898555840639,0.4596,0.816514008294,0.1232
chr2,60666662,-0.008649898555168118,0.4596,0.816514008294,0.1245
chr2,60666663,-0.00864989855450088,0.4596,0.816514008294,0.1375
chr2,60666664,-0.008649898553837167,0.4598,0.816704115684,0.144
chr2,60666665,-0.008649898553176076,0.4608,0.81707571169,0.1535
chr2,60666666,-0.00864989855251766,0.4608,0.81707571169,0.1434
chr2,60666667,-0.013142674919078381,0.2452,0.676967756585,0.1369
chr2,60666668,-0.013142678146778494,0.244,0.676967756585,0.1335
chr2,60666669,-0.01314267921809727,0.2456,0.676967756585,0.128
chr2,60666670,-0.013142679750703599,0.249,0.676967756585,0.1351
chr2,60666671,-0.013142680068517239,0.2504,0.676967756585,0.1434
chr2,60666672,-0.01314268027962582,0.2498,0.676967756585,0.1599
chr2,60666673,-0.013142680430434612,0.246,0.676967756585,0.1825
chr2,60666674,-0.013142680544209147,0.2462,0.676967756585,0.2189
chr2,60666675,-0.013142680633935096,0.2446,0.676967756585,0.3194
chr2,60666676,-0.013142680707472824,0.2454,0.676967756585,0.4819
chr2,60666677,-0.013142680769910674,0.2448,0.676967756585,0.628
chr2,60666678,-0.01314268082475204,0.244,0.676967756585,0.7361
chr2,60666679,-0.013142680874564655,0.2432,0.676967756585,0.7895
chr2,60666680,-0.013142680921367497,0.2426,0.676967756585,0.8112
chr2,60666681,-0.01314268096687504,0.2414,0.676967756585,0.633
chr2,60666682,-0.013142681012673116,0.241,0.676967756585,0.5759
chr2,60666683,-0.013142681060363134,0.2408,0.676967756585,0.4901
chr2,60666684,-0.013142681111702522,0.2432,0.676967756585,0.3782
chr2,60666685,-0.013142681168766027,0.2426,0.676967756585,0.3307
chr2,60666686,-0.013142681234155884,0.2418,0.676967756585,0.2272
chr2,60666687,-0.013142681311299372,0.2428,0.676967756585,0.1536
chr2,60666688,-0.013142681404893447,0.2426,0.676967756585,0.1219
chr2,60666689,-0.013142681521593954,0.2418,0.676967756585,0.1064
chr2,60666690,-0.013142681671126128,0.242,0.676967756585,0.085
chr2,60666691,-0.013142681868110045,0.2422,0.676967756585,0.0636
chr2,60666692,-0.013142682135192346,0.245,0.676967756585,0.055
chr2,60666693,-0.013142682508679242,0.2462,0.676967756585,0.0529
chr2,60666694,-0.013142683049480975,0.2446,0.676967756585,0.0485
chr2,60666695,-0.013142683866568852,0.246,0.676967756585,0.049
chr2,60666696,-0.013142685172315784,0.2454,0.676967756585,0.0491
chr2,60666697,-0.01314268743058538,0.2456,0.676967756585,0.0496
chr2,60666698,-0.013142691805463305,0.2456,0.676967756585,0.052
chr2,60666699,-0.01314270137870646,0.2458,0.676967756585,0.0549
chr2,60666700,-0.013142734213602219,0.2456,0.676967756585,0.0582
chr2,60666701,-0.01374686900341015,0.222,0.676967756585,0.0622
chr2,60666702,-0.013746869007779028,0.222,0.676967756585,0.0641
chr2,60666703,-0.013746869012401118,0.2224,0.676967756585,0.066
chr2,60666704,-0.013746869017309062,0.222,0.676967756585,0.0689
chr2,60666705,-0.013746869022534403,0.2222,0.676967756585,0.0669
chr2,60666706,-0.013746869028105107,0.2224,0.676967756585,0.0624
chr2,60666707,-0.013746869034042387,0.2224,0.676967756585,0.0566
chr2,60666708,-0.013746869040357887,0.2224,0.676967756585,0.0517
chr2,60666709,-0.01374686904705096,0.2216,0.676967756585,0.0471
chr2,60666710,-0.013746869054107378,0.222,0.676967756585,0.0428
chr2,60666711,-0.013746869061499727,0.2218,0.676967756585,0.0372
chr2,60666712,-0.013746869069190058,0.2214,0.676967756585,0.0341
chr2,60666713,-0.013746869077133888,0.2204,0.676967756585,0.0313
chr2,60666714,-0.013746869085285083,0.2202,0.676967756585,0.0306
chr2,60666715,-0.013746869093600041,0.2196,0.676967756585,0.0301
chr2,60666716,-0.013746869102041372,0.2202,0.676967756585,0.029
chr2,60666717,-0.013746869110580288,0.2186,0.676967756585,0.0286
chr2,60666718,-0.01374686911919698,0.2204,0.676967756585,0.029
chr2,60666719,-0.013746869127882706,0.2204,0.676967756585,0.0302
chr2,60666720,-0.013746869136640087,0.2206,0.676967756585,0.0313
chr2,60666721,-0.013746869145484475,0.2202,0.676967756585,0.0338
chr2,60666722,-0.013746869154446343,0.2206,0.676967756585,0.0377
chr2,60666723,-0.013746869163575336,0.2204,0.676967756585,0.044
chr2,60666724,-0.013746869172946822,0.2196,0.676967756585,0.0527
chr2,60666725,-0.013746869182672495,0.2186,0.676967756585,0.0658
chr2,60666726,-0.013746869192918036,0.2184,0.676967756585,0.0839
chr2,60666727,-0.013746869203934,0.2192,0.676967756585,0.0948
chr2,60666728,-0.013746869216113294,0.2202,0.676967756585,0.1264
chr2,60666729,-0.013746869230107032,0.219,0.676967756585,0.1637
chr2,60666730,-0.013746869247083243,0.2192,0.676967756585,0.2494
chr2,60666731,-0.013746869269394259,0.2204,0.676967756585,0.3923
chr2,60666732,-0.01374686930267527,0.2198,0.676967756585,0.6027
chr2,60666733,-0.013746869364547417,0.22,0.676967756585,0.5688
chr2,60666734,-0.013746869520382616,0.2204,0.676967756585,0.529
chr2,60666735,-0.015456583841216507,0.1696,0.641439490446,0.5813
chr2,60666736,-0.015456584644963385,0.17,0.641439490446,0.7265
chr2,60666737,-0.015456584726340561,0.1704,0.641439490446,0.7412
chr2,60666738,-0.01545658475358735,0.172,0.641439490446,0.7366
chr2,60666739,-0.015456584766991716,0.1712,0.641439490446,0.6722
chr2,60666740,-0.01545658477446115,0.1708,0.641439490446,0.6065
chr2,60666741,-0.015456584778764049,0.1702,0.641439490446,0.5032
chr2,60666742,-0.015456584781143333,0.17,0.641439490446,0.3781
chr2,60666743,-0.015456584782244534,0.1694,0.641439490446,0.2954
chr2,60666744,-0.01545658478243983,0.1704,0.641439490446,0.2365
chr2,60666745,-0.015456584781962799,0.1682,0.641439490446,0.1833
chr2,60666746,-0.015456584780971087,0.1686,0.641439490446,0.1419
chr2,60666747,-0.015456584779577962,0.1702,0.641439490446,0.1063
chr2,60666748,-0.01545658477786903,0.171,0.641439490446,0.0823
chr2,60666749,-0.015456584775911502,0.1716,0.641439490446,0.0637
chr2,60666750,-0.015456584773759465,0.1718,0.641439490446,0.0517
chr2,60666751,-0.015456584771456958,0.1718,0.641439490446,0.0407
chr2,60666752,-0.01545658476903987,0.1714,0.641439490446,0.037
chr2,60666753,-0.015456584766537173,0.1714,0.641439490446,0.0331
chr2,60666754,-0.015456584763971866,0.1712,0.641439490446,0.0302
chr2,60666755,-0.01545658476136183,0.1714,0.641439490446,0.0288
chr2,60666756,-0.015456584758720587,0.1712,0.641439490446,0.0272
chr2,60666757,-0.015456584756058074,0.1712,0.641439490446,0.0268
chr2,60666758,-0.015456584753381334,0.1708,0.641439490446,0.0263
chr2,60666759,-0.015456584750695133,0.1708,0.641439490446,0.0259
chr2,60666760,-0.01545658474800245,0.1714,0.641439490446,0.0256
chr2,60666761,-0.015456584745304876,0.1736,0.641735818145,0.0256
chr2,60666762,-0.015456584742602844,0.1722,0.641640432754,0.0256
chr2,60666763,-0.015456584739895739,0.1712,0.641439490446,0.0261
chr2,60666764,-0.015456584737181865,0.1712,0.641439490446,0.0262
chr2,60666765,-0.015456584734458321,0.171,0.641439490446,0.0275
chr2,60666766,-0.015456584731720747,0.1708,0.641439490446,0.0286
chr2,60666767,-0.015456584728963076,0.1706,0.641439490446,0.0316
chr2,60666768,-0.015456584726177175,0.1698,0.641439490446,0.0341
chr2,60666769,-0.015456584723352566,0.17,0.641439490446,0.036
chr2,60666770,-0.015456584720476072,0.1694,0.641439490446,0.0404
chr2,60666771,-0.015456584717531684,0.1702,0.641439490446,0.0453
chr2,60666772,-0.015456584714500511,0.1706,0.641439490446,0.0519
chr2,60666773,-0.015456584711360868,0.1708,0.641439490446,0.0629
chr2,60666774,-0.01545658470808856,0.1704,0.641439490446,0.0764
chr2,60666775,-0.015456584704657337,0.1696,0.641439490446,0.0941
chr2,60666776,-0.015456584701039467,0.1698,0.641439490446,0.1157
chr2,60666777,-0.015456584697206491,0.169,0.641439490446,0.1383
chr2,60666778,-0.01545658469313001,0.169,0.641439490446,0.1698
chr2,60666779,-0.01545658468878254,0.169,0.641439490446,0.2035
chr2,60666780,-0.022655233564629524,0.0488,0.357006247397,0.2385
chr2,60666781,-0.02265523364206032,0.0478,0.353816687737,0.2364
chr2,60666782,-0.022655233663644025,0.049,0.357427325581,0.2448
chr2,60666783,-0.022655233673239072,0.0496,0.357593648208,0.2918
chr2,60666784,-0.022655233678475568,0.0496,0.357593648208,0.4064
chr2,60666785,-0.02265523368168199,0.0488,0.357006247397,0.4331
chr2,60666786,-0.02265523368378968,0.049,0.357427325581,0.4457
chr2,60666787,-0.022655233685236045,0.0496,0.357593648208,0.4403
chr2,60666788,-0.022655233686248732,0.0474,0.35308778626,0.4144
chr2,60666789,-0.022655233686954095,0.0478,0.353816687737,0.4702
chr2,60666790,-0.02265523368742448,0.049,0.357427325581,0.5217
chr2,60666791,-0.022655233687700928,0.05,0.357593648208,0.4242
chr2,60666792,-0.0226552336878052,0.0508,0.361988640974,0.3262
chr2,60666793,-0.02265523368774677,0.0508,0.361988640974,0.2673
chr2,60666794,-0.02265523368752785,0.0494,0.357593648208,0.2321
chr2,60666795,-0.022655233687148058,0.0476,0.353528118393,0.1965
chr2,60666796,-0.022655233686609547,0.0472,0.352794893617,0.1732
chr2,60666797,-0.022655233685922403,0.0462,0.3513,0.1531
chr2,60666798,-0.02265523368510878,0.046,0.350234070221,0.1383
chr2,60666799,-0.022655233684203323,0.046,0.350234070221,0.1178
chr2,60666800,-0.022655233683248448,0.0444,0.345235059761,0.1051
chr2,60666801,-0.022655233682286283,0.0452,0.348384010485,0.103
chr2,60666802,-0.02265523368135124,0.0444,0.345235059761,0.1031
chr2,60666803,-0.022655233680466184,0.0434,0.341541666667,0.107
chr2,60666804,-0.022655233679642773,0.0438,0.343611880304,0.113
chr2,60666805,-0.02265523367888396,0.0442,0.344442324756,0.1197
chr2,60666806,-0.022655233678187222,0.045,0.347592348285,0.1269
chr2,60666807,-0.02265523367754731,0.0454,0.348384010485,0.141
chr2,60666808,-0.02265523367695831,0.0454,0.348384010485,0.1563
chr2,60666809,-0.022655233676415042,0.0448,0.346962962963,0.1768
chr2,60666810,-0.022655233675914026,0.046,0.350234070221,0.1978
chr2,60666811,-0.022655233675454002,0.0466,0.351752900731,0.1951
chr2,60666812,-0.022655233675036027,0.0476,0.353528118393,0.2165
chr2,60666813,-0.022655233674663336,0.0468,0.352203084833,0.2356
chr2,60666814,-0.02265523367434074,0.0464,0.351752900731,0.2251
chr2,60666815,-0.02265523367407401,0.0472,0.352794893617,0.2314
chr2,60666816,-0.022655233673869023,0.0476,0.353528118393,0.2344
chr2,60666817,-0.022655233673731224,0.0472,0.352794893617,0.2342
chr2,60666818,-0.02265523367366508,0.0474,0.35308778626,0.2234
chr2,60666819,-0.02265523367367385,0.0476,0.353528118393,0.209
chr2,60666820,-0.022655233673759212,0.0478,0.353816687737,0.1728
chr2,60666821,-0.02265523367392068,0.0476,0.353528118393,0.1426
chr2,60666822,-0.022655233674154635,0.0466,0.351752900731,0.1286
chr2,60666823,-0.022655233674452786,0.0466,0.351752900731,0.1172
chr2,60666824,-0.02265523367480062,0.0482,0.356027333894,0.1083
chr2,60666825,-0.02265523367517655,0.0478,0.353816687737,0.093
chr2,60666826,-0.02265523367555278,0.0486,0.357006247397,0.0903
chr2,60666827,-0.022655233675898247,0.0468,0.352203084833,0.0886
chr2,60666828,-0.02265523367618263,0.0452,0.348384010485,0.0857
chr2,60666829,-0.022655233676379533,0.0442,0.344442324756,0.0887
chr2,60666830,-0.022655233676467185,0.0444,0.345235059761,0.1013
chr2,60666831,-0.02265523367642643,0.043,0.339611061151,0.1029
chr2,60666832,-0.022655233676236657,0.0432,0.340884097035,0.101
chr2,60666833,-0.02265523367587013,0.0436,0.342501788909,0.1005
chr2,60666834,-0.022655233675284027,0.044,0.343951935915,0.0975
chr2,60666835,-0.022655233674407686,0.0434,0.341541666667,0.094
chr2,60666836,-0.02265523367311845,0.0428,0.338640540541,0.099
chr2,60666837,-0.022655233671189507,0.0426,0.337666516245,0.1006
chr2,60666838,-0.022655233668159445,0.0422,0.335859990938,0.0926
chr2,60666839,-0.022655233662938545,0.0426,0.337666516245,0.0905
chr2,60666840,-0.02265523365222022,0.0434,0.341541666667,0.0911
chr2,60666841,-0.022655233619215488,0.0436,0.342501788909,0.0941
chr2,60666842,-0.01941929125477994,0.08,0.447658489965,0.1113
chr2,60666843,-0.019419291259495933,0.0768,0.436991253644,0.1316
chr2,60666844,-0.019419291264257538,0.0754,0.434100686499,0.1297
chr2,60666845,-0.018761701738033536,0.0848,0.461434944238,0.1387
chr2,60666846,-0.018761701733253266,0.0846,0.46091780397,0.1534
chr2,60666847,-0.018761701730461964,0.0842,0.460309056956,0.153
chr2,60666848,-0.018761701728687064,0.084,0.459931421446,0.1487
chr2,60666849,-0.01876170172751011,0.084,0.459931421446,0.1418
chr2,60666850,-0.018761701726724485,0.0842,0.460309056956,0.1413
chr2,60666851,-0.018761701726219666,0.0844,0.460399378882,0.138
chr2,60666852,-0.018761701725934634,0.083,0.457450580483,0.134
chr2,60666853,-0.018761701725836865,0.0836,0.459459949937,0.123
chr2,60666854,-0.018761701725912,0.0824,0.456003780718,0.1158
chr2,60666855,-0.018761701726158597,0.083,0.457450580483,0.1111
chr2,60666856,-0.018761701726585422,0.0834,0.459078972109,0.1057
chr2,60666857,-0.01876170172721008,0.0836,0.459459949937,0.1041
chr2,60666858,-0.018761701728058456,0.0846,0.46091780397,0.1022
chr2,60666859,-0.0187617017291644,0.0828,0.457065367693,0.1048
chr2,60666860,-0.018761701730569194,0.0838,0.459839737582,0.1087
chr2,60666861,-0.018761701732319655,0.0828,0.457065367693,0.1153
chr2,60666862,-0.018761701734463405,0.0836,0.459459949937,0.1262
chr2,60666863,-0.01876170173703849,0.0848,0.461434944238,0.143
chr2,60666864,-0.018761701740055054,0.0844,0.460399378882,0.1561
chr2,60666865,-0.01876170174347036,0.0854,0.463407784986,0.1693
chr2,60666866,-0.01876170174716882,0.0864,0.467390206344,0.1764
chr2,60666867,-0.0187617017509676,0.0878,0.473360036832,0.2031
chr2,60666868,-0.018761701754659358,0.0888,0.476848670131,0.2105
chr2,60666869,-0.018761701758071608,0.088,0.474001839926,0.2355
chr2,60666870,-0.018761701761104213,0.0884,0.47542743417,0.2383
chr2,60666871,-0.01876170176372937,0.0878,0.473360036832,0.2249
chr2,60666872,-0.018761701765968173,0.0876,0.472571867322,0.2483
chr2,60666873,-0.018761701767865548,0.0856,0.464206236493,0.2199
chr2,60666874,-0.0187617017694727,0.0854,0.463407784986,0.1909
chr2,60666875,-0.018761701770838198,0.0844,0.460399378882,0.1632
chr2,60666876,-0.018761701772004293,0.0844,0.460399378882,0.1455
chr2,60666877,-0.018761701773006137,0.0838,0.459839737582,0.1315
chr2,60666878,-0.01876170177387249,0.084,0.459931421446,0.1134
chr2,60666879,-0.018761701774626643,0.0836,0.459459949937,0.1024
chr2,60666880,-0.01876170177528745,0.0844,0.460399378882,0.0907
chr2,60666881,-0.018761701775870252,0.0846,0.46091780397,0.0846
chr2,60666882,-0.018761701776387574,0.0842,0.460309056956,0.0792
chr2,60666883,-0.01876170177684975,0.0828,0.457065367693,0.075
chr2,60666884,-0.01876170177726538,0.0816,0.453290322581,0.0794
chr2,60666885,-0.018761701777641675,0.0796,0.446700958466,0.0897
chr2,60666886,-0.0187617017779847,0.0784,0.442511568123,0.0998
chr2,60666887,-0.018761701778299444,0.078,0.44167311412,0.1114
chr2,60666888,-0.018761701778589827,0.0808,0.450556190476,0.1304
chr2,60666889,-0.01876170177885853,0.0792,0.445309859155,0.1499
chr2,60666890,-0.018761701779106753,0.0784,0.442511568123,0.1668
chr2,60666891,-0.018761701779333978,0.0776,0.440259689922,0.2004
chr2,60666892,-0.018761701779537728,0.076,0.43455078125,0.2614
chr2,60666893,-0.018761701779713525,0.0768,0.436991253644,0.2982
chr2,60666894,-0.018761701779855075,0.0766,0.436418747973,0.3284
chr2,60666895,-0.01876170177995461,0.0774,0.439550921435,0.4056
chr2,60666896,-0.01876170178000338,0.0786,0.442928777671,0.4804
chr2,60666897,-0.01876170177999213,0.079,0.444612303749,0.5682
chr2,60666898,-0.018761701779911412,0.0788,0.44391340603,0.6416
chr2,60666899,-0.018761701779751585,0.079,0.444612303749,0.6728
chr2,60666900,-0.018761701779502718,0.0804,0.449610315186,0.681
chr2,60666901,-0.018761701779154295,0.0812,0.451639645345,0.6497
chr2,60666902,-0.018761701778695006,0.082,0.454649621212,0.5794
chr2,60666903,-0.018761701778112764,0.0824,0.456003780718,0.4608
chr2,60666904,-0.01876170177739504,0.084,0.459931421446,0.3568
chr2,60666905,-0.0187617017765296,0.0842,0.460309056956,0.2757
chr2,60666906,-0.018761701775505752,0.0848,0.461434944238,0.2265
chr2,60666907,-0.018761701774315694,0.086,0.465943861814,0.1838
chr2,60666908,-0.018761701772955913,0.0886,0.476065769348,0.147
chr2,60666909,-0.01876170177142803,0.0896,0.479678146906,0.1197
chr2,60666910,-0.01876170176973873,0.0908,0.482758985201,0.0981
chr2,60666911,-0.018761701767898493,0.0898,0.480309683313,0.0857
chr2,60666912,-0.018761701765919434,0.0912,0.482944829665,0.0749
chr2,60666913,-0.01876170176381242,0.0922,0.48531405454,0.0684
chr2,60666914,-0.01876170176158424,0.0942,0.489678307191,0.0681
chr2,60666915,-0.018761701759234983,0.0984,0.502873048005,0.0681
chr2,60666916,-0.01876170175675586,0.101,0.509057388809,0.0719
chr2,60666917,-0.018761701754127166,0.1022,0.513191252144,0.0786
chr2,60666918,-0.018761701751315803,0.103,0.516028237307,0.0843
chr2,60666919,-0.01876170174827199,0.103,0.516028237307,0.091
chr2,60666920,-0.018761701744923944,0.1038,0.519295642267,0.0968
chr2,60666921,-0.01876170174116873,0.106,0.524328358209,0.101
chr2,60666922,-0.018761701736856592,0.1068,0.527098061253,0.1034
chr2,60666923,-0.018761701731763586,0.1072,0.528181767181,0.1106
chr2,60666924,-0.018761701725538833,0.1082,0.531468959732,0.1147
chr2,60666925,-0.018761701717599725,0.1086,0.532243024554,0.1064
chr2,60666926,-0.018761701706892443,0.1088,0.532480356645,0.0977
chr2,60666927,-0.018761701691288563,0.1092,0.532744940394,0.0882
chr2,60666928,-0.018761701665718597,0.1094,0.532744940394,0.0871
chr2,60666929,-0.01876170161433906,0.1094,0.532744940394,0.0777
chr2,60666930,-0.018761701450711488,0.1106,0.534881332599,0.07
chr2,60666931,-0.008155795629607058,0.5074,0.861608758701,0.0648
chr2,60666932,-0.008155795645631127,0.5106,0.864035549133,0.0609
chr2,60666933,-0.008155795660694186,0.5146,0.866879159873,0.0622
chr2,60666934,-0.008155795674921452,0.5226,0.875736405266,0.0649
chr2,60666935,-0.00815579568841274,0.5274,0.879584219521,0.07
chr2,60666936,-0.008155795701255438,0.5312,0.8823997354,0.0835
chr2,60666937,-0.008155795713534888,0.5324,0.883060056657,0.0998
chr2,60666938,-0.008155795725341315,0.5322,0.882811691378,0.1232
chr2,60666939,-0.008155795736772671,0.5332,0.883636003397,0.2038
chr2,60666940,-0.008155795747933242,0.5366,0.886343708858,0.3168
chr2,60666941,-0.008155795758928054,0.5388,0.888306926976,0.4424
chr2,60666942,-0.008155795769853756,0.5406,0.890355274262,0.5554
chr2,60666943,-0.008155795780786916,0.5428,0.892221785514,0.6373
chr2,60666944,-0.008155795791771349,0.5464,0.893206464018,0.6937
chr2,60666945,-0.008155795802806719,0.5492,0.893206464018,0.7093
chr2,60666946,-0.008155795813841342,0.5516,0.893206464018,0.7146
chr2,60666947,-0.008155795824772204,0.5554,0.893206464018,0.685
chr2,60666948,-0.008155795835454206,0.5608,0.897402573175,0.6383
chr2,60666949,-0.008155795845718135,0.562,0.897402573175,0.5635
chr2,60666950,-0.008155795855393564,0.5622,0.897402573175,0.4803
chr2,60666951,-0.008155795864331104,0.562,0.897402573175,0.3777
chr2,60666952,-0.008155795872418797,0.5626,0.897402573175,0.3119
chr2,60666953,-0.008155795879589868,0.5628,0.897402573175,0.2642
chr2,60666954,-0.008155795885822511,0.5628,0.897402573175,0.2166
chr2,60666955,-0.008155795891134233,0.5628,0.897402573175,0.1797
chr2,60667009,-0.003480700440876942,0.9208,0.965256898471,0.4811
chr2,60667010,-0.0034807004395180194,0.9208,0.965256898471,0.5489
chr2,60667011,-0.0034807004380672307,0.9208,0.965256898471,0.6055
chr2,60667012,-0.0034807004365550835,0.9208,0.965256898471,0.6455
chr2,60667013,-0.0034807004350162632,0.9208,0.965256898471,0.6658
chr2,60667014,-0.0034807004334872662,0.9208,0.965256898471,0.6695
chr2,60667015,-0.003480700432003863,0.9208,0.965256898471,0.6549
chr2,60667016,-0.003480700430598661,0.9208,0.965256898471,0.6205
chr2,60667068,-0.005920935750703494,0.7782,0.897402573175,0.1992
chr2,60667069,-0.005920935743515338,0.7782,0.897402573175,0.1949
chr2,60667070,-0.005920935735508151,0.7782,0.897402573175,0.1819
chr2,60667071,-0.005920935726727105,0.7782,0.897402573175,0.1636
chr2,60667072,-0.005920935717235085,0.7782,0.897402573175,0.1415
chr2,60667073,-0.005920935707107865,0.7782,0.897402573175,0.1202
chr2,60667074,-0.005920935696428709,0.7782,0.897402573175,0.0997
chr2,60667075,-0.005920935685282975,0.7782,0.897402573175,0.0819
chr2,60667076,-0.005920935673753302,0.7782,0.897402573175,0.0691
chr2,60667077,-0.00592093566191574,0.7782,0.897402573175,0.0595
chr2,60667078,-0.005920935649837015,0.7782,0.897402573175,0.0523
chr2,60667079,-0.005920935637572994,0.7782,0.897402573175,0.0472
chr2,60667080,-0.0059209356251681555,0.7784,0.897402573175,0.046
chr2,60667081,-0.005920935612655921,0.7752,0.897402573175,0.0473
chr2,60667082,-0.005920935600059556,0.771,0.897402573175,0.0544
chr2,60667083,-0.005920935587393416,0.7704,0.897402573175,0.0616
chr2,60667084,-0.005920935574664317,0.7712,0.897402573175,0.0733
chr2,60667085,-0.005920935561872903,0.7688,0.897402573175,0.0882
chr2,60667086,-0.005920935549014877,0.768,0.897402573175,0.1098
chr2,60667087,-0.005920935536082024,0.7688,0.897402573175,0.1379
chr2,60667088,-0.0059209355230630005,0.769,0.897402573175,0.1692
chr2,60667089,-0.005920935509943822,0.7692,0.897402573175,0.1312
chr2,60667090,-0.0059209354967081,0.7688,0.897402573175,0.1504
chr2,60667091,-0.00592093548333706,0.7682,0.897402573175,0.168
chr2,60667092,-0.005920935469809488,0.7674,0.897402573175,0.1816
chr2,60667093,-0.005920935456101899,0.7674,0.897402573175,0.1933
chr2,60667094,-0.005920935442189481,0.7666,0.897402573175,0.2016
chr2,60667095,-0.005920935428048419,0.7656,0.897402573175,0.2091
chr2,60667096,-0.005920935413660682,0.7648,0.897402573175,0.2119
chr2,60667097,-0.005920935399021747,0.7666,0.897402573175,0.2165
chr2,60667098,-0.00592093538414995,0.7662,0.897402573175,0.2199
chr2,60667099,-0.0059209353690934325,0.7648,0.897402573175,0.2195
chr2,60667100,-0.00592093535392865,0.7656,0.897402573175,0.2148
chr2,60667101,-0.005920935338747428,0.7666,0.897402573175,0.2083
chr2,60667102,-0.005920935323637278,0.767,0.897402573175,0.2032
chr2,60667103,-0.00592093530866486,0.7666,0.897402573175,0.1919
chr2,60667104,-0.005920935293869254,0.7668,0.897402573175,0.1791
chr2,60667105,-0.00592093527926442,0.766,0.897402573175,0.1596
chr2,60667106,-0.005920935264846048,0.7648,0.897402573175,0.1383
chr2,60667107,0.031467658895827644,0.0672,0.408856252165,0.1171
chr2,60667108,0.03146765889568983,0.0672,0.408856252165,0.0984
chr2,60667109,0.03146765889557524,0.0668,0.40797705146,0.0805
chr2,60667110,0.03146765889548087,0.0664,0.40797705146,0.0673
chr2,60667111,0.03146765889540356,0.0668,0.40797705146,0.0566
chr2,60667112,0.03146765889534017,0.0666,0.40797705146,0.0471
chr2,60667113,0.031467658895287805,0.0666,0.40797705146,0.0414
chr2,60667114,0.03146765889524391,0.0666,0.40797705146,0.0364
chr2,60667115,0.03146765889520634,0.066,0.40797705146,0.0322
chr2,60667116,0.031467658895173355,0.0658,0.40797705146,0.0293
chr2,60667117,0.03146765889514359,0.066,0.40797705146,0.028
chr2,60667118,0.03146765889511601,0.066,0.40797705146,0.0268
chr2,60667119,0.03146765889508988,0.0658,0.40797705146,0.0261
chr2,60667120,0.03146765889506466,0.0664,0.40797705146,0.026
chr2,60667121,0.03146765889503996,0.0664,0.40797705146,0.0258
chr2,60667122,0.0314676588950155,0.0648,0.40683410302,0.0256
chr2,60667123,0.03146765889499104,0.065,0.40683410302,0.0257
chr2,60667124,0.03146765889496637,0.0646,0.406556431387,0.0258
chr2,60667125,0.03146765889494121,0.0634,0.405980498375,0.0264
chr2,60667126,0.031467658894915235,0.0638,0.405980498375,0.0269
chr2,60667127,0.03146765889488799,0.0638,0.405980498375,0.0282
chr2,60667128,0.03146765889485887,0.0638,0.405980498375,0.0305
chr2,60667129,0.03146765889482707,0.0638,0.405980498375,0.0326
chr2,60667130,0.031467658894791556,0.0634,0.405980498375,0.0367
chr2,60667131,0.03146765889475103,0.063,0.405980498375,0.0419
chr2,60667132,0.03146765889470396,0.063,0.405980498375,0.0457
chr2,60667133,0.03146765889464855,0.0628,0.405980498375,0.0468
chr2,60667134,0.03146765889458285,0.0622,0.405980498375,0.054
chr2,60667135,0.03146765889450474,0.0624,0.405980498375,0.0613
chr2,60667136,0.031467658894412144,0.0622,0.405980498375,0.0686
chr2,60667137,0.03146765889430307,0.0622,0.405980498375,0.0749
chr2,60667138,0.03146765889417578,0.062,0.405980498375,0.0814
chr2,60667139,0.03146765889402888,0.0622,0.405980498375,0.0865
chr2,60667140,0.031467658893861515,0.062,0.405980498375,0.0876
chr2,60667141,0.03146765889367329,0.062,0.405980498375,0.0864
chr2,60667142,0.03146765889346446,0.062,0.405980498375,0.0814
chr2,60667143,0.031467658893235786,0.0624,0.405980498375,0.0747
chr2,60667144,0.03146765889298857,0.0626,0.405980498375,0.0821
chr2,60667145,0.031467658892724494,0.0634,0.405980498375,0.0716
chr2,60667146,0.03146765889244552,0.0638,0.405980498375,0.0614
chr2,60667147,0.03146765889215376,0.064,0.405980498375,0.0532
chr2,60667148,0.03146765889185133,0.0642,0.406075981275,0.0457
chr2,60667149,0.031467658891540254,0.064,0.405980498375,0.0414
chr2,60667150,0.031467658891222355,0.0636,0.405980498375,0.0371
chr2,60667151,0.03146765889089925,0.0636,0.405980498375,0.0344
chr2,60667152,0.031467658890572306,0.064,0.405980498375,0.0321
chr2,60667153,0.031467658890242584,0.0646,0.406556431387,0.0309
chr2,60667154,0.03146765888991097,0.0642,0.406075981275,0.0299
chr2,60667155,0.031467658889578136,0.0664,0.40797705146,0.0328
chr2,60667156,0.031467658889244625,0.0678,0.409950774527,0.0366
chr2,60667157,0.031467658888910864,0.07,0.417646059783,0.0405
chr2,60667158,0.03146765888857725,0.0692,0.414562755798,0.0481
chr2,60667159,0.03146765888824414,0.0688,0.413718589524,0.0575
chr2,60667160,0.031467658887911976,0.0686,0.413081590675,0.0736
chr2,60667161,0.0314676588875812,0.069,0.414495554036,0.0971
chr2,60667162,0.031467658887252364,0.0694,0.415335945486,0.1274
chr2,60667163,0.03146765888692611,0.0692,0.414562755798,0.1713
chr2,60667164,0.03146765888660313,0.0698,0.417303267529,0.225
chr2,60667165,0.03146765888628421,0.0702,0.417845814978,0.2871
chr2,60667166,0.03146765888597017,0.07,0.417646059783,0.3493
chr2,60667167,0.03146765888566178,0.07,0.417646059783,0.407
chr2,60667168,0.03146765888535983,0.0704,0.41875245513,0.4466
chr2,60667169,0.031467658885064975,0.0702,0.417845814978,0.4735
chr2,60667170,0.03146765888477776,0.07,0.417646059783,0.4832
chr2,60667171,0.03146765888449859,0.0708,0.420419878296,0.4695
chr2,60667172,0.03146765888422777,0.0714,0.422173212487,0.4427
chr2,60667173,0.03146765888396546,0.0712,0.421370619946,0.4081
chr2,60667174,0.03146765888371178,0.0724,0.424751503006,0.3629
chr2,60667175,0.031467658883466885,0.0732,0.427872878536,0.3193
chr2,60667176,0.03146765888323099,0.0732,0.427872878536,0.2813
chr2,60667177,0.031467658883004415,0.0736,0.429211155378,0.2492
chr2,60667178,0.03146765888278768,0.0746,0.432173153034,0.2253
chr2,60667179,0.03146765888258146,0.0756,0.434100686499,0.2036
chr2,60667180,0.03146765888238661,0.0756,0.434100686499,0.1927
chr2,60667181,0.0314676588822041,0.0756,0.434100686499,0.1854
chr2,60667182,0.031467658882034885,0.0756,0.434100686499,0.1808
chr2,60667183,0.0314676588818799,0.0756,0.434100686499,0.1739
chr2,60667184,0.03146765888173987,0.0756,0.434100686499,0.1649
chr2,60672931,0.020229967897309638,0.2346,0.676967756585,0.7697
chr2,60672932,0.020229967889597116,0.2346,0.676967756585,0.7811
chr2,60672933,0.020229967880879277,0.2346,0.676967756585,0.7697
chr2,60672934,0.02022996787118714,0.2346,0.676967756585,0.7365
chr2,60672935,0.02022996786057688,0.2346,0.676967756585,0.6776
chr2,60672936,0.020229967849125268,0.2346,0.676967756585,0.5963
chr2,60672937,0.020229967836923858,0.2346,0.676967756585,0.4972
chr2,60672938,0.020229967824072517,0.2346,0.676967756585,0.3857
chr2,60672939,0.020229967810673058,0.2346,0.676967756585,0.2848
chr2,60672940,0.020229967796823813,0.2346,0.676967756585,0.2025
chr2,60672941,0.020229967782615318,0.2346,0.676967756585,0.141
chr2,60672942,0.02022996776812751,0.2346,0.676967756585,0.0997
chr2,60672943,0.020229967753428297,0.2346,0.676967756585,0.0741
chr2,60672944,0.020229967738573305,0.2346,0.676967756585,0.0573
chr2,60672945,0.02022996772360657,0.2346,0.676967756585,0.0456
chr2,60672946,0.020229967708561808,0.2346,0.676967756585,0.0346
chr2,60672947,0.02022996769346402,0.2346,0.676967756585,0.0314
chr2,60672948,0.020229967678331164,0.2346,0.676967756585,0.0294
chr2,60672949,0.02022996766317573,0.235,0.676967756585,0.0278
chr2,60672950,0.020229967648006168,0.235,0.676967756585,0.0266
chr2,60672951,0.02022996763282799,0.2348,0.676967756585,0.0257
chr2,60672952,0.02022996761764471,0.2342,0.676967756585,0.0254
chr2,60672953,0.020229967602458487,0.2342,0.676967756585,0.0253
chr2,60672954,0.020229967587270612,0.2344,0.676967756585,0.0252
chr2,60672955,0.02022996757208183,0.2346,0.676967756585,0.0251
chr2,60672956,0.02022996755689258,0.2346,0.676967756585,0.0251
chr2,60672957,0.02022996754170313,0.2338,0.676967756585,0.0251
chr2,60672958,0.020229967526513664,0.2392,0.676967756585,0.0251
chr2,60672959,0.02022996751132433,0.2384,0.676967756585,0.0252
chr2,60672960,0.020229967496135298,0.2388,0.676967756585,0.0251
chr2,60672961,0.02022996748094681,0.2388,0.676967756585,0.0251
chr2,60672962,0.020229967465759308,0.2388,0.676967756585,0.0252
chr2,60672963,0.020229967450573507,0.2388,0.676967756585,0.0257
chr2,60672964,0.020229967435390586,0.2388,0.676967756585,0.0258
chr2,60672965,0.020229967420212387,0.2388,0.676967756585,0.0261
chr2,60672966,0.02022996740504172,0.239,0.676967756585,0.0265
chr2,60672967,0.02022996738988275,0.239,0.676967756585,0.0281
chr2,60672968,0.020229967374741423,0.239,0.676967756585,0.0287
chr2,60672969,0.020229967359626,0.239,0.676967756585,0.0304
chr2,60672970,0.02022996734454759,0.239,0.676967756585,0.0326
chr2,60672971,0.020229967329520638,0.239,0.676967756585,0.036
chr2,60672972,0.020229967314563353,0.2388,0.676967756585,0.0399
chr2,60672973,0.02022996729969797,0.239,0.676967756585,0.0443
chr2,60672974,0.020229967284950755,0.239,0.676967756585,0.0488
chr2,60672975,0.020229967270351798,0.2396,0.676967756585,0.054
chr2,60672976,0.020229967255934476,0.2394,0.676967756585,0.0627
chr2,60672977,0.020229967241734682,0.2392,0.676967756585,0.07
chr2,60672978,0.020229967227789903,0.2382,0.676967756585,0.076
chr2,60672979,0.020229967214138105,0.2386,0.676967756585,0.0815
chr2,60672980,0.02022996720081661,0.2388,0.676967756585,0.0852
chr2,60672981,0.02022996718786082,0.2398,0.676967756585,0.0877
chr2,60672982,0.02022996717530237,0.241,0.676967756585,0.0875
chr2,60672983,0.020229967163166437,0.2406,0.676967756585,0.1047
chr2,60672984,0.02022996715146671,0.241,0.676967756585,0.1338
chr2,60672985,0.02022996714019757,0.2404,0.676967756585,0.1941
chr2,60672986,0.020229967129323494,0.2406,0.676967756585,0.178
chr2,60672987,0.020229967118769763,0.2426,0.676967756585,0.1658
chr2,60672988,0.02022996710842277,0.2424,0.676967756585,0.1613
chr2,60672989,0.020229967098147724,0.2436,0.676967756585,0.1564
chr2,60672990,0.0202299670878198,0.2426,0.676967756585,0.1603
chr2,60672991,0.020229967077351637,0.2438,0.676967756585,0.1704
chr2,60672992,0.02022996706670303,0.2448,0.676967756585,0.1818
chr2,60672993,0.020229967055873713,0.2462,0.676967756585,0.2008
chr2,60672994,0.020229967044889465,0.2472,0.676967756585,0.2168
chr2,60672995,0.020229967033789518,0.249,0.676967756585,0.2358
chr2,60672996,0.020229967022618398,0.2494,0.676967756585,0.2513
chr2,60672997,0.020229967011421733,0.2504,0.676967756585,0.2609
chr2,60672998,0.020229967000244906,0.2506,0.676967756585,0.2637
chr2,60672999,0.020229966989133596,0.2504,0.676967756585,0.264
chr2,60673000,0.020229966978135085,0.252,0.676967756585,0.2622
chr2,60673001,0.020229966967299996,0.2524,0.676967756585,0.2528
chr2,60673002,0.020229966956683814,0.2536,0.676967756585,0.2485
chr2,60673003,0.02022996694634771,0.2566,0.678281264108,0.2444
chr2,60673004,0.020229966936358527,0.257,0.678929914273,0.2432
chr2,60673005,0.02022996692678752,0.2576,0.679390990991,0.2453
chr2,60673006,0.020229966917707874,0.2576,0.679390990991,0.2482
chr2,60673007,0.020229966909191224,0.2576,0.679390990991,0.2509
chr2,60673008,0.020229966901303274,0.2576,0.679390990991,0.2518
chr2,60673009,0.020229966894099352,0.2576,0.679390990991,0.2483
chr2,60673010,0.020229966887620094,0.2576,0.679390990991,0.238
chr2,60673077,-0.012919525664755032,0.3958,0.780623146393,0.132
chr2,60673078,-0.012919525643096945,0.3958,0.780623146393,0.1522
chr2,60673079,-0.01291952561624079,0.3958,0.780623146393,0.1773
chr2,60673080,-0.012919525582950274,0.3958,0.780623146393,0.1978
chr2,60673081,-0.012919525541691467,0.3958,0.780623146393,0.2182
chr2,60673082,-0.012919525490613603,0.3958,0.780623146393,0.257
chr2,60673083,-0.012919525427584204,0.3946,0.780623146393,0.2796
chr2,60673084,-0.012919525350327988,0.3938,0.780623146393,0.2849
chr2,60673085,-0.012919525256733027,0.392,0.780578255946,0.2621
chr2,60673086,-0.012919525145381668,0.389,0.779820246519,0.2338
chr2,60673087,-0.012919525016306084,0.3874,0.778924107143,0.2123
chr2,60673088,-0.012919524871831041,0.3866,0.778117222413,0.1915
chr2,60673089,-0.012919524717097433,0.3848,0.776630127542,0.169
chr2,60673090,-0.012919524559819852,0.3842,0.776268797425,0.1454
chr2,60673091,-0.0129195244088751,0.3832,0.775360903122,0.1263
chr2,60673092,-0.012919524272145301,0.3806,0.774902630365,0.1128
chr2,60673093,-0.01291952415469528,0.3796,0.774902630365,0.1038
chr2,60673094,-0.012919524058210669,0.3746,0.772736230182,0.1008
chr2,60673095,-0.012919523981676366,0.3696,0.76620134545,0.1063
chr2,60673096,-0.012919523922566432,0.367,0.762521291696,0.119
chr2,60673097,-0.012919523877881912,0.3608,0.753292761203,0.1352
chr2,60673098,-0.01291952384478702,0.3556,0.745715616046,0.1612
chr2,60673099,-0.012919523820892691,0.3506,0.736637440191,0.1947
chr2,60673100,-0.012919523804324191,0.3462,0.732033586132,0.2316
chr2,60673101,-0.01291952379368694,0.3434,0.730404695631,0.2769
chr2,60673102,-0.012919523787998374,0.3406,0.729145521024,0.3288
chr2,60673103,-0.012919523786617346,0.3406,0.729145521024,0.3053
chr2,60673104,-0.012919523789180818,0.3368,0.727656082071,0.3422
chr2,60673105,-0.01291952379554287,0.3364,0.727656082071,0.3766
chr2,60673106,-0.012919523805704589,0.3336,0.727656082071,0.4123
chr2,60673107,-0.01291952381971438,0.3306,0.725329627779,0.4401
chr2,60673108,-0.012919523837522639,0.3314,0.726449644328,0.4619
chr2,60673109,-0.012919523858799919,0.3308,0.725587162837,0.4856
chr2,60673110,-0.012919523882784273,0.3262,0.720343761779,0.4946
chr2,60673111,-0.012919523908274253,0.3224,0.719594104308,0.4935
chr2,60673112,-0.01291952393383793,0.3184,0.714356367352,0.4935
chr2,60673113,-0.012919523958149947,0.3158,0.71271065142,0.4844
chr2,60673114,-0.012919523980257393,0.3152,0.71199691358,0.4658
chr2,60673115,-0.012919523999657666,0.3148,0.711642471042,0.4347
chr2,60673116,-0.012919524016222912,0.3144,0.711642471042,0.3922
chr2,60673117,-0.012919524030070802,0.312,0.710698873203,0.291
chr2,60673118,-0.012919524041450857,0.3118,0.710698873203,0.2463
chr2,60673119,-0.012919524050667982,0.3108,0.710698873203,0.2036
chr2,60673120,-0.012919524058038347,0.3116,0.710698873203,0.1668
chr2,60673121,-0.012919524063866138,0.3112,0.710698873203,0.1337
chr2,60673122,-0.012919524068431804,0.3106,0.710698873203,0.1043
chr2,60673123,-0.012919524071986153,0.308,0.710698873203,0.0754
chr2,60673124,-0.012919524074747486,0.3068,0.710698873203,0.0647
chr2,60673125,-0.012919524076900805,0.306,0.710698873203,0.0529
chr2,60673126,-0.012919524078598638,0.3062,0.710698873203,0.0457
chr2,60673127,-0.012919524079963225,0.3056,0.710698873203,0.0403
chr2,60673128,-0.01291952408108977,0.306,0.710698873203,0.0357
chr2,60673129,-0.012919524082050325,0.3062,0.710698873203,0.0328
chr2,60673130,-0.012919524082897914,0.3066,0.710698873203,0.0293
chr2,60673131,-0.012919524083670551,0.3066,0.710698873203,0.0275
chr2,60673132,-0.01291952408439509,0.3064,0.710698873203,0.027
chr2,60673133,-0.012919524085090088,0.3062,0.710698873203,0.0262
chr2,60673134,-0.01291952408576849,0.3068,0.710698873203,0.0255
chr2,60673135,-0.012919524086439833,0.306,0.710698873203,0.0253
chr2,60673136,-0.01291952408711215,0.3042,0.709880829016,0.0253
chr2,60673137,-0.012919524087793672,0.3018,0.708232064128,0.0254
chr2,60673138,-0.012919524088494526,0.296,0.703836469473,0.0261
chr2,60673139,-0.012919524089228442,0.293,0.701164168937,0.0262
chr2,60673140,-0.01291952409001521,0.2918,0.700200409836,0.0268
chr2,60673141,-0.012919524090882133,0.291,0.700200409836,0.0277
chr2,60673142,-0.012919524091866905,0.291,0.700200409836,0.0291
chr2,60673143,-0.012919524093020008,0.2908,0.700200409836,0.0314
chr2,60673144,-0.012919524094407182,0.2908,0.700200409836,0.0337
chr2,60673145,-0.012919524096111022,0.291,0.700200409836,0.0373
chr2,60673146,-0.012919524098232153,0.291,0.700200409836,0.041
chr2,60673147,-0.012919524100889358,0.291,0.700200409836,0.0456
chr2,60673148,-0.012919524104218594,0.291,0.700200409836,0.0511
chr2,60673149,-0.012919524108370935,0.2908,0.700200409836,0.057
chr2,60673150,-0.01291952411350963,0.2908,0.700200409836,0.063
chr2,60673151,-0.012919524119806739,0.2906,0.700200409836,0.0695
chr2,60673152,-0.012919524127439607,0.2902,0.700200409836,0.0679
chr2,60673153,-0.012919524136587677,0.29,0.700200409836,0.0708
chr2,60673154,-0.012919524147429992,0.2908,0.700200409836,0.0725
chr2,60673155,-0.012919524160143813,0.2912,0.700200409836,0.0732
chr2,60673156,-0.012919524174905071,0.2924,0.700778550962,0.073
chr2,60673157,-0.012919524191891947,0.2914,0.700200409836,0.0738
chr2,60673158,-0.012919524211290856,0.2912,0.700200409836,0.0726
chr2,60673159,-0.012919524233309741,0.291,0.700200409836,0.0723
chr2,60673160,-0.012919524258196823,0.2904,0.700200409836,0.0728
chr2,60673161,-0.012919524286267373,0.29,0.700200409836,0.0764
chr2,60673162,-0.012919524317939423,0.2884,0.697953430697,0.0775
chr2,60673163,-0.012919524353780187,0.2874,0.697358889349,0.0834
chr2,60673164,-0.01291952439456705,0.2824,0.694991670137,0.0917
chr2,60673165,-0.01291952444137042,0.2822,0.694991670137,0.1155
chr2,60673166,-0.012919524495671984,0.2816,0.694991670137,0.1302
chr2,60673167,-0.012919524559542263,0.2802,0.694991670137,0.148
chr2,60673168,-0.012919524635919681,0.2796,0.694991670137,0.1658
chr2,60673169,-0.012919524729069544,0.281,0.694991670137,0.1606
chr2,60673170,-0.012919524845376113,0.2834,0.694991670137,0.2076
chr2,60673171,-0.012919524994790503,0.2844,0.694991670137,0.231
chr2,60673172,-0.012919525193672966,0.2836,0.694991670137,0.2112
chr2,60673173,-0.012919525470889813,0.2804,0.694991670137,0.2085
chr2,60673174,-0.012919525882386991,0.2784,0.694991670137,0.2464
chr2,60673175,-0.012919526550924019,0.2776,0.694991670137,0.2831
chr2,60673176,-0.01291952779617744,0.2776,0.694991670137,0.3087
chr2,60673177,-0.01291953077556527,0.2732,0.694991670137,0.3262
chr2,60673178,-0.012919546918365523,0.2736,0.694991670137,0.3341
chr2,60673179,-0.01762654476779296,0.1342,0.582461823573,0.3284
chr2,60673180,-0.01762654476818213,0.133,0.581150074294,0.3082
chr2,60673181,-0.01762654476857585,0.1312,0.575988002999,0.2749
chr2,60673182,-0.01762654476897328,0.131,0.575685514136,0.224
chr2,60673183,-0.017626544769373732,0.1304,0.574486079759,0.1696
chr2,60673184,-0.017626544769776705,0.1292,0.572646479939,0.1298
chr2,60673185,-0.017626544770181825,0.1288,0.57188372093,0.1115
chr2,60673186,-0.017626544770588844,0.1284,0.571262917933,0.0951
chr2,60673187,-0.017626544770997604,0.129,0.572337711543,0.0813
chr2,60673188,-0.01762654477140794,0.1296,0.573117824773,0.0672
chr2,60673189,-0.01762654477181967,0.1306,0.574934586466,0.0586
chr2,60673190,-0.01762654477223254,0.131,0.575685514136,0.0508
chr2,60673191,-0.017626544772646163,0.1322,0.579220004989,0.0455
chr2,60673192,-0.017626544773060027,0.1318,0.578044194757,0.0437
chr2,60673193,-0.017626544773473442,0.1304,0.574486079759,0.0409
chr2,60673194,-0.017626544773885477,0.1254,0.562331120756,0.0422
chr2,60673195,-0.01762654477429493,0.124,0.560056569812,0.0475
chr2,60673196,-0.01762654477470023,0.1208,0.553818418314,0.0529
chr2,60673197,-0.01762654477509939,0.1206,0.553669367486,0.0578
chr2,60673198,-0.01762654477548995,0.1208,0.553818418314,0.0707
chr2,60673199,-0.017626544775868915,0.1206,0.553669367486,0.0868
chr2,60673200,-0.017626544776232753,0.1196,0.551963741461,0.1035
chr2,60673201,-0.01762654477657739,0.119,0.551076983918,0.126
chr2,60673202,-0.017626544776898265,0.1192,0.55142164867,0.1432
chr2,60673203,-0.0176265447771904,0.1182,0.549836599576,0.168
chr2,60673204,-0.017626544777448492,0.1184,0.550038614123,0.1874
chr2,60673205,-0.017626544777667064,0.1194,0.551910789474,0.2061
chr2,60673206,-0.01762654477784055,0.1184,0.550038614123,0.2375
chr2,60673207,-0.01762654477796331,0.119,0.551076983918,0.2329
chr2,60673208,-0.017626544778029614,0.117,0.549199625869,0.2236
chr2,60673209,-0.01762654477803341,0.117,0.549199625869,0.2211
chr2,60673210,-0.017626544777967764,0.1168,0.549199625869,0.2172
chr2,60673211,-0.017626544777824046,0.117,0.549199625869,0.2157
chr2,60673212,-0.017626544777590347,0.1172,0.549519553073,0.1973
chr2,60673213,-0.017626544777248808,0.116,0.549199625869,0.1872
chr2,60673214,-0.017626544776770697,0.1126,0.53920910578,0.1942
chr2,60673215,-0.017626544776106617,0.1114,0.536240339819,0.2111
chr2,60673216,-0.017626544775164957,0.1104,0.534355469826,0.2276
chr2,60673217,-0.017626544773758333,0.111,0.53534184514,0.2531
chr2,60673218,-0.01762654477144248,0.111,0.53534184514,0.2803
chr2,60673219,-0.01762654476686333,0.1108,0.535259075908,0.3007
chr2,60673220,-0.01762654475269135,0.11,0.533743093923,0.3864
chr2,60673221,-0.014344930662043365,0.197,0.67138242142,0.4232
chr2,60673222,-0.006519329284284945,0.5826,0.897402573175,0.4863
chr2,60673223,-0.00651932926913109,0.581,0.897402573175,0.5435
chr2,60673224,-0.006519329263965319,0.5832,0.897402573175,0.5466
chr2,60673225,-0.006519329261213759,0.582,0.897402573175,0.5025
chr2,60673226,-0.006519329259460594,0.5818,0.897402573175,0.4311
chr2,60673227,-0.006519329258228795,0.5832,0.897402573175,0.3602
chr2,60673228,-0.006519329257309035,0.5834,0.897402573175,0.2801
chr2,60673229,-0.006519329256593455,0.5826,0.897402573175,0.2261
chr2,60673230,-0.006519329256019742,0.5832,0.897402573175,0.1868
chr2,60673231,-0.006519329255548668,0.585,0.897402573175,0.1495
chr2,60673232,-0.006519329255153925,0.586,0.897402573175,0.1182
chr2,60673233,-0.006519329254817166,0.5886,0.897402573175,0.1066
chr2,60673234,-0.006519329254525414,0.5908,0.897402573175,0.0982
chr2,60673235,-0.006519329254269666,0.5892,0.897402573175,0.0817
chr2,60673236,-0.006519329254044061,0.5896,0.897402573175,0.075
chr2,60673237,-0.006519329253845323,0.5924,0.897402573175,0.0719
chr2,60673238,-0.006519329253672324,0.5934,0.897402573175,0.0757
chr2,60673239,-0.006519329253525676,0.5914,0.897402573175,0.0829
chr2,60673240,-0.006519329253407319,0.5884,0.897402573175,0.0924
chr2,60673241,-0.006519329253320091,0.5882,0.897402573175,0.1052
chr2,60673242,-0.006519329253267279,0.5886,0.897402573175,0.1112
chr2,60673243,-0.006519329253252167,0.5902,0.897402573175,0.1213
chr2,60673244,-0.0065193292532776765,0.5912,0.897402573175,0.1301
chr2,60673245,-0.006519329253346038,0.5884,0.897402573175,0.1401
chr2,60673246,-0.0065193292534586,0.5886,0.897402573175,0.1426
chr2,60673247,-0.006519329253615755,0.5892,0.897402573175,0.1426
chr2,60673248,-0.006519329253816942,0.59,0.897402573175,0.1368
chr2,60673249,-0.006519329254060782,0.5916,0.897402573175,0.1315
chr2,60673250,-0.006519329254345262,0.5924,0.897402573175,0.1232
chr2,60673251,-0.00651932925466797,0.5908,0.897402573175,0.1145
chr2,60673252,-0.006519329255026333,0.5948,0.897402573175,0.108
chr2,60673253,-0.006519329255417838,0.5976,0.897402573175,0.1011
chr2,60673254,-0.006519329255840204,0.6016,0.897402573175,0.0987
chr2,60673255,-0.006519329256291526,0.5984,0.897402573175,0.1084
chr2,60673256,-0.006519329256770349,0.6026,0.897402573175,0.109
chr2,60673257,-0.006519329257275694,0.6044,0.897402573175,0.1116
chr2,60673258,-0.006519329257806989,0.608,0.897402573175,0.1264
chr2,60673259,-0.006519329258363966,0.6114,0.897402573175,0.1458
chr2,60673260,-0.0065193292589464085,0.6152,0.897402573175,0.1505
chr2,60673261,-0.006519329259553796,0.6172,0.897402573175,0.1505
chr2,60673262,-0.006519329260184802,0.6174,0.897402573175,0.1473
chr2,60673263,-0.006519329260836638,0.6172,0.897402573175,0.1451
chr2,60673264,-0.006519329261504354,0.6182,0.897402573175,0.1398
chr2,60673265,-0.006519329262180333,0.622,0.897402573175,0.1294
chr2,60673266,-0.006519329262854295,0.6218,0.897402573175,0.1159
chr2,60673267,-0.006519329263514047,0.621,0.897402573175,0.1194
chr2,60673268,-0.006519329264146953,0.62,0.897402573175,0.1088
chr2,60673269,-0.006519329264741529,0.6212,0.897402573175,0.0987
chr2,60673270,-0.006519329265288536,0.6204,0.897402573175,0.0892
chr2,60673271,-0.006519329265781178,0.6234,0.897402573175,0.0831
chr2,60673272,-0.006519329266214483,0.6238,0.897402573175,0.0844
chr2,60673273,-0.006519329266584292,0.6242,0.897402573175,0.0805
chr2,60673274,-0.006519329266886175,0.6282,0.897402573175,0.0787
chr2,60673275,-0.00651932926711446,0.6318,0.897402573175,0.083
chr2,60673276,-0.006519329267261549,0.6354,0.897402573175,0.0915
chr2,60673277,-0.006519329267317595,0.639,0.897402573175,0.0941
chr2,60673278,-0.006519329267271038,0.6422,0.897402573175,0.1143
chr2,60673279,-0.006519329267110706,0.6454,0.897402573175,0.145
chr2,60673280,-0.006519329266830497,0.6468,0.897402573175,0.1723
chr2,60673281,-0.006519329266436687,0.6502,0.897402573175,0.1922
chr2,60673282,-0.006519329265954661,0.6556,0.897402573175,0.2243
chr2,60673283,-0.006519329265428355,0.6598,0.897402573175,0.3382
chr2,60673284,-0.006519329264908384,0.6632,0.897402573175,0.4722
chr2,60673285,-0.006519329264435888,0.6628,0.897402573175,0.5906
chr2,60673286,-0.006519329264033566,0.6652,0.897402573175,0.6847
chr2,60673287,-0.006519329263707016,0.6672,0.897402573175,0.745
chr2,60673288,-0.006519329263451075,0.6674,0.897402573175,0.7653
chr2,60673289,-0.00651932926325576,0.6672,0.897402573175,0.7555
chr2,60673290,-0.006519329263110031,0.667,0.897402573175,0.7093
chr2,60673291,-0.006519329263003606,0.6672,0.897402573175,0.6361
chr2,60673292,-0.006519329262927658,0.6672,0.897402573175,0.5128
chr2,60673293,-0.006519329262874909,0.6672,0.897402573175,0.3667
chr2,60690453,0.014417596482258068,0.284,0.694991670137,0.1108
chr2,60690454,0.01441759648300314,0.284,0.694991670137,0.108
chr2,60690455,0.01441759648383182,0.284,0.694991670137,0.1016
chr2,60690456,0.014417596484739276,0.284,0.694991670137,0.0917
chr2,60690457,0.014417596485718925,0.284,0.694991670137,0.0806
chr2,60690458,0.014417596486762935,0.284,0.694991670137,0.0699
chr2,60690459,0.014417596487862797,0.284,0.694991670137,0.0601
chr2,60690460,0.014417596489009882,0.284,0.694991670137,0.0515
chr2,60690461,0.014417596490195984,0.284,0.694991670137,0.0443
chr2,60690462,0.014417596491413715,0.284,0.694991670137,0.0399
chr2,60690463,0.014417596492656861,0.284,0.694991670137,0.0374
chr2,60690464,0.014417596493920607,0.284,0.694991670137,0.0357
chr2,60690465,0.014417596495201683,0.284,0.694991670137,0.0348
chr2,60690466,0.014417596496498444,0.2832,0.694991670137,0.0357
chr2,60690467,0.014417596497810941,0.2784,0.694991670137,0.0376
chr2,60690468,0.01441759649914095,0.2714,0.694513548951,0.0404
chr2,60690469,0.014417596500491969,0.2656,0.687889118254,0.0439
chr2,60690470,0.014417596501869205,0.2628,0.685285332542,0.052
chr2,60690471,0.014417596503279515,0.2622,0.6844320107,0.0669
chr2,60690472,0.014417596504731268,0.2618,0.683997768853,0.0721
chr2,60690473,0.014417596506234127,0.263,0.685603294746,0.0929
chr2,60690474,0.014417596507798745,0.263,0.685603294746,0.1228
chr2,60690475,0.014417596509436347,0.2622,0.6844320107,0.1286
chr2,60690476,0.014417596511158265,0.2616,0.683882125316,0.166
chr2,60690477,0.014417596512975491,0.2602,0.682354882054,0.2157
chr2,60690478,0.014417596514898282,0.2582,0.679850547144,0.2638
chr2,60690479,0.014417596516935936,0.2546,0.676967756585,0.3151
chr2,60690480,0.014417596519096978,0.253,0.676967756585,0.3601
chr2,60690481,0.014417596521389768,0.2522,0.676967756585,0.4073
chr2,60690482,0.014417596523823979,0.2508,0.676967756585,0.4395
chr2,60690483,0.014417596526413222,0.248,0.676967756585,0.4573
chr2,60690484,0.014417596529179452,0.2454,0.676967756585,0.4597
chr2,60690485,0.014417596532160274,0.2426,0.676967756585,0.4548
chr2,60690486,0.014417596535421063,0.24,0.676967756585,0.437
chr2,60690487,0.01441759653907591,0.2394,0.676967756585,0.3948
chr2,60690488,0.014417596543325988,0.2378,0.676967756585,0.3512
chr2,60690489,0.014417596548534799,0.2354,0.676967756585,0.3094
chr2,60690490,0.014417596555386391,0.2342,0.676967756585,0.2602
chr2,60690491,0.01441759656523837,0.231,0.676967756585,0.2108
chr2,60690492,0.014417596580962313,0.2284,0.676967756585,0.172
chr2,60690493,0.014417596609465398,0.2266,0.676967756585,0.1349
chr2,60690494,0.014417596676264069,0.2262,0.676967756585,0.1065
chr2,60690495,0.014417596953781885,0.2258,0.676967756585,0.0856
chr2,60690496,0.014554517729065335,0.2216,0.676967756585,0.0694
chr2,60690497,0.014554518217410358,0.2212,0.676967756585,0.058
chr2,60690498,0.014554518543094383,0.221,0.676967756585,0.0488
chr2,60690499,0.014554518688513922,0.2212,0.676967756585,0.0417
chr2,60690500,0.01455451877319663,0.221,0.676967756585,0.0369
chr2,60690501,0.014554518832961657,0.2198,0.676967756585,0.033
chr2,60690502,0.014554518880016323,0.2196,0.676967756585,0.0308
chr2,60690503,0.014554518919258715,0.218,0.676967756585,0.0292
chr2,60690504,0.014554518952816302,0.2178,0.676967756585,0.0277
chr2,60690505,0.0145545189815905,0.2168,0.676967756585,0.0288
chr2,60690506,0.014554519005957545,0.2162,0.676967756585,0.0286
chr2,60690507,0.014554519026146344,0.2122,0.676967756585,0.0301
chr2,60690508,0.014554519042457057,0.2096,0.676967756585,0.0324
chr2,60690509,0.014554519055334681,0.2082,0.676967756585,0.036
chr2,60690510,0.014554519065334904,0.2084,0.676967756585,0.0419
chr2,60690511,0.01455451907304342,0.2076,0.676967756585,0.0494
chr2,60690512,0.01455451907899593,0.2066,0.676967756585,0.0584
chr2,60690513,0.014554519083634313,0.206,0.676967756585,0.0714
chr2,60690514,0.01455451908729841,0.2052,0.676967756585,0.0911
chr2,60690515,0.014554519090238572,0.205,0.676967756585,0.12
chr2,60690516,0.014554519092635106,0.2042,0.676967756585,0.1552
chr2,60690517,0.014554519094616742,0.2034,0.676395494131,0.2027
chr2,60690518,0.01455451909627533,0.2018,0.675165142857,0.257
chr2,60690519,0.014554519097676865,0.2004,0.673431413813,0.3175
chr2,60690520,0.014554519098869336,0.1992,0.672444337996,0.3679
chr2,60690521,0.014554519099888271,0.1986,0.672444337996,0.4056
chr2,60690522,0.014554519100760674,0.1966,0.670279309006,0.3577
chr2,60690523,0.014554519101507749,0.1954,0.667483663944,0.3673
chr2,60690524,0.014554519102146765,0.1958,0.668200310861,0.2993
chr2,60690525,0.014554519102692365,0.1932,0.663322517592,0.285
chr2,60690526,0.01455451910315735,0.1916,0.661449292453,0.2605
chr2,60690527,0.01455451910355318,0.1916,0.661449292453,0.2236
chr2,60690528,0.014554519103890263,0.191,0.660546367395,0.1608
chr2,60690529,0.01455451910417805,0.1914,0.661408813693,0.1182
chr2,60690530,0.014554519104425066,0.1916,0.661449292453,0.1074
chr2,60690531,0.014554519104638937,0.1918,0.66187956778,0.0863
chr2,60690532,0.014554519104826313,0.1926,0.663322517592,0.071
chr2,60690533,0.014554519104992924,0.193,0.663322517592,0.0585
chr2,60690534,0.014554519105143562,0.1922,0.66234902884,0.0496
chr2,60690535,0.014554519105282155,0.1922,0.66234902884,0.0449
chr2,60690536,0.014554519105411824,0.1932,0.663322517592,0.0413
chr2,60690537,0.014554519105534968,0.193,0.663322517592,0.0369
chr2,60690538,0.014554519105653358,0.1928,0.663322517592,0.0336
chr2,60690539,0.014554519105768193,0.1922,0.66234902884,0.0309
chr2,60690540,0.014554519105880176,0.193,0.663322517592,0.0294
chr2,60690541,0.014554519105989526,0.1932,0.663322517592,0.0282
chr2,60690542,0.014554519106095985,0.1932,0.663322517592,0.0279
chr2,60690543,0.014554519106198783,0.186,0.653026184289,0.0291
chr2,60690544,0.01455451910629657,0.1828,0.648925222312,0.0304
chr2,60690545,0.014554519106387347,0.1798,0.64256093591,0.0306
chr2,60690546,0.014554519106468381,0.1788,0.641991414554,0.0328
chr2,60690547,0.014554519106536152,0.1788,0.641991414554,0.0356
chr2,60690548,0.014554519106586334,0.1784,0.641735818145,0.0372
chr2,60690549,0.014554519106613829,0.1782,0.641735818145,0.0418
chr2,60690550,0.014554519106612866,0.1782,0.641735818145,0.0462
chr2,60690551,0.014554519106577124,0.178,0.641735818145,0.0517
chr2,60690552,0.014554519106499757,0.1786,0.641929404543,0.0587
chr2,60690553,0.014554519106373395,0.1782,0.641735818145,0.0656
chr2,60690554,0.014554519106189951,0.1782,0.641735818145,0.0718
chr2,60690555,0.014554519105940179,0.1782,0.641735818145,0.0785
chr2,60690556,0.014554519105612998,0.1778,0.641735818145,0.0836
chr2,60690557,0.01455451910519443,0.1776,0.641735818145,0.0866
chr2,60690558,0.014554519104666036,0.1778,0.641735818145,0.0874
chr2,60690559,0.014554519104002728,0.1784,0.641735818145,0.0866
chr2,60690560,0.014554519103169725,0.1782,0.641735818145,0.0855
chr2,60690561,0.014554519102118699,0.1774,0.641735818145,0.0834
chr2,60690562,0.014554519100784294,0.1774,0.641735818145,0.0833
chr2,60690563,0.014554519099085233,0.1772,0.641735818145,0.085
chr2,60690564,0.01455451909694245,0.1788,0.641991414554,0.0894
chr2,60690565,0.014554519094336377,0.1784,0.641735818145,0.0967
chr2,60690566,0.014554519091415105,0.1754,0.641735818145,0.1131
chr2,60690567,0.01455451908853592,0.1742,0.641735818145,0.1339
chr2,60690568,0.014554519086030173,0.1738,0.641735818145,0.1706
chr2,60690569,0.014554519084013706,0.1714,0.641439490446,0.2178
chr2,60690570,0.014554519082449698,0.171,0.641439490446,0.2772
chr2,60690571,0.014554519081249395,0.1714,0.641439490446,0.3484
chr2,60690572,0.014554519080327113,0.1716,0.641439490446,0.5127
chr2,60690573,0.014554519079616609,0.1714,0.641439490446,0.5873
chr2,60690574,0.01455451907907084,0.172,0.641439490446,0.6535
chr2,60690575,0.014554519078657603,0.1702,0.641439490446,0.8128
chr2,60690576,0.014554519078355269,0.172,0.641439490446,0.8308
chr2,60690577,0.014554519078149572,0.1724,0.641735818145,0.8362
chr2,60690578,0.014554519078031247,0.1742,0.641735818145,0.9205
chr2,60690579,0.014554519077994345,0.1746,0.641735818145,0.9007
chr2,60690580,0.014554519078034855,0.1734,0.641735818145,0.8644
chr2,60690581,0.014554519078149537,0.1728,0.641735818145,0.8098
chr2,60690582,0.014554519078334886,0.172,0.641439490446,0.723
chr2,60690583,0.014554519078586304,0.1718,0.641439490446,0.6122
chr2,60690584,0.014554519078897734,0.1718,0.641439490446,0.4861
chr2,60690585,0.014554519079261828,0.1712,0.641439490446,0.2801
chr2,60690586,0.014554519079670682,0.1716,0.641439490446,0.2099
chr2,60690587,0.014554519080116932,0.1714,0.641439490446,0.1566
chr2,60690588,0.014554519080594828,0.1716,0.641439490446,0.1275
chr2,60690589,0.014554519081100996,0.1718,0.641439490446,0.1056
chr2,60690590,0.0145545190816349,0.1698,0.641439490446,0.0899
chr2,60690591,0.014554519082198946,0.172,0.641439490446,0.0835
chr2,60690592,0.014554519082798445,0.171,0.641439490446,0.0824
chr2,60690593,0.01455451908344158,0.17,0.641439490446,0.0833
chr2,60690594,0.014554519084139421,0.1682,0.641439490446,0.0854
chr2,60690595,0.014554519084906176,0.1668,0.641439490446,0.0945
chr2,60690596,0.014554519085759684,0.1684,0.641439490446,0.0855
chr2,60690597,0.014554519086722268,0.1682,0.641439490446,0.0928
chr2,60690598,0.014554519087822139,0.1676,0.641439490446,0.0969
chr2,60690599,0.014554519089095493,0.167,0.641439490446,0.0981
chr2,60690600,0.014554519090589708,0.1672,0.641439490446,0.0937
chr2,60690601,0.014554519092368039,0.167,0.641439490446,0.0887
chr2,60690602,0.014554519094516548,0.1666,0.641439490446,0.0816
chr2,60690603,0.014554519097155138,0.1668,0.641439490446,0.0735
chr2,60690604,0.014554519100453838,0.1668,0.641439490446,0.0642
chr2,60690605,0.014554519104658565,0.1658,0.641439490446,0.05
chr2,60690606,0.014554519110132206,0.1656,0.641439490446,0.0447
chr2,60690607,0.014554519117423939,0.1654,0.641439490446,0.0388
chr2,60690608,0.014554519127386508,0.1654,0.641439490446,0.0357
chr2,60690609,0.014554519141396896,0.1654,0.641439490446,0.034
chr2,60690610,0.014554519161812642,0.1654,0.641439490446,0.0296
chr2,60690611,0.014554519193010644,0.1654,0.641439490446,0.0281
chr2,60690612,0.01455451924372981,0.1656,0.641439490446,0.0271
chr2,60690613,0.014554519332335534,0.1652,0.641439490446,0.0263
chr2,60690614,0.014554519499533885,0.1652,0.641439490446,0.0259
chr2,60690615,0.014554519861806017,0.1654,0.641439490446,0.0256
chr2,60690616,0.014554521043918578,0.1662,0.641439490446,0.0255
chr2,60690617,0.017008269323860965,0.115,0.547567091353,0.0254
chr2,60690618,0.017008269322351457,0.1164,0.549199625869,0.0255
chr2,60690619,0.017008269320850606,0.1174,0.549519553073,0.0258
chr2,60690620,0.017008269319364815,0.117,0.549199625869,0.0259
chr2,60690621,0.017008269317903557,0.116,0.549199625869,0.0262
chr2,60690622,0.017008269316480668,0.1166,0.549199625869,0.0269
chr2,60690623,0.017008269315115898,0.1162,0.549199625869,0.0275
chr2,60690624,0.017008269313836723,0.1164,0.549199625869,0.0287
chr2,60690625,0.017008269312680242,0.1164,0.549199625869,0.032
chr2,60690626,0.017008269311695186,0.1164,0.549199625869,0.0353
chr2,60690627,0.017008269310943736,0.1166,0.549199625869,0.0402
chr2,60690628,0.017008269310503206,0.117,0.549199625869,0.0463
chr2,60690629,0.017008269310467446,0.1168,0.549199625869,0.0531
chr2,60690630,0.017008269310947923,0.1168,0.549199625869,0.061
chr2,60690631,0.017008269312074876,0.1172,0.549519553073,0.0811
chr2,60690632,0.017008269313998924,0.1168,0.549199625869,0.1149
chr2,60690633,0.01700826931689351,0.1168,0.549199625869,0.1369
chr2,60690634,0.01700826932095955,0.1164,0.549199625869,0.1578
chr2,60690635,0.017008269326433206,0.1156,0.549199625869,0.1784
chr2,60690636,0.017008269333598194,0.1156,0.549199625869,0.1935
chr2,60690637,0.017008269342802914,0.1152,0.548222162016,0.2036
chr2,60690638,0.017008269354484802,0.1156,0.549199625869,0.2098
chr2,60690639,0.01700826936919671,0.1158,0.549199625869,0.2195
chr2,60690640,0.017008269387633414,0.1162,0.549199625869,0.2245
chr2,60690641,0.017008269410643498,0.1166,0.549199625869,0.2331
chr2,60690642,0.017008269439214633,0.117,0.549199625869,0.2429
chr2,60690643,0.017008269474436066,0.118,0.549836599576,0.2495
chr2,60690644,0.01700826951749682,0.1188,0.550876979937,0.2575
chr2,60690645,0.01700826956985769,0.1196,0.551963741461,0.271
chr2,60690646,0.017008269633784445,0.118,0.549836599576,0.2868
chr2,60690647,0.01700826971349437,0.117,0.549199625869,0.3029
chr2,60690648,0.017008269817568155,0.119,0.551076983918,0.3213
chr2,60690649,0.017008269964943583,0.12,0.552793076318,0.3458
chr2,60690650,0.0170082702229281,0.1216,0.554492211838,0.3742
chr2,60690651,0.025522455093668326,0.0326,0.283474752475,0.5663
chr2,60690652,0.03549708587169545,0.0038,0.0713108974359,0.6124
chr2,60690653,0.03549708634811602,0.0046,0.0758676056338,0.6646
chr2,60690654,0.0354970864780249,0.0046,0.0758676056338,0.7193
chr2,60690655,0.035497086538138954,0.0044,0.0758676056338,0.7643
chr2,60690656,0.035497086570714494,0.0046,0.0758676056338,0.8043
chr2,60690657,0.03549708659094187,0.0044,0.0758676056338,0.839
chr2,60690658,0.035497086604934454,0.0044,0.0758676056338,0.8612
chr2,60690659,0.03549708661543947,0.0044,0.0758676056338,0.8741
chr2,60690660,0.03549708662384159,0.0044,0.0758676056338,0.8733
chr2,60690661,0.03549708663090202,0.0044,0.0758676056338,0.7132
chr2,60690662,0.03549708663706213,0.0042,0.0752785714286,0.5389
chr2,60690663,0.035497086642581645,0.0044,0.0758676056338,0.4874
chr2,60690664,0.03549708664760787,0.0048,0.0775639374425,0.4232
chr2,60690665,0.035497086652212975,0.0048,0.0775639374425,0.3531
chr2,60690666,0.03549708665641546,0.0048,0.0775639374425,0.2864
chr2,60690667,0.03549708666019396,0.0048,0.0775639374425,0.222
chr2,60690668,0.03549708666349804,0.0046,0.0758676056338,0.1696
chr2,60690669,0.03549708666625902,0.0046,0.0758676056338,0.1268
chr2,60690670,0.03549708666840301,0.0046,0.0758676056338,0.093
chr2,60690671,0.03549708666986674,0.0046,0.0758676056338,0.0692
chr2,60690672,0.0354970866706143,0.0046,0.0758676056338,0.0541
chr2,60690673,0.03549708667065019,0.0046,0.0758676056338,0.045
chr2,60690674,0.0354970866700236,0.0046,0.0758676056338,0.0377
chr2,60690675,0.035497086668821044,0.0046,0.0758676056338,0.0336
chr2,60690676,0.035497086667150395,0.0046,0.0758676056338,0.0307
chr2,60690677,0.03549708666512263,0.0046,0.0758676056338,0.0288
chr2,60690678,0.03549708666283756,0.0046,0.0758676056338,0.0274
chr2,60690679,0.035497086660376265,0.0046,0.0758676056338,0.0268
chr2,60690680,0.035497086657799555,0.0046,0.0758676056338,0.0262
chr2,60690681,0.0354970866551502,0.0046,0.0758676056338,0.0256
chr2,60690682,0.035497086652456704,0.0046,0.0758676056338,0.0253
chr2,60690683,0.0354970866497371,0.0046,0.0758676056338,0.0252
chr2,60690684,0.03549708664700263,0.0046,0.0758676056338,0.0252
chr2,60690685,0.035497086644259955,0.0046,0.0758676056338,0.0251
chr2,60690686,0.03549708664151286,0.0046,0.0758676056338,0.0251
chr2,60690687,0.03549708663876347,0.0046,0.0758676056338,0.0251
chr2,60690688,0.03549708663601325,0.0044,0.0758676056338,0.0251
chr2,60690689,0.03549708663326273,0.0054,0.0811385799829,0.0251
chr2,60690690,0.03549708663051249,0.0056,0.0823129707113,0.0253
chr2,60690691,0.035497086627762756,0.0056,0.0823129707113,0.0253
chr2,60690692,0.03549708662501398,0.0056,0.0823129707113,0.0256
chr2,60690693,0.03549708662226691,0.0056,0.0823129707113,0.0259
chr2,60690694,0.035497086619522784,0.0056,0.0823129707113,0.0264
chr2,60690695,0.035497086616783635,0.0054,0.0811385799829,0.0264
chr2,60690696,0.035497086614052625,0.0054,0.0811385799829,0.0271
chr2,60690697,0.03549708661133454,0.0054,0.0811385799829,0.0282
chr2,60690698,0.03549708660863639,0.0054,0.0811385799829,0.0296
chr2,60690699,0.035497086605968,0.0054,0.0811385799829,0.033
chr2,60690700,0.03549708660334267,0.0054,0.0811385799829,0.036
chr2,60690701,0.0354970866007775,0.0054,0.0811385799829,0.0419
chr2,60690702,0.03549708659829348,0.0054,0.0811385799829,0.0513
chr2,60690703,0.0354970865959148,0.0054,0.0811385799829,0.0659
chr2,60690704,0.035497086593667536,0.0054,0.0811385799829,0.0879
chr2,60690705,0.035497086591577666,0.0054,0.0811385799829,0.1181
chr2,60690706,0.03549708658966809,0.0052,0.0804031690141,0.1582
chr2,60690707,0.035497086587955896,0.0052,0.0804031690141,0.208
chr2,60690708,0.03549708658645016,0.005,0.0786962365591,0.3634
chr2,60690709,0.035497086585150724,0.0052,0.0804031690141,0.4436
chr2,60690710,0.035497086584048404,0.0052,0.0804031690141,0.5094
chr2,60690711,0.03549708658312662,0.0054,0.0811385799829,0.5643
chr2,60690712,0.035497086582364085,0.0054,0.0811385799829,0.5936
chr2,60690713,0.03549708658173792,0.0054,0.0811385799829,0.7935
chr2,60690714,0.035497086581226855,0.0054,0.0811385799829,0.7773
chr2,60690715,0.035497086580814005,0.0054,0.0811385799829,0.9342
chr2,60690716,0.03549708658048895,0.0054,0.0811385799829,0.9041
chr2,60690717,0.035497086580249075,0.0056,0.0823129707113,0.6057
chr2,60690718,0.03549708658010015,0.0054,0.0811385799829,0.3558
chr2,60690719,0.03549708658005606,0.0054,0.0811385799829,0.2119
chr2,60690720,0.035497086580137754,0.0054,0.0811385799829,0.1794
chr2,60690721,0.03549708658037142,0.0056,0.0823129707113,0.1586
chr2,60690722,0.0354970865807861,0.0056,0.0823129707113,0.1458
chr2,60690723,0.03549708658141082,0.0056,0.0823129707113,0.1391
chr2,60690724,0.035497086582271936,0.0054,0.0811385799829,0.1387
chr2,60690725,0.03549708658339081,0.0058,0.0835742411813,0.1133
chr2,60690726,0.035497086584782504,0.006,0.0844471153846,0.1136
chr2,60690727,0.03549708658645512,0.0058,0.0835742411813,0.1166
chr2,60690728,0.035497086588410234,0.006,0.0844471153846,0.1184
chr2,60690729,0.0354970865906435,0.006,0.0844471153846,0.1163
chr2,60690730,0.03549708659314561,0.006,0.0844471153846,0.1125
chr2,60690731,0.03549708659590316,0.006,0.0844471153846,0.1045
chr2,60690732,0.03549708659889932,0.006,0.0844471153846,0.0959
chr2,60690733,0.0354970866021145,0.0062,0.0856155660377,0.0837
chr2,60690734,0.035497086605526904,0.0062,0.0856155660377,0.0709
chr2,60690735,0.035497086609113125,0.0062,0.0856155660377,0.06
chr2,60690736,0.03549708661284902,0.0062,0.0856155660377,0.0525
chr2,60690737,0.03549708661671051,0.0064,0.0864073789393,0.0456
chr2,60690738,0.03549708662067457,0.0064,0.0864073789393,0.0397
chr2,60690739,0.03549708662472004,0.0064,0.0864073789393,0.0364
chr2,60690740,0.03549708662882823,0.0064,0.0864073789393,0.0333
chr2,60690741,0.03549708663298335,0.0064,0.0864073789393,0.0312
chr2,60690742,0.03549708663717255,0.0064,0.0864073789393,0.0297
chr2,60690743,0.03549708664138577,0.0064,0.0864073789393,0.0277
chr2,60690744,0.035497086645615405,0.0064,0.0864073789393,0.0267
chr2,60690745,0.035497086649855875,0.0064,0.0864073789393,0.0262
chr2,60690746,0.0354970866541032,0.0064,0.0864073789393,0.0259
chr2,60690747,0.03549708665835459,0.0064,0.0864073789393,0.0257
chr2,60690748,0.035497086662607986,0.0066,0.088630733945,0.0256
chr2,60690749,0.0354970866668617,0.007,0.0923779113449,0.0252
chr2,60690750,0.035497086671114106,0.0072,0.0946616766467,0.0256
chr2,60690751,0.035497086675363186,0.007,0.0923779113449,0.0263
chr2,60690752,0.03549708667960619,0.0072,0.0946616766467,0.0269
chr2,60690753,0.03549708668383903,0.0074,0.0967840655249,0.0281
chr2,60690754,0.035497086688055755,0.0076,0.09903115727,0.0294
chr2,60690755,0.035497086692247756,0.008,0.103399558499,0.0317
chr2,60690756,0.035497086696403,0.008,0.103399558499,0.0355
chr2,60690757,0.03549708670050525,0.008,0.103399558499,0.0406
chr2,60690758,0.03549708670453332,0.008,0.103399558499,0.0463
chr2,60690759,0.035497086708460614,0.008,0.103399558499,0.0571
chr2,60690760,0.03549708671225506,0.0082,0.105596041056,0.0725
chr2,60690761,0.03549708671587951,0.008,0.103399558499,0.0975
chr2,60690762,0.03549708671929282,0.0078,0.101336538462,0.1313
chr2,60690763,0.03549708672245136,0.0076,0.09903115727,0.1766
chr2,60690764,0.03549708672531126,0.0076,0.09903115727,0.2893
chr2,60690765,0.03549708672783087,0.0076,0.09903115727,0.4643
chr2,60690766,0.03549708672997379,0.0076,0.09903115727,0.5552
chr2,60690767,0.03549708673171218,0.0078,0.101336538462,0.632
chr2,60690768,0.03549708673303047,0.0078,0.101336538462,0.6867
chr2,60690769,0.03549708673392894,0.0082,0.105596041056,0.7222
chr2,60690770,0.03549708673442667,0.0086,0.110262043796,0.7334
chr2,60690771,0.03549708673456242,0.0086,0.110262043796,0.7286
chr2,60690772,0.035497086734392586,0.009,0.114388567294,0.7059
chr2,60690773,0.03549708673398569,0.0094,0.119213718412,0.6615
chr2,60690774,0.03549708673341473,0.01,0.126457883369,0.5946
chr2,60690775,0.03549708673274979,0.0102,0.128894244604,0.513
chr2,60690776,0.035497086732052575,0.0112,0.140922636103,0.4338
chr2,60690777,0.03549708673137409,0.0116,0.145538571429,0.3468
chr2,60690778,0.03549708673075457,0.013,0.159793561931,0.2571
chr2,60690779,0.0354970867302243,0.014,0.170533980583,0.1886
chr2,60690780,0.035497086729804596,0.0142,0.172491701245,0.142
chr2,60690781,0.03549708672950832,0.0152,0.183496907216,0.1394
chr2,60690782,0.03549708672933999,0.0158,0.188281546811,0.1091
chr2,60690783,0.03549708672929588,0.0174,0.204709310114,0.0909
chr2,60690784,0.03549708672936453,0.0192,0.218142302717,0.0802
chr2,60690785,0.035497086729527956,0.0204,0.229991014121,0.0744
chr2,60690786,0.035497086729763434,0.0234,0.258016949153,0.0738
chr2,60690787,0.035497086730045924,0.0256,0.268456119403,0.0791
chr2,60690788,0.035497086730350395,0.0268,0.274979233227,0.0909
chr2,60690789,0.03549708673065398,0.0268,0.274979233227,0.1059
chr2,60690790,0.03549708673093752,0.0268,0.274979233227,0.1275
chr2,60690791,0.03549708673118653,0.0268,0.274979233227,0.1571
chr2,60690792,0.03549708673139152,0.0268,0.274979233227,0.1887
chr2,60690793,0.035497086731547785,0.0268,0.274979233227,0.2196
chr2,60690794,0.035497086731654824,0.0268,0.274979233227,0.245
chr2,60690795,0.03549708673171562,0.0268,0.274979233227,0.2562
chr2,60690796,0.03549708673173563,0.0268,0.274979233227,0.2556
chr2,60700640,0.009719487453397815,0.47,0.822921650718,0.0712
chr2,60700641,0.00971948745358737,0.47,0.822921650718,0.0712
chr2,60700642,0.009719487453798276,0.47,0.822921650718,0.0703
chr2,60700643,0.00971948745402938,0.47,0.822921650718,0.0674
chr2,60700644,0.009719487454279151,0.47,0.822921650718,0.0658
chr2,60700645,0.009719487454545818,0.47,0.822921650718,0.0639
chr2,60700646,0.009719487454827532,0.47,0.822921650718,0.0639
chr2,60700647,0.009719487455122586,0.47,0.822921650718,0.0662
chr2,60700648,0.009719487455429558,0.47,0.822921650718,0.0716
chr2,60700649,0.009719487455747468,0.469,0.822318327011,0.0786
chr2,60700650,0.00971948745607588,0.4648,0.818573361395,0.0924
chr2,60700651,0.009719487456414986,0.4636,0.818405427136,0.1148
chr2,60700652,0.00971948745676558,0.461,0.817182864063,0.1459
chr2,60700653,0.00971948745712905,0.4596,0.816514008294,0.1825
chr2,60700654,0.009719487457507248,0.4586,0.815975384927,0.2339
chr2,60700655,0.009719487457902342,0.4554,0.811432440657,0.2315
chr2,60700656,0.009719487458316618,0.4554,0.811432440657,0.2716
chr2,60700657,0.00971948745875225,0.454,0.810088378708,0.307
chr2,60700658,0.009719487459211041,0.4522,0.809343081312,0.3428
chr2,60700659,0.009719487459694226,0.4506,0.807302019584,0.3561
chr2,60700660,0.009719487460202243,0.4502,0.80674994899,0.3551
chr2,60700661,0.009719487460734614,0.4486,0.804539411885,0.3531
chr2,60700662,0.00971948746128988,0.4474,0.802797119215,0.3368
chr2,60700663,0.009719487461865585,0.4484,0.80434497549,0.3139
chr2,60700664,0.009719487462458373,0.4474,0.802797119215,0.288
chr2,60700665,0.009719487463064141,0.4486,0.804539411885,0.2701
chr2,60700666,0.009719487463678206,0.443,0.797917863002,0.2424
chr2,60700667,0.009719487464295552,0.438,0.792324407827,0.2263
chr2,60700668,0.00971948746491103,0.4378,0.792125772559,0.2121
chr2,60700669,0.009719487465519587,0.437,0.791248840326,0.201
chr2,60700670,0.00971948746611646,0.4352,0.788884210526,0.2015
chr2,60700671,0.009719487466697322,0.4342,0.788203304078,0.1951
chr2,60700672,0.009719487467258451,0.4314,0.786215086117,0.1928
chr2,60700673,0.009719487467796776,0.43,0.785735404114,0.188
chr2,60700674,0.009719487468309975,0.4284,0.785735404114,0.1805
chr2,60700675,0.00971948746879647,0.4278,0.785735404114,0.1728
chr2,60700676,0.009719487469255437,0.4302,0.785735404114,0.1675
chr2,60700677,0.0097194874696867,0.431,0.786057003426,0.1619
chr2,60700678,0.009719487470090686,0.4312,0.786095277634,0.1571
chr2,60700679,0.00971948747046825,0.432,0.786492537313,0.1567
chr2,60700680,0.030531730113334946,0.0252,0.26761668682,0.156
chr2,60700681,0.030531730213100523,0.0246,0.265743542435,0.159
chr2,60700682,0.03053173022690212,0.0256,0.268456119403,0.1641
chr2,60700683,0.03053173023193725,0.0256,0.268456119403,0.1753
chr2,60700684,0.030531730234353554,0.0256,0.268456119403,0.16
chr2,60700685,0.030531730235644084,0.026,0.270871886121,0.1657
chr2,60700686,0.03053173023633484,0.026,0.270871886121,0.1728
chr2,60700687,0.030531730236658276,0.0258,0.269267379679,0.1782
chr2,60700688,0.030531730236733508,0.0258,0.269267379679,0.179
chr2,60700689,0.03053173023662858,0.0254,0.267637072585,0.1727
chr2,60700690,0.030531730236386067,0.0248,0.266266503667,0.1666
chr2,60700691,0.030531730236034976,0.0248,0.266266503667,0.1556
chr2,60700692,0.030531730235596653,0.0244,0.265707377557,0.1621
chr2,60700693,0.030531730235087998,0.0242,0.264842990654,0.1412
chr2,60700694,0.030531730234523262,0.025,0.267107664234,0.1223
chr2,60700695,0.030531730233914905,0.025,0.267107664234,0.1058
chr2,60700696,0.030531730233274147,0.0248,0.266266503667,0.0944
chr2,60700697,0.030531730232611274,0.0246,0.265743542435,0.0848
chr2,60700698,0.030531730231935717,0.0242,0.264842990654,0.0786
chr2,60700699,0.03053173023125615,0.0244,0.265707377557,0.0735
chr2,60700700,0.030531730230580527,0.0246,0.265743542435,0.0714
chr2,60700701,0.030531730229916017,0.025,0.267107664234,0.0722
chr2,60700702,0.030531730229269013,0.0252,0.26761668682,0.0732
chr2,60700703,0.030531730228645054,0.0254,0.267637072585,0.0687
chr2,60700704,0.030531730228048712,0.0254,0.267637072585,0.0698
chr2,60700705,0.03053173022748355,0.0254,0.267637072585,0.0708
chr2,60700706,0.030531730226952023,0.0252,0.26761668682,0.0719
chr2,60700707,0.030531730226455403,0.025,0.267107664234,0.0702
chr2,60700708,0.030531730225993852,0.0248,0.266266503667,0.0683
chr2,60700709,0.0305317302255664,0.0246,0.265743542435,0.0696
chr2,60700710,0.030531730225171118,0.0248,0.266266503667,0.0647
chr2,60700711,0.030531730224805327,0.0248,0.266266503667,0.0642
chr2,60700712,0.03053173022446576,0.0246,0.265743542435,0.0632
chr2,60700713,0.030531730224148842,0.0244,0.265707377557,0.0535
chr2,60700714,0.030531730223850934,0.0244,0.265707377557,0.0453
chr2,60700715,0.03053173022356853,0.0246,0.265743542435,0.0406
chr2,60700716,0.03053173022329844,0.025,0.267107664234,0.0362
chr2,60700717,0.030531730223037876,0.0252,0.26761668682,0.0331
chr2,60700718,0.03053173022278457,0.0254,0.267637072585,0.0313
chr2,60700719,0.030531730222536774,0.0254,0.267637072585,0.0303
chr2,60700720,0.030531730222293246,0.025,0.267107664234,0.0297
chr2,60700721,0.030531730222053265,0.027,0.274979233227,0.0292
chr2,60700722,0.03053173022181657,0.0272,0.274979233227,0.0314
chr2,60700723,0.030531730221583373,0.0286,0.274979233227,0.0315
chr2,60700724,0.03053173022135433,0.0296,0.275821750663,0.0342
chr2,60700725,0.03053173022113053,0.0298,0.276511885895,0.0366
chr2,60700726,0.030531730220913503,0.0296,0.275821750663,0.0404
chr2,60700727,0.030531730220705156,0.0294,0.274979233227,0.0455
chr2,60700728,0.030531730220507782,0.0294,0.274979233227,0.0589
chr2,60700729,0.03053173022032394,0.0294,0.274979233227,0.0695
chr2,60700730,0.030531730220156338,0.0294,0.274979233227,0.0788
chr2,60700731,0.030531730220007748,0.0294,0.274979233227,0.0907
chr2,60700732,0.03053173021988079,0.0294,0.274979233227,0.1015
chr2,60700733,0.030531730219777734,0.0294,0.274979233227,0.1114
chr2,60700734,0.030531730219700366,0.0294,0.274979233227,0.1169
chr2,60700735,0.03053173021964981,0.0292,0.274979233227,0.1203
chr2,60700736,0.030531730219626303,0.0294,0.274979233227,0.1181
chr2,60700737,0.030531730219629263,0.0298,0.276511885895,0.1126
chr2,60700738,0.03053173021965707,0.0302,0.277148902821,0.104
chr2,60700739,0.030531730219707155,0.0302,0.277148902821,0.0937
chr2,60700740,0.03053173021977603,0.0302,0.277148902821,0.1052
chr2,60700741,0.030531730219859315,0.0304,0.27739012987,0.1238
chr2,60700742,0.015509914918021428,0.2382,0.676967756585,0.109
chr2,60700743,0.01550991490403057,0.2394,0.676967756585,0.099
chr2,60700744,0.015509914895263675,0.2396,0.676967756585,0.0928
chr2,60700745,0.015509914891972279,0.2448,0.676967756585,0.092
chr2,60700746,0.015509914890405672,0.247,0.676967756585,0.0965
chr2,60700747,0.015509914889443387,0.2476,0.676967756585,0.1063
chr2,60700748,0.01550991488879152,0.2492,0.676967756585,0.1166
chr2,60700749,0.01550991488833173,0.2496,0.676967756585,0.1325
chr2,60700750,0.015509914888000183,0.2502,0.676967756585,0.1486
chr2,60700751,0.015509914887759142,0.2512,0.676967756585,0.1677
chr2,60700752,0.015509914887585277,0.2514,0.676967756585,0.183
chr2,60700753,0.015509914887463578,0.2516,0.676967756585,0.1969
chr2,60700754,0.015509914887383874,0.252,0.676967756585,0.139
chr2,60700755,0.01550991488733889,0.2524,0.676967756585,0.136
chr2,60700756,0.015509914887323114,0.2522,0.676967756585,0.1304
chr2,60700757,0.015509914887332115,0.2532,0.676967756585,0.12
chr2,60700758,0.015509914887362147,0.2532,0.676967756585,0.1441
chr2,60700759,0.015509914887409961,0.2546,0.676967756585,0.1261
chr2,60700760,0.015509914887472644,0.2554,0.677287760024,0.1054
chr2,60700761,0.015509914887547601,0.2566,0.678281264108,0.0912
chr2,60700762,0.015509914887632545,0.2576,0.679390990991,0.0815
chr2,60700763,0.01550991488772548,0.2598,0.68161120239,0.0759
chr2,60700764,0.01550991488782472,0.261,0.682821715818,0.0722
chr2,60700765,0.015509914887928883,0.2644,0.687562804428,0.0733
chr2,60700766,0.01550991488803688,0.2688,0.690677589233,0.0782
chr2,60700767,0.015509914888147885,0.271,0.693793178837,0.0849
chr2,60700768,0.015509914888261296,0.2736,0.694991670137,0.0936
chr2,60700769,0.015509914888376693,0.274,0.694991670137,0.1081
chr2,60700770,0.01550991488849379,0.2748,0.694991670137,0.1218
chr2,60700771,0.015509914888612414,0.275,0.694991670137,0.1388
chr2,60700772,0.01550991488873243,0.2752,0.694991670137,0.1505
chr2,60700773,0.015509914888853744,0.277,0.694991670137,0.1157
chr2,60700774,0.015509914888976281,0.2776,0.694991670137,0.1167
chr2,60700775,0.01550991488909995,0.2778,0.694991670137,0.1151
chr2,60700776,0.015509914889224668,0.2776,0.694991670137,0.1093
chr2,60700777,0.015509914889350346,0.2774,0.694991670137,0.0986
chr2,60700778,0.015509914889476865,0.2772,0.694991670137,0.0886
chr2,60700779,0.015509914889604138,0.2776,0.694991670137,0.0756
chr2,60700780,0.015509914889732055,0.277,0.694991670137,0.0633
chr2,60700781,0.015509914889860506,0.2772,0.694991670137,0.0549
chr2,60700782,0.015509914889989403,0.2774,0.694991670137,0.0478
chr2,60700783,0.015509914890118654,0.277,0.694991670137,0.0418
chr2,60700784,0.01550991489024818,0.2778,0.694991670137,0.0358
chr2,60700785,0.015509914890377917,0.2788,0.694991670137,0.0326
chr2,60700786,0.015509914890507794,0.2792,0.694991670137,0.0309
chr2,60700787,0.01550991489063777,0.2804,0.694991670137,0.0307
chr2,60700788,0.015509914890767796,0.2822,0.694991670137,0.0293
chr2,60700789,0.015509914890897833,0.284,0.694991670137,0.0282
chr2,60700790,0.015509914891027828,0.2916,0.700200409836,0.0289
chr2,60700791,0.01550991489115773,0.295,0.703171296924,0.0294
chr2,60700792,0.015509914891287476,0.2996,0.707226716839,0.0303
chr2,60700793,0.015509914891416976,0.3008,0.707773092369,0.033
chr2,60700794,0.015509914891546118,0.3008,0.707773092369,0.0367
chr2,60700795,0.015509914891674761,0.301,0.707773092369,0.0401
chr2,60700796,0.015509914891802732,0.3016,0.708232064128,0.047
chr2,60700797,0.01550991489192982,0.3016,0.708232064128,0.0564
chr2,60700798,0.015509914892055785,0.3024,0.708594720704,0.0654
chr2,60700799,0.01550991489218036,0.3024,0.708594720704,0.0784
chr2,60700800,0.015509914892303269,0.3026,0.708594720704,0.0951
chr2,60700801,0.015509914892424223,0.3028,0.708685143238,0.1101
chr2,60700802,0.01550991489254296,0.3028,0.708685143238,0.125
chr2,60700803,0.015509914892659238,0.3032,0.708865699454,0.1358
chr2,60700804,0.015509914892772888,0.3032,0.708865699454,0.1466
chr2,60700805,0.01550991489288378,0.3036,0.708951608615,0.1493
chr2,60700806,0.015509914892991857,0.3036,0.708951608615,0.2376
chr2,60700807,0.015509914893097148,0.3044,0.710064541833,0.2235
chr2,60700808,0.015509914893199724,0.3042,0.709880829016,0.2009
chr2,60700809,0.015509914893299713,0.304,0.709602657807,0.174
chr2,60700810,0.015509914893397264,0.3048,0.710698873203,0.1516
chr2,60700811,0.015509914893492542,0.3054,0.710698873203,0.13
chr2,60700812,0.015509914893585657,0.3074,0.710698873203,0.1159
chr2,60700813,0.015509914893676688,0.309,0.710698873203,0.1065
chr2,60700814,0.015509914893765625,0.3114,0.710698873203,0.0925
chr2,60700815,0.015509914893852365,0.3128,0.711056296105,0.0893
chr2,60700816,0.015509914893936693,0.3152,0.71199691358,0.0945
chr2,60700817,0.015509914894018295,0.317,0.713219546561,0.1049
chr2,60700818,0.015509914894096758,0.317,0.713219546561,0.1181
chr2,60700819,0.015509914894171608,0.317,0.713219546561,0.1343
chr2,60700820,0.015509914894242312,0.317,0.713219546561,0.1574
chr2,60700821,0.015509914894308356,0.317,0.713219546561,0.1775
chr2,60700822,0.015509914894369254,0.317,0.713219546561,0.1981
chr2,60700823,0.015509914894424609,0.317,0.713219546561,0.2115
chr2,60700824,0.015509914894474158,0.317,0.713219546561,0.215
chr2,60701029,0.010008483256132758,0.7892,0.897402573175,0.3575
chr2,60717969,0.022106868675338523,0.2674,0.688288540445,0.3399
chr2,60717970,0.02210686867982508,0.2674,0.688288540445,0.331
chr2,60717971,0.02210686868480856,0.2674,0.688288540445,0.3082
chr2,60717972,0.02210686869025898,0.2674,0.688288540445,0.271
chr2,60717973,0.022106868696135932,0.2674,0.688288540445,0.2233
chr2,60717974,0.022106868702391706,0.2674,0.688288540445,0.1815
chr2,60717975,0.022106868708974558,0.2674,0.688288540445,0.1459
chr2,60717976,0.02210686871583199,0.2674,0.688288540445,0.0727
chr2,60717977,0.022106868722913522,0.2674,0.688288540445,0.0615
chr2,60717978,0.0221068687301729,0.2674,0.688288540445,0.0508
chr2,60717979,0.022106868737569504,0.2674,0.688288540445,0.0429
chr2,60717980,0.02210686874506906,0.2674,0.688288540445,0.0373
chr2,60717981,0.022106868752643723,0.2674,0.688288540445,0.0329
chr2,60717982,0.022106868760271667,0.2674,0.688288540445,0.0304
chr2,60717983,0.022106868767936348,0.2674,0.688288540445,0.0287
chr2,60717984,0.022106868775625677,0.2674,0.688288540445,0.0278
chr2,60717985,0.022106868783331065,0.2674,0.688288540445,0.0269
chr2,60717986,0.02210686879104664,0.2674,0.688288540445,0.0261
chr2,60717987,0.022106868798768484,0.2674,0.688288540445,0.0259
chr2,60717988,0.022106868806494075,0.2674,0.688288540445,0.0258
chr2,60717989,0.02210686881422183,0.2656,0.687889118254,0.0258
chr2,60717990,0.022106868821950777,0.2578,0.679408402101,0.0255
chr2,60717991,0.022106868829680323,0.2568,0.678503610108,0.0265
chr2,60717992,0.022106868837410087,0.2558,0.677287760024,0.0268
chr2,60717993,0.022106868845139818,0.2546,0.676967756585,0.0273
chr2,60717994,0.022106868852869277,0.2544,0.676967756585,0.0286
chr2,60717995,0.022106868860598178,0.2546,0.676967756585,0.0311
chr2,60717996,0.02210686886832616,0.2542,0.676967756585,0.0337
chr2,60717997,0.02210686887605268,0.2542,0.676967756585,0.038
chr2,60717998,0.02210686888377687,0.254,0.676967756585,0.0439
chr2,60717999,0.022106868891497333,0.254,0.676967756585,0.0517
chr2,60718000,0.022106868899211825,0.2538,0.676967756585,0.0596
chr2,60718001,0.022106868906916804,0.2538,0.676967756585,0.0684
chr2,60718002,0.022106868914606746,0.254,0.676967756585,0.0807
chr2,60718003,0.022106868922273197,0.254,0.676967756585,0.0922
chr2,60718004,0.02210686892990356,0.254,0.676967756585,0.1034
chr2,60718005,0.022106868937479374,0.2536,0.676967756585,0.1134
chr2,60718006,0.02210686894497439,0.253,0.676967756585,0.1209
chr2,60718007,0.02210686895235186,0.2528,0.676967756585,0.123
chr2,60718008,0.02210686895956141,0.253,0.676967756585,0.121
chr2,60718009,0.022106868966535104,0.2532,0.676967756585,0.1141
chr2,60718010,0.022106868973182533,0.2534,0.676967756585,0.1059
chr2,60718011,0.022106868979384926,0.2542,0.676967756585,0.0954
chr2,60718012,0.02210686898498847,0.2536,0.676967756585,0.0868
chr2,60718013,0.022106868989797586,0.2536,0.676967756585,0.0764
chr2,60718014,0.022106868993570748,0.2538,0.676967756585,0.0681
chr2,60718015,0.022106868996024095,0.253,0.676967756585,0.0634
chr2,60718016,0.02210686899685072,0.2506,0.676967756585,0.0602
chr2,60718017,0.0221068689957651,0.2502,0.676967756585,0.0583
chr2,60718018,0.02210686899257493,0.2506,0.676967756585,0.0607
chr2,60718019,0.022106868987267915,0.246,0.676967756585,0.0631
chr2,60718020,0.022106868980092537,0.2442,0.676967756585,0.07
chr2,60718021,0.022106868971598206,0.2434,0.676967756585,0.1054
chr2,60718022,0.022106868962565907,0.2418,0.676967756585,0.1264
chr2,60718023,0.022106868953809557,0.2414,0.676967756585,0.1511
chr2,60718024,0.0221068689459767,0.241,0.676967756585,0.174
chr2,60718025,0.022106868939476998,0.2412,0.676967756585,0.196
chr2,60718026,0.022106868934517986,0.2404,0.676967756585,0.221
chr2,60718027,0.022106868931163506,0.2412,0.676967756585,0.2379
chr2,60718028,0.022106868929373916,0.2406,0.676967756585,0.2486
chr2,60718029,0.022106868929030597,0.2416,0.676967756585,0.2574
chr2,60718030,0.022106868929956554,0.2418,0.676967756585,0.2603
chr2,60718031,0.022106868931938306,0.2428,0.676967756585,0.262
chr2,60718032,0.022106868934747316,0.2422,0.676967756585,0.2612
chr2,60718033,0.02210686893815758,0.2426,0.676967756585,0.2558
chr2,60718034,0.022106868941958038,0.243,0.676967756585,0.258
chr2,60718035,0.022106868945959604,0.2432,0.676967756585,0.2584
chr2,60718036,0.02210686894999905,0.2434,0.676967756585,0.2571
chr2,60718037,0.022106868953940314,0.2434,0.676967756585,0.2528
chr2,60718038,0.022106868957674802,0.2434,0.676967756585,0.2441
chr2,60718039,0.02210686896112085,0.2434,0.676967756585,0.2321
chr2,60718144,0.04176892269374334,0.0068,0.0902811791383,0.1038
chr2,60718145,0.0417689226960213,0.0068,0.0902811791383,0.1111
chr2,60718146,0.04176892269856365,0.0068,0.0902811791383,0.1173
chr2,60718147,0.041768922701359804,0.0068,0.0902811791383,0.127
chr2,60718148,0.04176892270439483,0.0068,0.0902811791383,0.1146
chr2,60718149,0.041768922707650924,0.0068,0.0902811791383,0.1289
chr2,60718150,0.04176892271110894,0.0068,0.0902811791383,0.1484
chr2,60718151,0.041768922714749745,0.0068,0.0902811791383,0.1791
chr2,60718152,0.041768922718555014,0.0068,0.0902811791383,0.1822
chr2,60718153,0.041768922722507526,0.006,0.0844471153846,0.2343
chr2,60718154,0.04176892272659075,0.0052,0.0804031690141,0.3029
chr2,60718155,0.04176892273078771,0.005,0.0786962365591,0.3813
chr2,60718156,0.04176892273507946,0.0042,0.0752785714286,0.4694
chr2,60718157,0.04176892273944325,0.0038,0.0713108974359,0.5565
chr2,60718158,0.041768922743850564,0.0034,0.0668020134228,0.5453
chr2,60718159,0.04176892274826559,0.0032,0.0636557191393,0.6168
chr2,60718160,0.041768922752644114,0.0032,0.0636557191393,0.6754
chr2,60718161,0.04176892275693315,0.0028,0.0579293286219,0.7145
chr2,60718162,0.041768922761071435,0.0026,0.054824729892,0.7308
chr2,60718163,0.04176892276499051,0.0022,0.04830375,0.7246
chr2,60718164,0.04176892276861638,0.0016,0.0367853403141,0.6982
chr2,60718165,0.04176892277187127,0.0012,0.0282926174497,0.652
chr2,60718166,0.041768922774675095,0.0012,0.0282926174497,0.5806
chr2,60718167,0.04176892277694605,0.0014,0.0327443408788,0.4894
chr2,60718168,0.04176892277859983,0.0016,0.0367853403141,0.3932
chr2,60718169,0.0417689227795468,0.0016,0.0367853403141,0.3264
chr2,60718170,0.041768922779686427,0.0016,0.0367853403141,0.2633
chr2,60718171,0.04176892277889793,0.002,0.0458018252934,0.2024
chr2,60718172,0.02298279757142781,0.0712,0.421370619946,0.156
chr2,60718173,0.02298279756972006,0.0712,0.421370619946,0.1227
chr2,60718174,0.02298279756849917,0.0722,0.424003009027,0.0933
chr2,60718175,0.022982797567704452,0.0722,0.424003009027,0.0726
chr2,60718176,0.022982797567263947,0.072,0.423253012048,0.0571
chr2,60718177,0.02298279756710691,0.0724,0.424751503006,0.0456
chr2,60718178,0.022982797567169807,0.0728,0.426244,0.0384
chr2,60718179,0.02298279756739871,0.0732,0.427872878536,0.0348
chr2,60718180,0.022982797567749735,0.0736,0.429211155378,0.0315
chr2,60718181,0.02298279756818856,0.0736,0.429211155378,0.0295
chr2,60718182,0.01003599223181052,0.417,0.782333511263,0.0284
chr2,60718183,0.010035992215895332,0.4156,0.782333511263,0.027
chr2,60718184,0.010035992200649085,0.4178,0.782539667306,0.0271
chr2,60718185,0.0100359921860987,0.4172,0.782333511263,0.0274
chr2,60718186,0.010035992172352978,0.4202,0.784858889834,0.0283
chr2,60718187,0.010035992159575501,0.4196,0.784071702128,0.0293
chr2,60718188,0.010035992147945755,0.4204,0.784982034655,0.0317
chr2,60718189,0.01003599213761687,0.4218,0.785735404114,0.0341
chr2,60718190,0.01003599212867595,0.4218,0.785735404114,0.0378
chr2,60718191,0.010035992121126231,0.4234,0.785735404114,0.0412
chr2,60718192,0.010035992114892091,0.4234,0.785735404114,0.0472
chr2,60718193,0.010035992109841817,0.4246,0.785735404114,0.0541
chr2,60718194,0.010035992105815966,0.4256,0.785735404114,0.0647
chr2,60718195,0.010035992102651449,0.4268,0.785735404114,0.0759
chr2,60718196,0.010035992100197276,0.4266,0.785735404114,0.1015
chr2,60718197,0.010035992098321971,0.4276,0.785735404114,0.1193
chr2,60718198,0.010035992096915433,0.4294,0.785735404114,0.1408
chr2,60718199,0.01003599209588753,0.4286,0.785735404114,0.1644
chr2,60718200,0.010035992095165164,0.4288,0.785735404114,0.1893
chr2,60718201,0.010035992094689004,0.4302,0.785735404114,0.2378
chr2,60718202,0.010035992094410317,0.4328,0.787540868124,0.2808
chr2,60718203,0.01003599209428834,0.4328,0.787540868124,0.3199
chr2,60718204,0.010035992094288146,0.4336,0.788203304078,0.3405
chr2,60718205,0.01003599209437923,0.437,0.791248840326,0.356
chr2,60718206,0.01003599209453463,0.438,0.792324407827,0.3531
chr2,60718207,0.010035992094730625,0.4418,0.796736858316,0.3415
chr2,60718208,0.01003599209494677,0.4432,0.798196247309,0.3233
chr2,60718209,0.010035992095166148,0.4446,0.799733640553,0.2958
chr2,60718210,0.010035992095375541,0.4448,0.799847665848,0.2637
chr2,60718211,0.010035992095565528,0.4446,0.799733640553,0.221
chr2,60718212,0.010035992095730277,0.4446,0.799733640553,0.2334
chr2,60718213,0.010035992095867197,0.4446,0.799733640553,0.2553
chr2,60718274,0.004934060798184678,0.733,0.897402573175,0.5928
chr2,60718275,0.0049340607986484535,0.733,0.897402573175,0.6036
chr2,60718276,0.004934060799152379,0.733,0.897402573175,0.5928
chr2,60718277,0.004934060799691234,0.733,0.897402573175,0.5549
chr2,60718278,0.004934060800259206,0.733,0.897402573175,0.5
chr2,60718279,0.004934060800850322,0.733,0.897402573175,0.4287
chr2,60718280,0.004934060801458876,0.733,0.897402573175,0.3449
chr2,60718281,0.004934060802079744,0.733,0.897402573175,0.2628
chr2,60718282,0.004934060802708594,0.733,0.897402573175,0.1971
chr2,60718283,0.00493406080334199,0.733,0.897402573175,0.1434
chr2,60718284,0.004934060803977394,0.733,0.897402573175,0.1063
chr2,60718285,0.004934060804613079,0.733,0.897402573175,0.0789
chr2,60718286,0.004934060805247999,0.733,0.897402573175,0.06
chr2,60718287,0.004934060805881633,0.7328,0.897402573175,0.0479
chr2,60718288,0.004934060806513834,0.733,0.897402573175,0.0396
chr2,60718289,0.004934060807144696,0.7332,0.897402573175,0.0353
chr2,60718290,0.004934060807774449,0.733,0.897402573175,0.0314
chr2,60718291,0.0049340608084034,0.7338,0.897402573175,0.0297
chr2,60718292,0.004934060809031887,0.7342,0.897402573175,0.028
chr2,60718293,0.004934060809660278,0.7338,0.897402573175,0.0279
chr2,60718294,0.004934060810288977,0.7286,0.897402573175,0.0273
chr2,60718295,0.004934060810918458,0.7306,0.897402573175,0.0279
chr2,60718296,0.004934060811549292,0.7294,0.897402573175,0.0294
chr2,60718297,0.004934060812182187,0.7268,0.897402573175,0.031
chr2,60718298,0.004934060812818006,0.7262,0.897402573175,0.0346
chr2,60718299,0.004934060813457783,0.7266,0.897402573175,0.0381
chr2,60718300,0.004934060814102701,0.7262,0.897402573175,0.0431
chr2,60718301,0.004934060814754043,0.729,0.897402573175,0.0494
chr2,60718302,0.004934060815413108,0.7306,0.897402573175,0.0582
chr2,60718303,0.004934060816081084,0.7304,0.897402573175,0.0683
chr2,60718304,0.004934060816758882,0.7318,0.897402573175,0.0835
chr2,60718305,0.004934060817446969,0.732,0.897402573175,0.1018
chr2,60718306,0.004934060818145202,0.7332,0.897402573175,0.1216
chr2,60718307,0.004934060818852679,0.7322,0.897402573175,0.1418
chr2,60718308,0.004934060819567664,0.7334,0.897402573175,0.1603
chr2,60718309,0.004934060820287566,0.7346,0.897402573175,0.179
chr2,60718310,0.004934060821009017,0.7338,0.897402573175,0.194
chr2,60718311,0.004934060821728052,0.7328,0.897402573175,0.2013
chr2,60718312,0.004934060822440349,0.7328,0.897402573175,0.2013
chr2,60718313,0.004934060823141562,0.7336,0.897402573175,0.1947
chr2,60718314,0.004934060823827659,0.7334,0.897402573175,0.1806
chr2,60718315,0.0049340608244952434,0.7336,0.897402573175,0.1598
chr2,60718316,0.004934060825141818,0.7342,0.897402573175,0.1423
chr2,60718317,0.0049340608257659405,0.7348,0.897402573175,0.1213
chr2,60718318,0.00493406082636726,0.7352,0.897402573175,0.1
chr2,60718319,0.004934060826946446,0.735,0.897402573175,0.0818
chr2,60718320,0.004934060827505015,0.734,0.897402573175,0.0685
chr2,60718321,0.0049340608280450966,0.7342,0.897402573175,0.0574
chr2,60718322,0.004934060828569193,0.735,0.897402573175,0.0497
chr2,60718323,0.00493406082907993,0.7348,0.897402573175,0.0427
chr2,60718324,0.00493406082957986,0.7352,0.897402573175,0.0375
chr2,60718325,0.0049340608300713065,0.7354,0.897402573175,0.0328
chr2,60718326,0.004934060830556266,0.7346,0.897402573175,0.0311
chr2,60718327,0.004934060831036357,0.7348,0.897402573175,0.0306
chr2,60718328,0.004934060831512799,0.7356,0.897402573175,0.031
chr2,60718329,0.004934060831986423,0.7394,0.897402573175,0.031
chr2,60718330,0.0049340608324576814,0.7462,0.897402573175,0.0304
chr2,60718331,0.004934060832926657,0.7482,0.897402573175,0.031
chr2,60718332,0.004934060833393069,0.7478,0.897402573175,0.0326
chr2,60718333,0.004934060833856256,0.7478,0.897402573175,0.0359
chr2,60718334,0.004934060834315167,0.7478,0.897402573175,0.0396
chr2,60718335,0.004934060834768331,0.7478,0.897402573175,0.0457
chr2,60718336,0.004934060835213853,0.7478,0.897402573175,0.0549
chr2,60718337,0.004934060835649417,0.7478,0.897402573175,0.0652
chr2,60718338,0.004934060836072339,0.7478,0.897402573175,0.0792
chr2,60718339,0.004934060836479631,0.7478,0.897402573175,0.0989
chr2,60718340,0.004934060836868137,0.7478,0.897402573175,0.1198
chr2,60718341,0.004934060837234695,0.7478,0.897402573175,0.1424
chr2,60718342,0.004934060837576322,0.7478,0.897402573175,0.163
chr2,60718343,0.004934060837890411,0.7478,0.897402573175,0.1832
chr2,60718344,0.004934060838174927,0.7478,0.897402573175,0.1956
chr2,60718345,0.004934060838428561,0.7478,0.897402573175,0.2012
chr2,60722203,0.010732906683298599,0.6886,0.897402573175,0.207
chr2,60722204,0.010732906682783403,0.6886,0.897402573175,0.2092
chr2,60722205,0.010732906682207275,0.6886,0.897402573175,0.2059
chr2,60722206,0.010732906681576993,0.6886,0.897402573175,0.1973
chr2,60722207,0.010732906680902037,0.6886,0.897402573175,0.187
chr2,60722208,0.010732906680194164,0.6886,0.897402573175,0.1772
chr2,60722209,0.01073290667946682,0.6886,0.897402573175,0.1699
chr2,60722210,0.010732906678734536,0.6886,0.897402573175,0.1662
chr2,60722211,0.010732906678012284,0.6886,0.897402573175,0.1662
chr2,60722212,0.01073290667731485,0.6896,0.897402573175,0.1718
chr2,60722213,0.010732906676656169,0.6896,0.897402573175,0.1792
chr2,60722214,0.010732906676048667,0.6896,0.897402573175,0.1892
chr2,60722215,0.0107329066755026,0.6896,0.897402573175,0.1989
chr2,60722216,0.010732906675025406,0.6896,0.897402573175,0.2076
chr2,60722217,0.01073290667462127,0.6896,0.897402573175,0.2112
chr2,60722218,0.010732906674290901,0.6896,0.897402573175,0.209
chr2,60722275,0.036556166431484044,0.0158,0.188281546811,0.0752
chr2,60722276,0.03655616642585256,0.0158,0.188281546811,0.0803
chr2,60722277,0.036556166420516505,0.0158,0.188281546811,0.0859
chr2,60722278,0.03655616641587231,0.0158,0.188281546811,0.0929
chr2,60722279,0.03655616641233861,0.0158,0.188281546811,0.0894
chr2,60722280,0.03655616641032821,0.0158,0.188281546811,0.0869
chr2,60722281,0.036556166410225785,0.0158,0.188281546811,0.0857
chr2,60722282,0.03655616641237895,0.0156,0.187040273038,0.0845
chr2,60722283,0.03655616641710236,0.0154,0.185528806584,0.0832
chr2,60722284,0.03655616642469356,0.015,0.18133172746,0.0847
chr2,60722285,0.0523511376823342,0.0032,0.0636557191393,0.0857
chr2,60722286,0.05235113813580998,0.0028,0.0579293286219,0.0889
chr2,60722287,0.052351138259660084,0.0024,0.0512846715328,0.0979
chr2,60722288,0.052351138312917184,0.0024,0.0512846715328,0.1037
chr2,60722289,0.052351138341681244,0.0016,0.0367853403141,0.1163
chr2,60722290,0.052351138358927796,0.0016,0.0367853403141,0.1322
chr2,60722291,0.052351138369861286,0.0016,0.0367853403141,0.1541
chr2,60722292,0.05235113837698349,0.0016,0.0367853403141,0.1791
chr2,60722293,0.05235113838163494,0.0016,0.0367853403141,0.2111
chr2,60722294,0.05235113838458827,0.0014,0.0327443408788,0.2473
chr2,60722295,0.05235113838631032,0.0012,0.0282926174497,0.2855
chr2,60722296,0.052351138387089616,0.0008,0.0196531468531,0.3387
chr2,60722297,0.052351138387103306,0.0004,0.0116710963455,0.3869
chr2,60722298,0.052351138386455304,0.0002,0.00643406593407,0.464
chr2,60722299,0.05235113838519956,0.0002,0.00643406593407,0.5389
chr2,60722300,0.052351138383355214,0.0002,0.00643406593407,0.6118
chr2,60722301,0.05235113838091734,0.0002,0.00643406593407,0.6749
chr2,60722302,0.0523511383778646,0.0002,0.00643406593407,0.7238
chr2,60722303,0.05235113837416506,0.0002,0.00643406593407,0.6924
chr2,60722304,0.05235113836978018,0.0002,0.00643406593407,0.7278
chr2,60722305,0.052351138364667,0.0002,0.00643406593407,0.7344
chr2,60722306,0.052351138358778235,0.0002,0.00643406593407,0.7112
chr2,60722307,0.05235113835205989,0.0002,0.00643406593407,0.6553
chr2,60722308,0.05235113834444795,0.0002,0.00643406593407,0.5857
chr2,60722309,0.05235113833586935,0.0002,0.00643406593407,0.4842
chr2,60722310,0.05235113832625966,0.0002,0.00643406593407,0.3691
chr2,60722311,0.05235113831560923,0.0002,0.00643406593407,0.2847
chr2,60722312,0.0523511383040264,<0.0002,<0.05,0.2508
chr2,60722313,0.05235113829178341,<0.0002,<0.05,0.2191
chr2,60722314,0.05235113827930402,<0.0002,<0.05,0.1759
chr2,60722315,0.05235113826701791,<0.0002,<0.05,0.1484
chr2,60722316,0.052351138255188605,<0.0002,<0.05,0.131
chr2,60722317,0.052351138243895284,<0.0002,<0.05,0.1203
chr2,60722318,0.05235113823310175,<0.0002,<0.05,0.124
chr2,60722319,0.05235113822272964,<0.0002,<0.05,0.1221
chr2,60722320,0.05235113821270503,<0.0002,<0.05,0.116
chr2,60722321,0.052351138202975406,<0.0002,<0.05,0.113
chr2,60722322,0.05235113819351057,<0.0002,<0.05,0.1059
chr2,60722323,0.05235113818429991,<0.0002,<0.05,0.0945
chr2,60722324,0.05235113817535079,<0.0002,<0.05,0.0834
chr2,60722325,0.05235113816668828,<0.0002,<0.05,0.0765
chr2,60722326,0.05235113815835499,<0.0002,<0.05,0.0687
chr2,60722327,0.05235113815040959,<0.0002,<0.05,0.0639
chr2,60722328,0.05235113814292288,<0.0002,<0.05,0.056
chr2,60722329,0.05235113813597094,<0.0002,<0.05,0.0496
chr2,60722330,0.05235113812962556,<0.0002,<0.05,0.0432
chr2,60722331,0.05235113812394178,<0.0002,<0.05,0.0396
chr2,60722332,0.052351138118946844,<0.0002,<0.05,0.0357
chr2,60722333,0.05235113811463206,<0.0002,<0.05,0.0332
chr2,60722334,0.052351138110952516,<0.0002,<0.05,0.0306
chr2,60722335,0.05235113810783401,<0.0002,<0.05,0.029
chr2,60722336,0.05235113810518741,<0.0002,<0.05,0.0272
chr2,60722337,0.052351138102923786,<0.0002,<0.05,0.027
chr2,60722338,0.05235113810096818,<0.0002,<0.05,0.0268
chr2,60722339,0.052351138099269015,<0.0002,<0.05,0.0272
chr2,60722340,0.052351138097803694,<0.0002,<0.05,0.0269
chr2,60722341,0.05235113809658161,<0.0002,<0.05,0.0287
chr2,60722342,0.05235113809564645,<0.0002,<0.05,0.0297
chr2,60722343,0.05235113809507882,<0.0002,<0.05,0.0312
chr2,60722344,0.05235113809500081,<0.0002,<0.05,0.0338
chr2,60722345,0.052351138095583324,<0.0002,<0.05,0.0377
chr2,60722346,0.0523511380970567,<0.0002,<0.05,0.045
chr2,60722347,0.05235113809972748,<0.0002,<0.05,0.0523
chr2,60722348,0.05235113810400438,<0.0002,<0.05,0.0648
chr2,60722349,0.05235113811044176,<0.0002,<0.05,0.0803
chr2,60722350,0.05235113811981291,<0.0002,<0.05,0.0987
chr2,60722351,0.05235113813324334,<0.0002,<0.05,0.1243
chr2,60722352,0.052351138152472235,<0.0002,<0.05,0.163
chr2,60722353,0.05235113818039663,<0.0002,<0.05,0.2177
chr2,60722354,0.05235113822233849,<0.0002,<0.05,0.2814
chr2,60722355,0.05235113828940896,<0.0002,<0.05,0.3705
chr2,60722356,0.052351138409380396,<0.0002,<0.05,0.4676
chr2,60722357,0.05235113867652114,<0.0002,<0.05,0.5296
chr2,60722358,0.05235113966768987,<0.0002,<0.05,0.5615
chr2,60722359,0.062318291637660034,<0.0002,<0.05,0.5773
chr2,60722360,0.06548300323130504,<0.0002,<0.05,0.6536
chr2,60722361,0.06548300343324587,<0.0002,<0.05,0.6718
chr2,60722362,0.06548300394902869,<0.0002,<0.05,0.6922
chr2,60722363,0.07985042795647691,<0.0002,<0.05,0.7096
chr2,60722364,0.08249556499149084,<0.0002,<0.05,0.7228
chr2,60722365,0.08249556502997632,<0.0002,<0.05,0.7274
chr2,60722366,0.08249556505749259,<0.0002,<0.05,0.756
chr2,60722367,0.08249556507786025,<0.0002,<0.05,0.7753
chr2,60722368,0.0824955650932817,<0.0002,<0.05,0.7906
chr2,60722369,0.08249556510518737,<0.0002,<0.05,0.7896
chr2,60722370,0.08249556511459961,<0.0002,<0.05,0.7735
chr2,60722371,0.08249556512229207,<0.0002,<0.05,0.7303
chr2,60722372,0.08249556512884657,<0.0002,<0.05,0.6553
chr2,60722373,0.08249556513464693,<0.0002,<0.05,0.5408
chr2,60722374,0.08249556513983337,<0.0002,<0.05,0.4575
chr2,60722375,0.08249556514425861,<0.0002,<0.05,0.3833
chr2,60722376,0.08249556514751517,<0.0002,<0.05,0.3566
chr2,60722377,0.08249556514909202,<0.0002,<0.05,0.2939
chr2,60722378,0.08249556514861381,<0.0002,<0.05,0.2365
chr2,60722379,0.08249556514600961,<0.0002,<0.05,0.2048
chr2,60722380,0.08249556514151214,<0.0002,<0.05,0.1774
chr2,60722381,0.08249556513553695,<0.0002,<0.05,0.1651
chr2,60722382,0.08249556512855201,<0.0002,<0.05,0.1878
chr2,60722383,0.08249556512099307,<0.0002,<0.05,0.2784
chr2,60722384,0.08249556511322774,<0.0002,<0.05,0.3937
chr2,60722385,0.08249556510554812,<0.0002,<0.05,0.5167
chr2,60722386,0.08249556509817585,<0.0002,<0.05,0.5935
chr2,60722387,0.08249556509127118,<0.0002,<0.05,0.6338
chr2,60722388,0.08249556508494255,<0.0002,<0.05,0.6198
chr2,60722389,0.08249556507925537,<0.0002,<0.05,0.5466
chr2,60722451,0.008125121533131148,0.7104,0.897402573175,0.551
chr2,60722452,0.008125121533665297,0.7104,0.897402573175,0.6217
chr2,60722453,0.008125121534245923,0.7104,0.897402573175,0.6652
chr2,60722454,0.008125121534863323,0.7104,0.897402573175,0.6925
chr2,60722455,0.008125121535505077,0.7104,0.897402573175,0.6998
chr2,60722456,0.008125121536156694,0.7104,0.897402573175,0.6867
chr2,60722457,0.008125121536802565,0.7104,0.897402573175,0.655
chr2,60722514,-0.0021603955214562266,0.9514,0.971016781836,0.1246
chr2,60722515,-0.0021603955155572925,0.9514,0.971016781836,0.1333
chr2,60722516,-0.002160395508963012,0.9514,0.971016781836,0.1383
chr2,60722517,-0.0021603955017001288,0.9514,0.971016781836,0.1429
chr2,60722518,-0.002160395493808601,0.9514,0.971016781836,0.146
chr2,60722519,-0.002160395485338264,0.9514,0.971016781836,0.147
chr2,60722520,-0.0021603954763452066,0.9514,0.971016781836,0.146
chr2,60722521,-0.002160395466888316,0.9512,0.971016781836,0.1429
chr2,60722522,-0.002160395457026315,0.9508,0.970863969306,0.1387
chr2,60722523,-0.0021603954468154916,0.9518,0.971016781836,0.134
chr2,60722524,-0.002160395436308172,0.9498,0.970237685374,0.1262
chr2,60722525,-0.002160395425551844,0.9496,0.9701462223,0.116
chr2,60722526,-0.0021603954145888067,0.9492,0.9699632323,0.104
chr2,60722527,-0.0021603954034561607,0.9486,0.969688587557,0.0782
chr2,60722528,-0.0021603953921860088,0.949,0.969928139183,0.069
chr2,60722529,-0.002160395380805768,0.9484,0.969596996682,0.0619
chr2,60722530,-0.002160395369338541,0.9486,0.969688587557,0.0528
chr2,60722531,-0.0021603953578035215,0.9492,0.9699632323,0.0425
chr2,60722532,-0.002160395346216426,0.9498,0.970237685374,0.0365
chr2,60722533,-0.0021603953345899303,0.9506,0.970829059829,0.0336
chr2,60722534,-0.002160395322934152,0.9508,0.970863969306,0.0315
chr2,60722535,-0.0021603953112570894,0.95,0.97038555478,0.0301
chr2,60722536,-0.0021603952995649955,0.9496,0.9701462223,0.0288
chr2,60722537,-0.002160395287862785,0.9502,0.97053340699,0.0275
chr2,60722538,-0.002160395276154464,0.9494,0.970111169284,0.0266
chr2,60722539,-0.0021603952644435823,0.949,0.969928139183,0.0264
chr2,60722540,-0.002160395252733837,0.9478,0.969357317499,0.0261
chr2,60722541,-0.002160395241029604,0.9436,0.965906135291,0.0266
chr2,60722542,-0.0021603952293367916,0.942,0.965906135291,0.0272
chr2,60722543,-0.0021603952176639297,0.9374,0.965256898471,0.0269
chr2,60722544,-0.002160395206023508,0.9358,0.965256898471,0.0291
chr2,60722545,-0.0021603951944336253,0.9366,0.965256898471,0.0315
chr2,60722546,-0.002160395182919948,0.9358,0.965256898471,0.0355
chr2,60722547,-0.002160395171517913,0.9358,0.965256898471,0.0404
chr2,60722548,-0.0021603951602750366,0.936,0.965256898471,0.0489
chr2,60722549,-0.0021603951492531583,0.9366,0.965256898471,0.0604
chr2,60722550,-0.0021603951385303515,0.9362,0.965256898471,0.0764
chr2,60722551,-0.0021603951282022534,0.9372,0.965256898471,0.097
chr2,60722552,-0.002160395118382561,0.9374,0.965256898471,0.1253
chr2,60722553,-0.0021603951092026,0.937,0.965256898471,0.1656
chr2,60722554,-0.002160395100809932,0.9364,0.965256898471,0.2182
chr2,60722555,-0.0021603950933664707,0.935,0.965256898471,0.2691
chr2,60722556,-0.002160395087046541,0.9358,0.965256898471,0.3233
chr2,60722557,-0.0021603950820360267,0.9364,0.965256898471,0.3723
chr2,60722558,-0.002160395078533978,0.937,0.965256898471,0.4188
chr2,60722559,-0.002160395076759439,0.9384,0.965514491481,0.4431
chr2,60722560,-0.0021603950769666794,0.9392,0.9656431749,0.4553
chr2,60722561,-0.002160395079475094,0.9412,0.965906135291,0.4517
chr2,60722562,-0.0021603950847258096,0.9428,0.965906135291,0.4335
chr2,60722563,-0.0021603950933899306,0.9426,0.965906135291,0.3973
chr2,60722564,-0.0021603951065871565,0.9436,0.965906135291,0.3525
chr2,60722565,-0.0021603951263681593,0.944,0.966054532743,0.3079
chr2,60722566,-0.0021603951569200454,0.9448,0.966760573226,0.315
chr2,60722567,-0.0021603952081601747,0.9438,0.965906135291,0.2563
chr2,60722568,-0.0021603953099626856,0.9434,0.965906135291,0.2186
chr2,60722569,-0.0021603956137919754,0.943,0.965906135291,0.1859
chr2,60722570,-0.020009693272918277,0.2238,0.676967756585,0.1603
chr2,60722571,-0.020009693300794544,0.2272,0.676967756585,0.1487
chr2,60722572,-0.02000969333851568,0.2318,0.676967756585,0.1459
chr2,60722573,-0.02000969339240275,0.2332,0.676967756585,0.1507
chr2,60722574,-0.02000969347638576,0.2374,0.676967756585,0.1623
chr2,60722575,-0.020009693637173722,0.2392,0.676967756585,0.1825
chr2,60722576,-0.02000969403783394,0.2408,0.676967756585,0.2559
chr2,60722577,-0.022980789196456398,0.1728,0.641735818145,0.295
chr2,60722578,-0.022980789205783166,0.1734,0.641735818145,0.3316
chr2,60722579,-0.022980789213014826,0.1732,0.641735818145,0.3598
chr2,60722580,-0.022980789218711002,0.1732,0.641735818145,0.4207
chr2,60722581,-0.02298078922323135,0.1732,0.641735818145,0.4491
chr2,60722582,-0.022980789226822708,0.1732,0.641735818145,0.4368
chr2,60722583,-0.022980789229664723,0.1732,0.641735818145,0.3864
chr2,60725249,0.03362008584164316,0.0212,0.236881679389,0.1188
chr2,60725250,0.033620085834992514,0.0212,0.236881679389,0.1317
chr2,60725251,0.0336200858276066,0.0212,0.236881679389,0.1477
chr2,60725252,0.03362008581954647,0.0212,0.236881679389,0.1652
chr2,60725253,0.033620085810892084,0.0212,0.236881679389,0.183
chr2,60725254,0.03362008580173583,0.0212,0.236881679389,0.2014
chr2,60725255,0.03362008579217496,0.0212,0.236881679389,0.2188
chr2,60725256,0.03362008578230393,0.0206,0.231948076923,0.2368
chr2,60725257,0.03362008577220769,0.0202,0.227882466281,0.2548
chr2,60725258,0.03362008576195648,0.0192,0.218142302717,0.2729
chr2,60725259,0.03362008575160307,0.0188,0.214708712614,0.2869
chr2,60725260,0.03362008574118215,0.0188,0.214708712614,0.2451
chr2,60725261,0.03362008573071151,0.0186,0.214708712614,0.2528
chr2,60725262,0.033620085720193704,0.018,0.210219414894,0.26
chr2,60725263,0.03362008570961605,0.0176,0.206785284281,0.2649
chr2,60725264,0.033620085698947276,0.0168,0.198849056604,0.2405
chr2,60725265,0.03362008568812908,0.0156,0.187040273038,0.2401
chr2,60725266,0.033620085677061456,0.0146,0.176739490007,0.2363
chr2,60725267,0.033620085665581376,0.014,0.170533980583,0.2347
chr2,60725268,0.03362008565343332,0.013,0.159793561931,0.2307
chr2,60725269,0.03362008564022911,0.012,0.150342368046,0.2261
chr2,60725270,0.03362008562539128,0.0114,0.143131522516,0.2157
chr2,60725271,0.03362008560806856,0.0112,0.140922636103,0.2055
chr2,60725272,0.033620085587005646,0.011,0.138604734577,0.1631
chr2,60725273,0.033620085560328014,0.0104,0.131138549892,0.1525
chr2,60725274,0.03362008552517565,0.01,0.126457883369,0.1407
chr2,60725275,0.033620085477047174,0.0098,0.124196969697,0.1257
chr2,60725276,0.033620085408557404,0.0094,0.119213718412,0.115
chr2,60725277,0.033620085306896495,0.0088,0.112008695652,0.1076
chr2,60725278,0.033620085148291505,0.0082,0.105596041056,0.1003
chr2,60725279,0.023796269659811495,0.0456,0.348548302872,0.0943
chr2,60725280,0.023796269659711846,0.0454,0.348384010485,0.0879
chr2,60725281,0.023796269659609803,0.045,0.347592348285,0.0819
chr2,60725282,0.023796269659505966,0.0448,0.346962962963,0.0706
chr2,60725283,0.023796269659401154,0.0448,0.346962962963,0.0677
chr2,60725284,0.015252184840998294,0.172,0.641439490446,0.0691
chr2,60725285,0.015252129890727183,0.1714,0.641439490446,0.065
chr2,60725286,0.015252113169570288,0.171,0.641439490446,0.0685
chr2,60725287,0.015252105228025429,0.1704,0.641439490446,0.0795
chr2,60725288,0.015252100986914449,0.168,0.641439490446,0.0897
chr2,60725289,0.015252098685388866,0.1664,0.641439490446,0.1021
chr2,60725290,0.015252097422860435,0.1606,0.636206359946,0.1194
chr2,60725291,0.01525209670474451,0.1584,0.635397552131,0.1431
chr2,60725292,0.015252096272347282,0.1562,0.632049402574,0.1701
chr2,60725293,0.015252095995379513,0.1554,0.629665743945,0.1947
chr2,60725294,0.015252095807084112,0.1558,0.631140913284,0.2143
chr2,60725295,0.015252095671813452,0.154,0.625291262136,0.2297
chr2,60725296,0.015252095569578654,0.154,0.625291262136,0.2118
chr2,60725297,0.015252095488631073,0.1532,0.623195460862,0.188
chr2,60725298,0.015252095421785274,0.1532,0.623195460862,0.1787
chr2,60725299,0.015252095364498,0.152,0.61931802366,0.168
chr2,60725300,0.01525209531382342,0.152,0.61931802366,0.1411
chr2,60725301,0.01525209526781876,0.1506,0.617769500234,0.1377
chr2,60725302,0.015252095225192094,0.1516,0.61931802366,0.1237
chr2,60725303,0.015252095185086112,0.1536,0.624244331328,0.1084
chr2,60725304,0.015252095146940418,0.152,0.61931802366,0.0961
chr2,60725305,0.015252095110399516,0.1478,0.609701033349,0.0846
chr2,60725306,0.015252095075246615,0.1464,0.606632696391,0.0811
chr2,60725307,0.015252095041352174,0.1444,0.602753326996,0.0804
chr2,60725308,0.015252095008631904,0.1426,0.59951388224,0.083
chr2,60725309,0.015252094977014378,0.1396,0.591280279316,0.091
chr2,60725310,0.015252094946421602,0.138,0.589748911466,0.0983
chr2,60725311,0.01525209491676298,0.1364,0.587798331698,0.0995
chr2,60725312,0.015252094887941658,0.1364,0.587798331698,0.1123
chr2,60725313,0.015252094859868195,0.1342,0.582461823573,0.1201
chr2,60725314,0.01525209483247574,0.1348,0.583767751479,0.1246
chr2,60725315,0.01525209480573212,0.1332,0.581150074294,0.1245
chr2,60725316,0.015252094779645951,0.1326,0.580104358655,0.1227
chr2,60725317,0.015252094754266038,0.1336,0.581150074294,0.1144
chr2,60725318,0.015252094729673791,0.1328,0.580834661355,0.1027
chr2,60725319,0.01525209470596919,0.1318,0.578044194757,0.1043
chr2,60725320,0.01525209468325097,0.1312,0.575988002999,0.1055
chr2,60725321,0.015252094661592983,0.1298,0.573280613528,0.1102
chr2,60725322,0.015252094641021218,0.1296,0.573117824773,0.1073
chr2,60725323,0.023796269676526666,0.029,0.274979233227,0.1001
chr2,60725324,0.02379626967748598,0.0294,0.274979233227,0.0981
chr2,60725325,0.023796269678454662,0.0292,0.274979233227,0.1025
chr2,60725326,0.02379626967943352,0.0278,0.274979233227,0.1045
chr2,60725327,0.023796269680424365,0.0276,0.274979233227,0.106
chr2,60725328,0.02379626968143007,0.0286,0.274979233227,0.1079
chr2,60725329,0.02379626968245452,0.0288,0.274979233227,0.1119
chr2,60725330,0.023796269683502576,0.0288,0.274979233227,0.1178
chr2,60725331,0.023796269684579943,0.0282,0.274979233227,0.136
chr2,60725332,0.02379626968569315,0.0292,0.274979233227,0.1407
chr2,60725333,0.02379626968684932,0.029,0.274979233227,0.1493
chr2,60725334,0.023796269688056135,0.0284,0.274979233227,0.1564
chr2,60725335,0.02379626968932172,0.0278,0.274979233227,0.1596
chr2,60725336,0.02379626969065457,0.0276,0.274979233227,0.162
chr2,60725337,0.023796269692063495,0.0276,0.274979233227,0.1462
chr2,60725338,0.02379626969355756,0.0278,0.274979233227,0.1473
chr2,60725339,0.023796269695145946,0.0278,0.274979233227,0.1516
chr2,60725340,0.023796269696837694,0.028,0.274979233227,0.1564
chr2,60725341,0.02379626969864143,0.0284,0.274979233227,0.1643
chr2,60725342,0.02379626970056479,0.0288,0.274979233227,0.1731
chr2,60725343,0.02379626970261393,0.029,0.274979233227,0.193
chr2,60725344,0.023796269704793045,0.0288,0.274979233227,0.2237
chr2,60725345,0.023796269707103978,0.029,0.274979233227,0.2507
chr2,60725346,0.02379626970954649,0.0288,0.274979233227,0.3283
chr2,60725347,0.02379626971211872,0.0302,0.277148902821,0.3185
chr2,60725348,0.023796269714818265,0.0308,0.277721765914,0.3396
chr2,60725349,0.023796269717643585,0.0308,0.277721765914,0.4126
chr2,60725350,0.023796269720595703,0.0314,0.279119939271,0.3754
chr2,60725351,0.023796269723680166,0.0316,0.279765120968,0.3838
chr2,60725352,0.02379626972690939,0.0314,0.279119939271,0.3844
chr2,60725353,0.023796269730305703,0.032,0.280759240759,0.363
chr2,60725354,0.02379626973390564,0.0314,0.279119939271,0.3422
chr2,60725355,0.02379626973776644,0.0308,0.277721765914,0.3028
chr2,60725356,0.02379626974197648,0.0306,0.277721765914,0.2667
chr2,60725357,0.02379626974667296,0.0308,0.277721765914,0.2258
chr2,60725358,0.023796269752073825,0.0302,0.277148902821,0.1914
chr2,60725359,0.023796269758540274,0.0298,0.276511885895,0.146
chr2,60725360,0.023796269766714714,0.0302,0.277148902821,0.1217
chr2,60725361,0.02379626977787307,0.0304,0.27739012987,0.1031
chr2,60725362,0.023796269794983112,0.029,0.274979233227,0.0908
chr2,60725363,0.023796269826411656,0.0302,0.277148902821,0.0851
chr2,60725364,0.023796269904858083,0.0304,0.27739012987,0.0772
chr2,60725365,0.0237963049045923,0.031,0.278952356557,0.0707
chr2,60725366,0.03170400490324121,0.0056,0.0823129707113,0.0658
chr2,60725367,0.03170400498099426,0.006,0.0844471153846,0.0686
chr2,60725368,0.031704005014048624,0.006,0.0844471153846,0.0603
chr2,60725369,0.031704005033161294,0.0064,0.0864073789393,0.0567
chr2,60725370,0.03170400504575435,0.0066,0.088630733945,0.0538
chr2,60725371,0.03170400505476062,0.0068,0.0902811791383,0.0513
chr2,60725372,0.031704005061539385,0.0066,0.088630733945,0.0477
chr2,60725373,0.031704005066808615,0.0064,0.0864073789393,0.0455
chr2,60725374,0.03170400507098981,0.006,0.0844471153846,0.0417
chr2,60725375,0.03170400507435207,0.0058,0.0835742411813,0.0411
chr2,60725376,0.03170400507707633,0.0058,0.0835742411813,0.039
chr2,60725377,0.03170400507928724,0.0058,0.0835742411813,0.0379
chr2,60725378,0.03170400508107109,0.0066,0.088630733945,0.0369
chr2,60725379,0.03170400508248671,0.0062,0.0856155660377,0.037
chr2,60725380,0.03170400508357364,0.0064,0.0864073789393,0.0379
chr2,60725381,0.03170400508435879,0.006,0.0844471153846,0.0396
chr2,60725382,0.03170400508486227,0.0058,0.0835742411813,0.0403
chr2,60725383,0.03170400508510199,0.006,0.0844471153846,0.0426
chr2,60725384,0.0317040050850969,0.0056,0.0823129707113,0.0454
chr2,60725385,0.0317040050848685,0.0056,0.0823129707113,0.049
chr2,60725386,0.031704005084441024,0.0056,0.0823129707113,0.0533
chr2,60725387,0.03170400508384079,0.0056,0.0823129707113,0.0593
chr2,60725388,0.031704005083095135,0.0058,0.0835742411813,0.0693
chr2,60725389,0.03170400508223128,0.006,0.0844471153846,0.0777
chr2,60725390,0.0317040050812755,0.0058,0.0835742411813,0.0865
chr2,60725391,0.031704005080252395,0.0062,0.0856155660377,0.0974
chr2,60725392,0.03170400507918436,0.006,0.0844471153846,0.1093
chr2,60725393,0.031704005078091346,0.0054,0.0811385799829,0.1313
chr2,60725394,0.03170400507699032,0.0058,0.0835742411813,0.1348
chr2,60725395,0.03170400507589506,0.0056,0.0823129707113,0.1533
chr2,60725396,0.03170400507481564,0.0056,0.0823129707113,0.1543
chr2,60725397,0.03170400507375782,0.0054,0.0811385799829,0.1639
chr2,60725398,0.031704005072722134,0.005,0.0786962365591,0.1721
chr2,60725399,0.03170400507170268,0.0048,0.0775639374425,0.1889
chr2,60725400,0.031704005070685146,0.005,0.0786962365591,0.2255
chr2,60725401,0.03170400506964346,0.005,0.0786962365591,0.209
chr2,60725402,0.03170400506853384,0.005,0.0786962365591,0.1848
chr2,60725403,0.03170400506728278,0.0048,0.0775639374425,0.1887
chr2,60725404,0.03170400506576061,0.0044,0.0758676056338,0.1689
chr2,60725405,0.031704005063716574,0.0048,0.0775639374425,0.1556
chr2,60725406,0.03170400506059087,0.005,0.0786962365591,0.1396
chr2,60725407,0.031704005054798895,0.0052,0.0804031690141,0.1389
chr2,60725408,0.025605711132059516,0.018,0.210219414894,0.129
chr2,60725409,0.025605711115420312,0.018,0.210219414894,0.1197
chr2,60725410,-0.0010469388983774725,0.9944,0.997067930129,0.1133
chr2,60725411,-0.0010469389199812991,0.9972,0.998507467792,0.1069
chr2,60725412,-0.0010469389269654157,0.996,0.998444241525,0.1042
chr2,60725413,-0.0010469389304907028,0.9936,0.996322657989,0.1032
chr2,60725414,-0.0010469389326980183,0.9952,0.997699218081,0.1037
chr2,60725415,-0.0010469389342796323,0.9972,0.998507467792,0.1063
chr2,60725416,-0.001046938935527234,0.9966,0.998507467792,0.1109
chr2,60725417,-0.048415149317399216,<0.0002,<0.05,0.1182
chr2,60725418,-0.04841514932572459,<0.0002,<0.05,0.127
chr2,60725419,-0.048415149331418765,0.0002,0.00643406593407,0.1414
chr2,60725420,-0.0484151493351768,0.0002,0.00643406593407,0.1558
chr2,60725421,-0.048415149337431615,0.0002,0.00643406593407,0.1963
chr2,60725422,-0.0484151493384277,0.0002,0.00643406593407,0.2135
chr2,60725423,-0.04841514933825606,0.0002,0.00643406593407,0.2319
chr2,60725424,-0.04841514933685552,0.0002,0.00643406593407,0.2554
chr2,60725425,-0.04841514933397204,0.0002,0.00643406593407,0.2758
chr2,60725426,-0.048415149329043984,0.0002,0.00643406593407,0.2995
chr2,60725427,-0.048415149320920274,0.0004,0.0116710963455,0.3265
chr2,60725428,-0.04841514930712197,0.0004,0.0116710963455,0.348
chr2,60725429,-0.04841514928156206,0.0004,0.0116710963455,0.3586
chr2,60725430,-0.048415149225188775,0.0004,0.0116710963455,0.3589
chr2,60725431,-0.0484151490412997,0.0004,0.0116710963455,0.3542
chr2,60725432,-0.015235076516446604,0.1648,0.641439490446,0.3388
chr2,60725433,-0.015235073254350874,0.162,0.640740824139,0.326
chr2,60725434,-0.015235073052592914,0.1624,0.640869215292,0.3094
chr2,60725435,-0.01523507297115104,0.1642,0.641439490446,0.2894
chr2,60725436,-0.014984554758697612,0.1696,0.641439490446,0.2692
chr2,60725437,-0.01498455420886915,0.1674,0.641439490446,0.2492
chr2,60725438,-0.014984554049381633,0.1706,0.641439490446,0.234
chr2,60725439,-0.01498455397470276,0.1726,0.641735818145,0.2252
chr2,60725440,-0.01498455393229154,0.1744,0.641735818145,0.2476
chr2,60725441,-0.014984553905442675,0.1766,0.641735818145,0.2497
chr2,60725442,-0.014984553886965858,0.1764,0.641735818145,0.2594
chr2,60725443,-0.01498455387318397,0.1768,0.641735818145,0.2755
chr2,60725444,-0.014984553862012247,0.1738,0.641735818145,0.3896
chr2,60725445,-0.014984553852208947,0.172,0.641439490446,0.3398
chr2,60725446,-0.014984553843047295,0.1706,0.641439490446,0.2854
chr2,60725447,-0.014984553834163014,0.1708,0.641439490446,0.3226
chr2,60725448,-0.01498455382548051,0.1702,0.641439490446,0.3352
chr2,60725449,-0.014984553817172468,0.1696,0.641439490446,0.3208
chr2,60725450,-0.014984553809620388,0.171,0.641439490446,0.2224
chr2,60725451,-0.0010469388510909333,0.9964,0.998507467792,0.231
chr2,60725452,-0.0010469388494440805,0.9982,0.998939323154,0.209
chr2,60725453,-0.0010469388470276,0.9968,0.998507467792,0.2159
chr2,60725454,-0.0010469388436101638,0.9946,0.997154623288,0.1905
chr2,60725455,-0.0010469388388329548,0.997,0.998507467792,0.162
chr2,60725456,-0.0010469388321315844,0.9994,0.999570720875,0.1309
chr2,60725457,-0.0010469388226049786,0.9966,0.998507467792,0.1037
chr2,60725458,-0.0010469388087231148,0.9946,0.997154623288,0.0923
chr2,60725459,-0.0010469387873746187,0.9964,0.998507467792,0.0851
chr2,60725460,-0.00104693875035616,0.9982,0.998939323154,0.0776
chr2,60725461,-0.001046938676866632,0.9992,0.999570720875,0.0711
chr2,60725462,-0.00104693843414792,0.999,0.999569068641,0.0666
chr2,60725463,-0.001046936609674262,0.9982,0.998939323154,0.0587
chr2,60725464,0.03354648200446224,0.0022,0.04830375,0.0526
chr2,60725465,0.03354648200350574,0.0022,0.04830375,0.0464
chr2,60725466,0.03354648200196361,0.0022,0.04830375,0.0417
chr2,60725467,0.033546481999881916,0.0022,0.04830375,0.0381
chr2,60725468,0.03354648199731372,0.0022,0.04830375,0.0347
chr2,60725469,0.03354648199432108,0.0022,0.04830375,0.0317
chr2,60725470,0.03354648199097271,0.0022,0.04830375,0.0295
chr2,60725471,0.033546481987338964,0.0022,0.04830375,0.0285
chr2,60725472,0.033546481983486226,0.0022,0.04830375,0.0273
chr2,60725473,0.03354648197947254,0.0022,0.04830375,0.0264
chr2,60725474,0.0335464819753453,0.0022,0.04830375,0.0261
chr2,60725475,0.033546481971140865,0.0022,0.04830375,0.0258
chr2,60725476,0.0335464819668857,0.0024,0.0512846715328,0.0258
chr2,60725477,0.03354648196259807,0.0024,0.0512846715328,0.0254
chr2,60725478,0.03354648195829,0.003,0.0609895833333,0.0254
chr2,60725479,0.033546481953968886,0.0032,0.0636557191393,0.0254
chr2,60725480,0.03354648194963877,0.0028,0.0579293286219,0.0257
chr2,60725481,0.03354648194530126,0.0024,0.0512846715328,0.0271
chr2,60725482,0.03354648194095608,0.0024,0.0512846715328,0.0282
chr2,60725483,0.033546481936601355,0.0024,0.0512846715328,0.0296
chr2,60725484,0.03354648193223367,0.0024,0.0512846715328,0.0318
chr2,60725485,0.033546481927848176,0.0024,0.0512846715328,0.0358
chr2,60725486,0.03354648192343866,0.0024,0.0512846715328,0.0427
chr2,60725487,0.03354648191899724,0.0024,0.0512846715328,0.048
chr2,60725488,0.03354648191451471,0.0024,0.0512846715328,0.0596
chr2,60725489,0.03354648190998088,0.0024,0.0512846715328,0.0754
chr2,60725490,0.0335464819053849,0.0022,0.04830375,0.0966
chr2,60725491,0.033546481900715866,0.0022,0.04830375,0.1082
chr2,60725492,0.0335464818959632,0.0022,0.04830375,0.1253
chr2,60725493,0.03354648189111708,0.0022,0.04830375,0.1396
chr2,60725494,0.033546481886168024,0.0022,0.04830375,0.1677
chr2,60725495,0.03354648188110624,0.0024,0.0512846715328,0.2028
chr2,60725496,0.03354648187591957,0.0026,0.054824729892,0.2343
chr2,60725497,0.03354648187059045,0.0022,0.04830375,0.3001
chr2,60725498,0.03354648186509188,0.0022,0.04830375,0.34
chr2,60725499,0.03354648185938226,0.0022,0.04830375,0.4798
chr2,60725500,0.033546481853398945,0.0022,0.04830375,0.4941
chr2,60725501,0.03354648184705049,0.0022,0.04830375,0.4947
chr2,60725502,0.03354648184020631,0.0024,0.0512846715328,0.6287
chr2,60725503,0.033546481832681614,0.0022,0.04830375,0.6032
chr2,60725504,0.033546481824213326,0.0022,0.04830375,0.5598
chr2,60725505,0.033546481814418994,0.0022,0.04830375,0.5041
chr2,60725506,0.03354648180272246,0.0022,0.04830375,0.4353
chr2,60725507,0.03354648178821091,0.0024,0.0512846715328,0.3627
chr2,60725508,0.033546481769338624,0.0024,0.0512846715328,0.2827
chr2,60725509,0.03354648174325091,0.0026,0.054824729892,0.2376
chr2,60725510,0.033546481704019734,0.0026,0.054824729892,0.2161
chr2,60725511,0.03354648163701373,0.0028,0.0579293286219,0.2225
chr2,60725512,0.033546481493281384,0.0028,0.0579293286219,0.2003
chr2,60725513,0.03354648098089492,0.003,0.0609895833333,0.1821
chr2,60725514,0.02249500377829647,0.0298,0.276511885895,0.1706
chr2,60725515,0.022495003287229517,0.03,0.277148902821,0.1602
chr2,60725516,0.022495003153024096,0.0304,0.27739012987,0.1542
chr2,60725517,0.022495003091979108,0.029,0.274979233227,0.1413
chr2,60725518,0.0224950030573283,0.0282,0.274979233227,0.1268
chr2,60725519,0.022495003035068968,0.0292,0.274979233227,0.1261
chr2,60725520,0.02249500301957164,0.0286,0.274979233227,0.1248
chr2,60725521,0.022495003008156128,0.0288,0.274979233227,0.1204
chr2,60725522,0.022495002999389103,0.0282,0.274979233227,0.1053
chr2,60725523,0.02249500299243449,0.0278,0.274979233227,0.0931
chr2,60725524,0.022495002986769604,0.0278,0.274979233227,0.0875
chr2,60725525,0.02249500298204776,0.0278,0.274979233227,0.0803
chr2,60725526,0.022495002978025987,0.0282,0.274979233227,0.074
chr2,60725527,0.022495002974524496,0.0282,0.274979233227,0.0698
chr2,60725528,0.02249500297140264,0.0288,0.274979233227,0.0651
chr2,60725529,0.02249500296854401,0.0292,0.274979233227,0.0643
chr2,60725530,0.02249500296584674,0.0294,0.274979233227,0.0643
chr2,60725531,0.022495002963216985,0.0298,0.276511885895,0.0687
chr2,60725532,0.022495002960563393,0.0296,0.275821750663,0.0735
chr2,60725533,0.022495002957792477,0.0296,0.275821750663,0.0838
chr2,60725534,0.0224950029548033,0.029,0.274979233227,0.0968
chr2,60725535,0.022495002951480502,0.0288,0.274979233227,0.1153
chr2,60725536,0.022495002947683758,0.0282,0.274979233227,0.1448
chr2,60725537,0.022495002943231153,0.028,0.274979233227,0.1733
chr2,60725538,0.02249500293787069,0.0278,0.274979233227,0.1875
chr2,60725539,0.02249500293122886,0.0276,0.274979233227,0.1996
chr2,60725540,0.022495002922711105,0.0278,0.274979233227,0.2234
chr2,60725541,0.022495002911290755,0.027,0.274979233227,0.2368
chr2,60725542,0.022495002895005556,0.027,0.274979233227,0.2468
chr2,60725543,0.02249500286954174,0.027,0.274979233227,0.2452
chr2,60725544,0.02249500282313504,0.0272,0.274979233227,0.2379
chr2,60725545,0.02249500270811007,0.0278,0.274979233227,0.2257
chr2,60725546,0.022495001886440165,0.028,0.274979233227,0.2141
chr2,60725547,0.015237804253307494,0.1142,0.545235933678,0.1999
chr2,60725548,-0.00957229722717581,0.3816,0.774902630365,0.2031
chr2,60725549,-0.009572297277455611,0.3822,0.774902630365,0.2065
chr2,60725550,-0.009572297300296836,0.382,0.774902630365,0.1823
chr2,60725551,-0.009572297312705959,0.3748,0.773058008455,0.1704
chr2,60725552,-0.009572297320013159,0.3792,0.774902630365,0.1591
chr2,60725553,-0.009572297324396796,0.3792,0.774902630365,0.164
chr2,60725554,-0.009572297326864352,0.3794,0.774902630365,0.1535
chr2,60725555,-0.009572297327891034,0.3796,0.774902630365,0.1445
chr2,60725556,-0.00957229732765575,0.3796,0.774902630365,0.1342
chr2,60725557,-0.009572297326118816,0.3778,0.774902630365,0.1286
chr2,60725558,-0.009572297323007958,0.378,0.774902630365,0.1221
chr2,60725559,-0.009572297317701824,0.3774,0.774902630365,0.1296
chr2,60725560,-0.009572297308906293,0.378,0.774902630365,0.1425
chr2,60725561,-0.009572297293745955,0.3788,0.774902630365,0.1427
chr2,60725562,-0.009572297264695322,0.3808,0.774902630365,0.1529
chr2,60725563,-0.009572297194692124,0.3822,0.774902630365,0.1495
chr2,60725564,-0.009572296873353363,0.3844,0.776268797425,0.1707
chr2,60725565,0.003913477805844287,0.6456,0.897402573175,0.1915
chr2,60725566,0.003913478040182593,0.6466,0.897402573175,0.197
chr2,60725567,0.003913478105374628,0.6446,0.897402573175,0.218
chr2,60725568,0.003913478135817985,0.6442,0.897402573175,0.2443
chr2,60725569,0.00391347815334984,0.6416,0.897402573175,0.2829
chr2,60725570,0.003913478164644569,0.6376,0.897402573175,0.3126
chr2,60725571,0.003913478172424659,0.6382,0.897402573175,0.3208
chr2,60725572,0.003913478178004478,0.6374,0.897402573175,0.3135
chr2,60725573,0.00391347818209332,0.6376,0.897402573175,0.2887
chr2,60725574,0.003913478185106216,0.6366,0.897402573175,0.2613
chr2,60725575,0.003913478187302984,0.6384,0.897402573175,0.261
chr2,60725576,0.0039134781888582135,0.6402,0.897402573175,0.2017
chr2,60725577,0.003913478189900371,0.6406,0.897402573175,0.1745
chr2,60725578,0.00391347819053563,0.6394,0.897402573175,0.1502
chr2,60725579,0.003913478190862894,0.641,0.897402573175,0.1307
chr2,60725580,0.0039134781909824275,0.6428,0.897402573175,0.1194
chr2,60725581,0.003913478190999013,0.6466,0.897402573175,0.1107
chr2,60725582,0.003913478191020366,0.6506,0.897402573175,0.1042
chr2,60725583,0.003913478191153134,0.6482,0.897402573175,0.1012
chr2,60725584,0.0039134781914984,0.6448,0.897402573175,0.1059
chr2,60725585,0.003913478192149906,0.648,0.897402573175,0.1174
chr2,60725586,0.003913478193196216,0.6512,0.897402573175,0.1334
chr2,60725587,0.003913478194726977,0.6498,0.897402573175,0.148
chr2,60725588,0.003913478196842791,0.6502,0.897402573175,0.163
chr2,60725589,0.003913478199668416,0.6498,0.897402573175,0.1567
chr2,60725590,0.00391347820336997,0.6516,0.897402573175,0.1728
chr2,60725591,0.003913478208178095,0.652,0.897402573175,0.1681
chr2,60725592,0.003913478214420907,0.6506,0.897402573175,0.1573
chr2,60725593,0.003913478222573419,0.6494,0.897402573175,0.135
chr2,60725594,0.003913478233335381,0.6498,0.897402573175,0.1272
chr2,60725595,0.003913478247758915,0.6498,0.897402573175,0.1174
chr2,60725596,0.0039134782674685965,0.6512,0.897402573175,0.106
chr2,60725597,0.003913478295058228,0.651,0.897402573175,0.0885
chr2,60725598,0.003913478334864981,0.6512,0.897402573175,0.0718
chr2,60725599,0.003913478394621993,0.65,0.897402573175,0.062
chr2,60725600,0.0039134784894473505,0.6492,0.897402573175,0.0516
chr2,60725601,0.003913478653174175,0.6512,0.897402573175,0.0451
chr2,60725602,0.003913478980456689,0.6544,0.897402573175,0.0407
chr2,60725603,0.00391347986555953,0.6568,0.897402573175,0.0401
chr2,60725604,0.003913483505039676,0.6578,0.897402573175,0.0395
chr2,60725605,0.036689210455121,0.0016,0.0367853403141,0.0404
chr2,60725606,0.03668921312440695,0.0014,0.0327443408788,0.0454
chr2,60725607,0.036689213951353376,0.001,0.0244297635605,0.0543
chr2,60725608,0.03668921432547416,0.0012,0.0282926174497,0.0638
chr2,60725609,0.03668921453876135,0.0012,0.0282926174497,0.0675
chr2,60725610,0.03668921467650234,0.0012,0.0282926174497,0.0731
chr2,60725611,0.04968407739729851,<0.0002,<0.05,0.0856
chr2,60725612,0.04968410880198501,<0.0002,<0.05,0.0969
chr2,60725613,0.04968411051896659,<0.0002,<0.05,0.1062
chr2,60725614,0.04968411111701812,<0.0002,<0.05,0.1158
chr2,60725615,0.04968411141985533,<0.0002,<0.05,0.1209
chr2,60725616,0.04968411160037203,<0.0002,<0.05,0.1287
chr2,60725617,0.04968411171925351,<0.0002,<0.05,0.1301
chr2,60725618,0.049684111803540196,<0.0002,<0.05,0.1297
chr2,60725619,0.04968411186694231,<0.0002,<0.05,0.1279
chr2,60725620,0.04968411191704205,<0.0002,<0.05,0.138
chr2,60725621,0.04968411195830879,<0.0002,<0.05,0.1508
chr2,60725622,0.049684111993521865,<0.0002,<0.05,0.1365
chr2,60725623,0.04968411202448783,<0.0002,<0.05,0.1264
chr2,60725624,0.049684112052425566,<0.0002,<0.05,0.1324
chr2,60725625,0.04968411207818398,<0.0002,<0.05,0.1523
chr2,60725626,0.04968411210237085,<0.0002,<0.05,0.1811
chr2,60725627,0.04968411212543223,0.0002,0.00643406593407,0.1772
chr2,60725628,0.0496841121477035,0.0002,0.00643406593407,0.1933
chr2,60725629,0.0496841121694436,0.0002,0.00643406593407,0.2086
chr2,60725630,0.04968411219085916,0.0002,0.00643406593407,0.2257
chr2,60725631,0.04968411221212235,0.0002,0.00643406593407,0.2456
chr2,60725632,0.04968411223338488,0.0002,0.00643406593407,0.2575
chr2,60725633,0.049684112254789525,0.0002,0.00643406593407,0.2409
chr2,60725634,0.049684112276480126,0.0002,0.00643406593407,0.2456
chr2,60725635,0.04968411229861114,0.0002,0.00643406593407,0.2465
chr2,60725636,0.04968411232135668,0.0002,0.00643406593407,0.2456
chr2,60725637,0.049684112344921406,0.0004,0.0116710963455,0.2337
chr2,60725638,0.04968411236955187,0.0002,0.00643406593407,0.2045
chr2,60725639,0.049684112395550525,0.0002,0.00643406593407,0.1964
chr2,60725640,0.04968411242329248,0.0002,0.00643406593407,0.1875
chr2,60725641,0.049684112453245104,0.0002,0.00643406593407,0.1864
chr2,60725642,0.04968411248599155,0.0002,0.00643406593407,0.1848
chr2,60725643,0.04968411252225326,0.0002,0.00643406593407,0.1592
chr2,60725644,0.04968411256290721,0.0002,0.00643406593407,0.1564
chr2,60725645,0.04968411260897703,0.0002,0.00643406593407,0.1357
chr2,60725646,0.04968411266156834,0.0002,0.00643406593407,0.1201
chr2,60725647,0.04968411272168325,0.0002,0.00643406593407,0.1049
chr2,60725648,0.049684112789838496,0.0002,0.00643406593407,0.0941
chr2,60725649,0.04968411286546789,0.0002,0.00643406593407,0.0853
chr2,60725650,0.04968411294634751,0.0002,0.00643406593407,0.08
chr2,60725651,0.04968411302858219,0.0002,0.00643406593407,0.077
chr2,60725652,0.04968411310760073,0.0002,0.00643406593407,0.0762
chr2,60725653,0.04968411317968192,0.0002,0.00643406593407,0.0808
chr2,60725654,0.04968411324289357,0.0002,0.00643406593407,0.087
chr2,60725655,0.04968411329700404,0.0002,0.00643406593407,0.0962
chr2,60725656,0.04968411334282052,0.0002,0.00643406593407,0.1028
chr2,60725657,0.049684113381557725,0.0002,0.00643406593407,0.113
chr2,60725658,0.049684113414454896,0.0002,0.00643406593407,0.1151
chr2,60725659,0.049684113442606634,0.0002,0.00643406593407,0.1142
chr2,60725660,0.04968411346691659,0.0002,0.00643406593407,0.1207
chr2,60725661,0.04968411348810532,<0.0002,<0.05,0.1259
chr2,60725662,0.04968411350673717,<0.0002,<0.05,0.1269
chr2,60725663,0.04968411352324932,<0.0002,<0.05,0.1265
chr2,60725664,0.049684113537977186,<0.0002,<0.05,0.1272
chr2,60725665,0.04968411355117508,<0.0002,<0.05,0.1281
chr2,60725666,0.04968411356303293,<0.0002,<0.05,0.141
chr2,60725667,0.0496841135736895,0.0002,0.00643406593407,0.146
chr2,60725668,0.05386373775094324,0.0002,0.00643406593407,0.1545
chr2,60725669,0.053863737865617926,0.0002,0.00643406593407,0.1842
chr2,60725670,0.0538637379040827,0.0002,0.00643406593407,0.1921
chr2,60725671,0.05386373792329184,0.0002,0.00643406593407,0.2028
chr2,60725672,0.05386373793477071,0.0002,0.00643406593407,0.2209
chr2,60725673,0.05386373794238357,0.0002,0.00643406593407,0.2445
chr2,60725674,0.053863737947771315,0.0002,0.00643406593407,0.2597
chr2,60725675,0.05386373795172041,0.0002,0.00643406593407,0.2751
chr2,60725676,0.05386373795462083,0.0002,0.00643406593407,0.2884
chr2,60725677,0.05386373795664682,0.0002,0.00643406593407,0.2956
chr2,60725678,0.05386373795783534,0.0002,0.00643406593407,0.294
chr2,60725679,0.05386373795812025,0.0002,0.00643406593407,0.2866
chr2,60725680,0.05386373795734476,0.0002,0.00643406593407,0.2733
chr2,60725681,0.05386373795526117,0.0002,0.00643406593407,0.2597
chr2,60725682,0.053863737951521655,0.0004,0.0116710963455,0.2404
chr2,60725683,0.053863737945661024,0.0002,0.00643406593407,0.219
chr2,60725684,0.05386373793706932,0.0004,0.0116710963455,0.1971
chr2,60725685,0.05386373792494989,0.0008,0.0196531468531,0.1959
chr2,60725686,0.05386373790825103,0.0008,0.0196531468531,0.1981
chr2,60725687,0.05386373788554953,0.0008,0.0196531468531,0.1741
chr2,60725688,0.05386373785484021,0.0008,0.0196531468531,0.1522
chr2,60725689,0.05386373781314296,0.0008,0.0196531468531,0.1344
chr2,60725690,0.05386373775570105,0.0008,0.0196531468531,0.1149
chr2,60725691,0.05386373767422243,0.0012,0.0282926174497,0.096
chr2,60725692,0.05386373755249513,0.0012,0.0282926174497,0.0928
chr2,60725693,0.05386373735317461,0.0012,0.0282926174497,0.0756
chr2,60725694,0.053863736963454506,0.0014,0.0327443408788,0.0643
chr2,60725695,0.05386373577335016,0.0016,0.0367853403141,0.0549
chr2,60725696,0.05386337584704464,0.0016,0.0367853403141,0.0534
chr2,60725697,0.049684110824260774,0.0024,0.0512846715328,0.0502
chr2,60725698,0.047944052740363494,0.003,0.0609895833333,0.0463
chr2,60725699,0.047944051242850866,0.0036,0.0694116355653,0.0459
chr2,60725700,0.04794405060315352,0.0056,0.0823129707113,0.0467
chr2,60725701,0.04794405029770727,0.006,0.0844471153846,0.0505
chr2,60725702,0.04794405013180949,0.0062,0.0856155660377,0.0563
chr2,60725703,0.047944050031829784,0.0062,0.0856155660377,0.0654
chr2,60725704,0.047944049966574434,0.0062,0.0856155660377,0.0748
chr2,60725705,0.04794404992151309,0.0062,0.0856155660377,0.0867
chr2,60725706,0.04794404988912745,0.0062,0.0856155660377,0.0989
chr2,60725707,0.047944049865165275,0.0062,0.0856155660377,0.126
chr2,60725708,0.047944049847047476,0.0062,0.0856155660377,0.1814
chr2,60725709,0.04794404983312394,0.0062,0.0856155660377,0.2165
chr2,60725710,0.04794404982229447,0.0062,0.0856155660377,0.2165
chr2,60731312,-0.003323139259071198,0.869,0.943327668253,0.389
chr2,60731313,-0.0033231392581295777,0.869,0.943327668253,0.4532
chr2,60731314,-0.0033231392569429657,0.869,0.943327668253,0.4804
chr2,60731315,-0.0033231392554498094,0.869,0.943327668253,0.4749
chr2,60731316,-0.003323139253571035,0.869,0.943327668253,0.4263
chr2,60731317,-0.0033231392512037324,0.869,0.943327668253,0.3439
chr2,60731318,-0.003323139248211768,0.8688,0.943327668253,0.2546
chr2,60731319,-0.003323139244411649,0.8686,0.943327668253,0.1649
chr2,60731320,-0.003323139239550773,0.8674,0.942697747803,0.1187
chr2,60731321,-0.00332313923327294,0.8666,0.9422363974,0.1033
chr2,60731322,-0.0033231392250600046,0.8666,0.9422363974,0.0905
chr2,60731323,-0.0033231392141186453,0.8656,0.941382205436,0.0826
chr2,60731324,-0.0033231391990888167,0.8638,0.93983194995,0.0778
chr2,60731325,-0.0033231391768875126,0.8602,0.936321063395,0.076
chr2,60731326,-0.0033231391363023484,0.8552,0.930993988224,0.0738
chr2,60731327,-0.003323139027038027,0.8516,0.929591162964,0.0781
chr2,60731328,-0.003323138476719991,0.8518,0.929591162964,0.0884
chr2,60731329,0.0003135766358870411,0.898,0.959450729927,0.1068
chr2,60731330,0.0003135779507455742,0.8988,0.959838399805,0.1316
chr2,60731331,0.0003135781869995231,0.8984,0.959644612017,0.1615
chr2,60731332,0.0003135782755973033,0.8954,0.957954744792,0.2021
chr2,60731333,0.00031357832192526705,0.8944,0.957293035159,0.2524
chr2,60731334,0.0003135783521755844,0.8912,0.955655992681,0.3044
chr2,60731335,0.0003135783748642929,0.8904,0.955165262001,0.3247
chr2,60731336,0.00031357839353412614,0.8908,0.95547765022,0.3921
chr2,60731337,0.00031357840996559843,0.889,0.954829705271,0.4328
chr2,60731338,0.00031357842517410075,0.8878,0.954416243344,0.4529
chr2,60731339,0.0003135784397853969,0.8852,0.952437243492,0.4424
chr2,60731340,0.0003135784542029288,0.8872,0.954180014695,0.4073
chr2,60731341,0.0003135784686916709,0.8878,0.954416243344,0.3474
chr2,60731342,0.00031357848342650435,0.887,0.954023329863,0.2867
chr2,60731343,0.00031357849852401353,0.8918,0.955655992681,0.2127
chr2,60731344,0.0003135785140640771,0.8932,0.956533227655,0.1806
chr2,60731345,0.0003135785301077691,0.8922,0.955695389682,0.1556
chr2,60731346,0.0003135785467121211,0.8886,0.954829705271,0.1325
chr2,60731347,0.000313578563944182,0.8888,0.954829705271,0.1052
chr2,60731348,0.0003135785818956194,0.8842,0.951652757353,0.096
chr2,60731349,0.0003135786007005641,0.8824,0.950647448479,0.0885
chr2,60731350,0.00031357862056058253,0.886,0.95318123354,0.0823
chr2,60731351,0.0003135786417834218,0.887,0.954023329863,0.0799
chr2,60731352,0.00031357866484610234,0.8898,0.954852797459,0.0769
chr2,60731353,0.0003135786904959817,0.8888,0.954829705271,0.0739
chr2,60731354,0.00031357871989241636,0.8888,0.954829705271,0.0745
chr2,60731355,0.00031357875470897675,0.8898,0.954852797459,0.0751
chr2,60731356,0.0003135787968167331,0.889,0.954829705271,0.0772
chr2,60731357,0.0003135788466606293,0.8876,0.954376469148,0.0808
chr2,60731358,0.0003135789004323078,0.8856,0.952809261301,0.0864
chr2,60731359,0.00031357895076398866,0.8864,0.953553160216,0.0949
chr2,60731360,0.00031357899292532265,0.8896,0.954852797459,0.1066
chr2,60731361,0.0003135790271730242,0.8912,0.955655992681,0.1245
chr2,60731362,0.00031357905579199285,0.8922,0.955695389682,0.1448
chr2,60731363,0.00031357908084913254,0.895,0.957701797137,0.167
chr2,60731364,0.0003135791037248328,0.8934,0.956689081266,0.2104
chr2,60731365,0.0003135791252702589,0.891,0.955633815717,0.2655
chr2,60731366,0.0003135791460095812,0.8894,0.954852797459,0.2918
chr2,60731367,0.0003135791662740304,0.8898,0.954852797459,0.3058
chr2,60731368,0.00031357918627912383,0.8918,0.955655992681,0.308
chr2,60731369,0.00031357920616850764,0.8916,0.955655992681,0.3029
chr2,60731370,0.00031357922603933626,0.8898,0.954852797459,0.2887
chr2,60731371,0.00031357924595773674,0.89,0.954852797459,0.3062
chr2,60731372,0.0003135792659687005,0.8884,0.954710676048,0.2804
chr2,60731373,0.00031357928610271636,0.8888,0.954829705271,0.2505
chr2,60731374,0.0003135793063803694,0.89,0.954852797459,0.2287
chr2,60731375,0.00031357932681553777,0.8912,0.955655992681,0.2079
chr2,60731376,0.00031357934741764785,0.89,0.954852797459,0.1733
chr2,60731377,0.00031357936819323857,0.8944,0.957293035159,0.1484
chr2,60731378,0.0003135793891470555,0.8918,0.955655992681,0.1425
chr2,60731379,0.0003135794102828238,0.8902,0.955009039272,0.1296
chr2,60731380,0.0003135794316038824,0.8914,0.955655992681,0.1316
chr2,60731381,0.0003135794531136119,0.8948,0.957604459879,0.1364
chr2,60731382,0.0003135794748157778,0.8962,0.958168665165,0.1438
chr2,60731383,0.00031357949671474684,0.8944,0.957293035159,0.1533
chr2,60731384,0.00031357951881557007,0.8944,0.957293035159,0.1663
chr2,60731385,0.0003135795411239469,0.8924,0.95579304878,0.1824
chr2,60731386,0.0003135795636461164,0.8918,0.955655992681,0.1951
chr2,60731387,0.0003135795863887551,0.8916,0.955655992681,0.1903
chr2,60731388,0.0003135796093589589,0.8922,0.955695389682,0.2009
chr2,60731389,0.0003135796325643267,0.8898,0.954852797459,0.2075
chr2,60731390,0.00031357965601306405,0.889,0.954829705271,0.2393
chr2,60731391,0.00031357967971389273,0.89,0.954852797459,0.2663
chr2,60731392,0.00031357970367549144,0.8882,0.954612555834,0.258
chr2,60731393,0.00031357972790531694,0.8894,0.954852797459,0.2448
chr2,60731394,0.00031357975240784965,0.888,0.954514411603,0.2282
chr2,60731395,0.00031357977718292286,0.8938,0.957000731484,0.207
chr2,60731396,0.00031357980222442407,0.8944,0.957293035159,0.1865
chr2,60731397,0.00031357982752001803,0.8908,0.95547765022,0.1653
chr2,60731398,0.005284096652905499,0.5376,0.887077876938,0.1424
chr2,60731399,0.005284097625836718,0.5374,0.886914497792,0.1139
chr2,60731400,0.00528409786519079,0.5366,0.886343708858,0.0953
chr2,60731401,0.005284097982499951,0.5386,0.888143916635,0.0819
chr2,60731402,0.005284098057340346,0.537,0.886504229323,0.0651
chr2,60731403,0.00528409811231287,0.5368,0.886504229323,0.0564
chr2,60731404,0.005284098156406399,0.5354,0.885691395217,0.0512
chr2,60731405,0.0052840981939564725,0.5348,0.885118439649,0.0439
chr2,60731406,0.005284098227333674,0.5344,0.884706503299,0.0388
chr2,60731407,0.0052840982579464525,0.5348,0.885118439649,0.0349
chr2,60731408,0.005284098286674877,0.5368,0.886504229323,0.0332
chr2,60731409,0.005284098314077684,0.5364,0.886343708858,0.0309
chr2,60731410,0.005284098340497816,0.5358,0.885771952941,0.0295
chr2,60731411,0.00528409836611793,0.536,0.886019198193,0.0284
chr2,60731412,0.005284098390990071,0.5366,0.886343708858,0.0285
chr2,60731413,0.005284098415047438,0.5394,0.888795590994,0.0287
chr2,60731414,0.005284098438127942,0.5398,0.889204445278,0.0295
chr2,60731415,0.00528409845999387,0.5362,0.886183007151,0.0314
chr2,60731416,0.005284098480366074,0.535,0.885282618935,0.0345
chr2,60731417,0.005284098498976786,0.5356,0.885691395217,0.0383
chr2,60731418,0.005284098515619894,0.5356,0.885691395217,0.0456
chr2,60731419,0.005284098530191044,0.5352,0.885446736366,0.0581
chr2,60731420,0.005284098542701071,0.537,0.886504229323,0.0784
chr2,60731421,0.005284098553260988,0.5374,0.886914497792,0.1011
chr2,60731422,0.005284098562050661,0.5382,0.887734341253,0.1297
chr2,60731423,0.005284098569282761,0.5362,0.886183007151,0.1649
chr2,60731424,0.00528409857517312,0.5384,0.887897474416,0.2088
chr2,60731425,0.005284098579921309,0.538,0.887487791134,0.2557
chr2,60731426,0.005284098583700681,0.538,0.887487791134,0.3039
chr2,60731427,0.005284098586655175,0.5394,0.888795590994,0.3505
chr2,60731428,0.005284098588900198,0.5396,0.888958356781,0.3961
chr2,60731429,0.005284098590525352,0.5408,0.890517671323,0.4895
chr2,60731430,0.005284098591597825,0.5436,0.89320243218,0.5164
chr2,60731431,0.005284098592165569,0.5474,0.893206464018,0.5328
chr2,60731432,0.005284098592260021,0.544,0.893206464018,0.5356
chr2,60731433,0.005284098591898049,0.5446,0.893206464018,0.4742
chr2,60731434,0.005284098591083067,0.5484,0.893206464018,0.4645
chr2,60731435,0.005284098589804971,0.5472,0.893206464018,0.4511
chr2,60731436,0.005284098588038516,0.5486,0.893206464018,0.4328
chr2,60731437,0.005284098585739366,0.5464,0.893206464018,0.4083
chr2,60731438,0.005284098582836502,0.549,0.893206464018,0.4524
chr2,60731439,0.005284098579218799,0.5484,0.893206464018,0.4321
chr2,60731440,0.005284098574711661,0.5486,0.893206464018,0.4115
chr2,60731441,0.005284098569036025,0.5496,0.893206464018,0.4502
chr2,60731442,0.005284098561734079,0.5498,0.893206464018,0.4278
chr2,60731443,0.005284098552027861,0.5494,0.893206464018,0.4017
chr2,60731444,0.005284098538531683,0.5508,0.893206464018,0.3836
chr2,60731445,0.005284098518615194,0.552,0.893206464018,0.4254
chr2,60731446,0.005284098486826417,0.5516,0.893206464018,0.4029
chr2,60731447,0.005284098430347533,0.5538,0.893206464018,0.3892
chr2,60731448,0.0052840983126215425,0.5548,0.893206464018,0.3656
chr2,60731449,0.005284097987213007,0.5558,0.893440743113,0.3397
chr2,60731450,0.005284096139813622,0.5574,0.895357201646,0.3891
chr2,60731451,0.00031358098764062476,0.9098,0.963850241255,0.3576
chr2,60731452,0.00031358099544316506,0.9092,0.963272694372,0.3211
chr2,60731453,0.0003135810027896705,0.908,0.962523838262,0.289
chr2,60731454,0.00031358100972628353,0.9074,0.962178146695,0.2468
chr2,60731455,0.00031358101630240523,0.9048,0.961336317445,0.204
chr2,60731456,0.00031358102256955317,0.9042,0.961240108893,0.1631
chr2,60731457,0.00031358102857972594,0.9046,0.961240108893,0.128
chr2,60731458,0.00031358103438333256,0.9042,0.961240108893,0.0986
chr2,60731459,0.0003135810400270775,0.9044,0.961240108893,0.0813
chr2,60731460,0.0003135810455521147,0.9058,0.961582170683,0.0651
chr2,60731461,0.00031358105099283897,0.9064,0.961582170683,0.0526
chr2,60731462,0.00031358105637642925,0.905,0.961490655054,0.0442
chr2,60731463,0.00031358106172315426,0.9048,0.961336317445,0.0389
chr2,60731464,0.00031358106704725247,0.9054,0.961508524788,0.0354
chr2,60731465,0.0003135810723581194,0.9054,0.961508524788,0.0322
chr2,60731466,0.0003135810776614564,0.904,0.961240108893,0.0306
chr2,60731467,0.0003135810829603545,0.904,0.961240108893,0.029
chr2,60731468,0.0003135810882560782,0.9038,0.961240108893,0.0278
chr2,60731469,0.0003135810935485809,0.9022,0.961240108893,0.0282
chr2,60731470,0.0003135810988368003,0.9044,0.961240108893,0.0279
chr2,60731471,0.00031358110411871604,0.9076,0.962332126041,0.0286
chr2,60731472,0.0003135811093913485,0.9032,0.961240108893,0.03
chr2,60731473,0.0003135811146506583,0.9044,0.961240108893,0.0318
chr2,60731474,0.00031358111989142725,0.904,0.961240108893,0.0339
chr2,60731475,0.00031358112510717126,0.9044,0.961240108893,0.0364
chr2,60731476,0.00031358113029012803,0.9046,0.961240108893,0.0391
chr2,60731477,0.00031358113543139007,0.9044,0.961240108893,0.0418
chr2,60731478,0.0003135811405210693,0.9046,0.961240108893,0.0453
chr2,60731479,0.0003135811455487445,0.9042,0.961240108893,0.0534
chr2,60731480,0.00031358115050397756,0.9036,0.961240108893,0.0656
chr2,60731481,0.00031358115537695767,0.9032,0.961240108893,0.0715
chr2,60731482,0.00031358116015915423,0.9032,0.961240108893,0.0856
chr2,60731483,0.00031358116484395024,0.9038,0.961240108893,0.0901
chr2,60731484,0.00031358116942716463,0.9038,0.961240108893,0.0912
chr2,60731485,0.00031358117390739343,0.9038,0.961240108893,0.0898
chr2,60731486,0.000313581178286127,0.9036,0.961240108893,0.0855
chr2,60731487,0.00031358118256762346,0.904,0.961240108893,0.0792
chr2,60731488,0.0003135811867585594,0.9036,0.961240108893,0.0724
chr2,60731489,0.00031358119086750383,0.9042,0.961240108893,0.0712
chr2,60731490,0.00031358119490428255,0.9038,0.961240108893,0.0697
chr2,60731491,0.0003135811988793135,0.9036,0.961240108893,0.0591
chr2,60731492,0.00031358120280298215,0.9038,0.961240108893,0.0505
chr2,60731493,0.0003135812066851171,0.9032,0.961240108893,0.0438
chr2,60731494,0.00031358121053460175,0.903,0.961240108893,0.039
chr2,60731495,0.0003135812143591381,0.9044,0.961240108893,0.0375
chr2,60731496,0.00031358121816514454,0.9038,0.961240108893,0.0343
chr2,60731497,0.0003135812219577773,0.9036,0.961240108893,0.0318
chr2,60731498,0.0003135812257410372,0.9032,0.961240108893,0.0293
chr2,60731499,0.0003135812295179307,0.9038,0.961240108893,0.0274
chr2,60731500,0.0003135812332906549,0.902,0.961240108893,0.0273
chr2,60731501,0.00031358123706078496,0.9028,0.961240108893,0.0266
chr2,60731502,0.00031358124082944846,0.9062,0.961582170683,0.0274
chr2,60731503,0.0003135812445974805,0.9038,0.961240108893,0.0276
chr2,60731504,0.0003135812483655631,0.9062,0.961582170683,0.0291
chr2,60731505,0.00031358125213433485,0.9054,0.961508524788,0.0311
chr2,60731506,0.00031358125590449785,0.9052,0.961508524788,0.0339
chr2,60731507,0.0003135812596769157,0.906,0.961582170683,0.0381
chr2,60731508,0.00031358126345271386,0.9064,0.961582170683,0.0441
chr2,60731509,0.00031358126723339004,0.9058,0.961582170683,0.0534
chr2,60731510,0.0003135812710209484,0.9056,0.961582170683,0.0705
chr2,60731511,0.00031358127481807813,0.9052,0.961508524788,0.0753
chr2,60731512,0.0003135812786283655,0.9052,0.961508524788,0.0997
chr2,60731513,0.0003135812824566194,0.906,0.961582170683,0.1337
chr2,60731514,0.000313581286309293,0.9062,0.961582170683,0.1844
chr2,60731515,0.0003135812901950442,0.9074,0.962178146695,0.2408
chr2,60731516,0.00031358129412546206,0.9064,0.961582170683,0.3109
chr2,60731517,0.00031358129811598134,0.9066,0.961620108696,0.3969
chr2,60731518,0.0003135813021870086,0.906,0.961582170683,0.4851
chr2,60731519,0.00031358130636528016,0.9066,0.961620108696,0.5482
chr2,60731520,0.0003135813106854873,0.9062,0.961582170683,0.4693
chr2,60731521,0.00031358131519223045,0.9042,0.961240108893,0.5087
chr2,60731522,0.0003135813199424039,0.9038,0.961240108893,0.5216
chr2,60731523,0.00031358132500818904,0.9058,0.961582170683,0.5174
chr2,60731524,0.00031358133048093077,0.903,0.961240108893,0.4986
chr2,60731525,0.00031358133647630673,0.9018,0.961240108893,0.4693
chr2,60731526,0.0003135813431413881,0.9026,0.961240108893,0.4279
chr2,60731527,0.00031358135066446275,0.8996,0.960517536928,0.3716
chr2,60731528,0.000313581359288826,0.9024,0.961240108893,0.2526
chr2,60731529,0.0003135813693321921,0.9018,0.961240108893,0.1781
chr2,60731530,0.0003135813812137836,0.9016,0.961240108893,0.1477
chr2,60731531,0.0003135813954911145,0.9008,0.961214507017,0.1202
chr2,60731532,0.0003135814129074762,0.9004,0.961079606223,0.1
chr2,60731533,0.00031358143444790675,0.9014,0.961240108893,0.0802
chr2,60731534,0.0003135814613999017,0.9016,0.961240108893,0.0642
chr2,60731535,0.00031358149542284213,0.902,0.961240108893,0.0536
chr2,60731536,0.0003135815386666065,0.9012,0.961240108893,0.049
chr2,60731537,0.00031358159404644344,0.9014,0.961240108893,0.0426
chr2,60731538,0.00031358166577977176,0.901,0.961240108893,0.0387
chr2,60731539,0.000313581760153264,0.902,0.961240108893,0.0346
chr2,60731540,0.0003135818859641789,0.9016,0.961240108893,0.0322
chr2,60731541,0.000313582053960785,0.9018,0.961240108893,0.0307
chr2,60731542,0.00031358227533026517,0.9018,0.961240108893,0.0294
chr2,60731543,0.0003135825602955587,0.9018,0.961240108893,0.031
chr2,60731544,0.000313582916945447,0.9042,0.961240108893,0.0333
chr2,60731545,0.00031358334608447383,0.9046,0.961240108893,0.0346
chr2,60731546,0.00031358382539706204,0.906,0.961582170683,0.0378
chr2,60731547,0.0003135845919019393,0.908,0.962523838262,0.0422
chr2,60731548,0.00031361922783058264,0.9082,0.962561576057,0.0472
chr2,60731549,0.011180597362741292,0.2914,0.700200409836,0.0553
chr2,60731550,0.011180605323023344,0.2916,0.700200409836,0.0663
chr2,60731551,0.01118060582499143,0.2922,0.700681638225,0.0827
chr2,60731552,0.0111806060946439,0.2918,0.700200409836,0.1001
chr2,60731553,0.011180606231165341,0.2918,0.700200409836,0.1201
chr2,60731554,0.011180606304798672,0.2918,0.700200409836,0.145
chr2,60731555,0.011180606349387117,0.2928,0.701163190184,0.1656
chr2,60731556,0.011180606378584998,0.2934,0.701643430905,0.1922
chr2,60731557,0.011180606398609055,0.2958,0.703741974807,0.2113
chr2,60731558,-0.04755341918633856,0.0002,0.00643406593407,0.2306
chr2,60731559,-0.04755341917374222,0.0002,0.00643406593407,0.2419
chr2,60731560,-0.047553419161376245,0.0002,0.00643406593407,0.2506
chr2,60731561,-0.04755341914936844,0.0002,0.00643406593407,0.2081
chr2,60731562,-0.0475534191378038,0.0004,0.0116710963455,0.207
chr2,60731563,-0.04755341912673377,0.0004,0.0116710963455,0.2039
chr2,60731564,-0.04755341911618384,0.0002,0.00643406593407,0.1995
chr2,60731565,-0.047553419106159116,0.0002,0.00643406593407,0.1988
chr2,60731566,-0.047553419096648515,0.0004,0.0116710963455,0.1925
chr2,60731567,-0.047553419087627405,0.0004,0.0116710963455,0.1628
chr2,60731568,-0.047553419079058655,0.0004,0.0116710963455,0.1661
chr2,60731569,-0.04755341907089221,0.0004,0.0116710963455,0.1696
chr2,60731570,-0.04755341906306324,0.0004,0.0116710963455,0.1744
chr2,60731571,-0.04755341905548877,0.0004,0.0116710963455,0.2161
chr2,60731572,-0.04755341904806245,0.0004,0.0116710963455,0.2281
chr2,60731573,-0.047553419040647416,0.0004,0.0116710963455,0.2493
chr2,60731574,-0.047553419033065626,0.0004,0.0116710963455,0.3303
chr2,60731575,-0.04755341902508212,0.0004,0.0116710963455,0.3478
chr2,60731576,-0.04755341901638051,0.0004,0.0116710963455,0.3576
chr2,60731577,-0.04755341900652314,0.0004,0.0116710963455,0.3596
chr2,60731578,-0.047553418994885334,0.0004,0.0116710963455,0.3556
chr2,60731579,-0.04755341898054168,0.0004,0.0116710963455,0.3391
chr2,60731580,-0.04755341896206348,0.0004,0.0116710963455,0.4014
chr2,60731581,0.011180606414862003,0.3226,0.719594104308,0.355
chr2,60731582,0.011180606411034097,0.3232,0.719594104308,0.3043
chr2,60731583,0.011180606407063693,0.322,0.719594104308,0.2522
chr2,60731584,0.01118060640296821,0.3222,0.719594104308,0.2073
chr2,60731585,0.011180606398765409,0.3222,0.719594104308,0.1602
chr2,60731586,0.011180606394472683,0.3222,0.719594104308,0.1234
chr2,60731587,0.011180606390106457,0.3244,0.719594104308,0.095
chr2,60731588,0.011180606385681599,0.3246,0.719594104308,0.072
chr2,60731589,0.011180606381211164,0.3244,0.719594104308,0.056
chr2,60731590,0.011180606376706126,0.325,0.719594104308,0.046
chr2,60731591,0.01118060637217538,0.3252,0.719594104308,0.0391
chr2,60731592,0.011180606367625811,0.3252,0.719594104308,0.0346
chr2,60731593,0.011180606363062425,0.3262,0.720343761779,0.0321
chr2,60731594,0.01118060635848852,0.3264,0.720343761779,0.0306
chr2,60731595,0.011180606353905742,0.3284,0.722216852385,0.0286
chr2,60731596,0.011180606349314148,0.3274,0.7213724285,0.0279
chr2,60731597,0.011180606344712117,0.3282,0.721957795867,0.0275
chr2,60731598,0.011180606340096237,0.3248,0.719594104308,0.0277
chr2,60731599,0.011180606335461063,0.3248,0.719594104308,0.029
chr2,60731600,0.011180606330798959,0.3276,0.72145110331,0.0304
chr2,60731601,0.011180606326100026,0.328,0.721879463726,0.0323
chr2,60731602,0.011180606321352298,0.3274,0.7213724285,0.0361
chr2,60731603,0.011180606316542266,0.3282,0.721957795867,0.038
chr2,60731604,0.011180606311655818,0.3292,0.723251782364,0.0439
chr2,60731605,0.011180606306679499,0.3292,0.723251782364,0.0507
chr2,60731606,0.0111806063016019,0.3294,0.723510191322,0.0594
chr2,60731607,0.011180606296414914,0.3306,0.725329627779,0.0725
chr2,60731608,0.011180606291114626,0.3316,0.72652538356,0.1023
chr2,60731609,0.011180606285701736,0.3322,0.727295650006,0.1256
chr2,60731610,0.011180606280181483,0.3314,0.726449644328,0.1514
chr2,60731611,0.011180606274563255,0.3332,0.727656082071,0.1709
chr2,60731612,0.01118060626886002,0.3332,0.727656082071,0.1914
chr2,60731613,0.011180606263087662,0.3346,0.727656082071,0.2133
chr2,60731614,0.011180606257264324,0.3344,0.727656082071,0.29
chr2,60731615,0.01118060625140959,0.335,0.727656082071,0.2961
chr2,60731616,0.011180606245543592,0.3348,0.727656082071,0.2187
chr2,60731617,0.011180606239685935,0.3352,0.727656082071,0.2078
chr2,60731618,0.011180606233854567,0.3368,0.727656082071,0.1891
chr2,60731619,0.011180606228064705,0.3362,0.727656082071,0.1672
chr2,60731620,0.011180606222328077,0.3384,0.727656082071,0.1452
chr2,60731621,0.011180606216652426,0.3386,0.727656082071,0.1221
chr2,60731622,0.011180606211041501,0.3402,0.728822173436,0.1009
chr2,60731623,0.011180606205495366,0.3414,0.730057341125,0.0999
chr2,60731624,0.011180606200010972,0.3422,0.730404695631,0.0816
chr2,60731625,0.011180606194582927,0.3436,0.730404695631,0.0663
chr2,60731626,0.011180606189204313,0.344,0.730459381044,0.0506
chr2,60731627,0.011180606183867469,0.3442,0.730619093656,0.043
chr2,60731628,0.011180606178564685,0.345,0.731222249006,0.0373
chr2,60731629,0.011180606173288733,0.3456,0.731381204819,0.0335
chr2,60731630,0.011180606168033236,0.3458,0.731628161889,0.0301
chr2,60731631,0.011180606162792837,0.346,0.731875,0.0293
chr2,60731632,0.011180606157563252,0.3454,0.731222249006,0.0286
chr2,60731633,0.01118060615234121,0.3464,0.732192057762,0.027
chr2,60731634,0.011180606147124341,0.3466,0.732350415013,0.0263
chr2,60731635,0.011180606141911038,0.347,0.732931096681,0.0263
chr2,60731636,0.011180606136700329,0.3464,0.732192057762,0.026
chr2,60731637,0.01118060613149179,0.354,0.742892473118,0.0267
chr2,60731638,0.011180606126285488,0.3592,0.751262763299,0.0265
chr2,60731639,0.011180606121082008,0.3632,0.757853171775,0.0271
chr2,60731640,0.011180606115882456,0.3636,0.75841752761,0.0288
chr2,60731641,0.011180606110688586,0.3634,0.758180425229,0.03
chr2,60731642,0.011180606105502918,0.3642,0.759038087328,0.0319
chr2,60731643,0.011180606100328862,0.3646,0.759410204806,0.0336
chr2,60731644,0.011180606095170865,0.3642,0.759038087328,0.0376
chr2,60731645,0.011180606090034451,0.3642,0.759038087328,0.042
chr2,60731646,0.011180606084926296,0.364,0.759038087328,0.0488
chr2,60731647,0.011180606079854098,0.3638,0.758744597483,0.0572
chr2,60731648,0.01118060607482639,0.3642,0.759038087328,0.0651
chr2,60731649,0.011180606069852201,0.365,0.759410204806,0.0767
chr2,60731650,0.01118060606494061,0.3652,0.759410204806,0.0898
chr2,60731651,0.011180606060100217,0.3662,0.761129215477,0.1017
chr2,60731652,0.011180606055338563,0.3666,0.761780314681,0.1125
chr2,60731653,0.011180606050661606,0.3674,0.762991369118,0.1229
chr2,60731654,0.01118060604607325,0.3686,0.764940808129,0.129
chr2,60731655,0.011180606041575038,0.3686,0.764940808129,0.1329
chr2,60731656,0.011180606037166085,0.3708,0.767149823322,0.1351
chr2,60731657,0.01118060603284318,0.3718,0.768585030011,0.1346
chr2,60731658,0.011180606028601159,0.3746,0.772736230182,0.1326
chr2,60731659,0.011180606024433461,0.3776,0.774902630365,0.1327
chr2,60731660,0.01118060602033279,0.3794,0.774902630365,0.1322
chr2,60731661,0.011180606016291922,0.3804,0.774902630365,0.1321
chr2,60731662,0.0111806060123044,0.3824,0.774902630365,0.1328
chr2,60731663,0.011180606008365202,0.3844,0.776268797425,0.1314
chr2,60731664,0.011180606004471235,0.3862,0.777668577324,0.1813
chr2,60731665,0.011180606000621632,0.387,0.77856545642,0.1879
chr2,60731666,0.011180605996817881,0.3892,0.780132146525,0.195
chr2,60731667,0.011180605993063808,0.3906,0.780578255946,0.2017
chr2,60731668,0.011180605989365426,0.3916,0.780578255946,0.207
chr2,60731669,0.011180605985730748,0.3936,0.780623146393,0.2128
chr2,60731670,0.011180605982169462,0.3956,0.780623146393,0.3257
chr2,60731671,0.011180605978692552,0.3992,0.78062323356,0.3238
chr2,60731672,0.011180605975311756,0.402,0.781617223821,0.3173
chr2,60731673,0.011180605972038895,0.4024,0.781869675289,0.3136
chr2,60731674,0.011180605968885138,0.4038,0.781869675289,0.298
chr2,60731675,0.011180605965860171,0.4056,0.781994185409,0.2853
chr2,60731676,0.01118060596297148,0.4068,0.782161378556,0.2656
chr2,60731677,0.01118060596022377,0.408,0.782333511263,0.2447
chr2,60731678,0.01118060595761857,0.4084,0.782333511263,0.2225
chr2,60731679,0.011180605955154181,0.41,0.782333511263,0.2014
chr2,60731680,0.011180605952825842,0.4104,0.782333511263,0.179
chr2,60731681,0.011180605950626215,0.411,0.782333511263,0.153
chr2,60731682,0.011180605948546129,0.41,0.782333511263,0.1343
chr2,60731683,0.01118060594657544,0.4122,0.782333511263,0.1203
chr2,60731684,0.011180605944704082,0.4152,0.782333511263,0.1081
chr2,60731685,0.011180605942923014,0.4152,0.782333511263,0.1036
chr2,60731686,0.011180605941225125,0.4166,0.782333511263,0.0974
chr2,60731687,0.011180605939605865,0.4166,0.782333511263,0.0987
chr2,60731688,0.011180605938063597,0.4172,0.782333511263,0.1057
chr2,60731689,0.011180605936599582,0.4172,0.782333511263,0.1148
chr2,60731690,0.011180605935217627,0.4172,0.782333511263,0.1253
chr2,60731691,0.011180605933923405,0.4172,0.782333511263,0.1362
chr2,60731692,0.011180605932723556,0.4172,0.782333511263,0.1457
chr2,60731693,0.011180605931624673,0.4172,0.782333511263,0.152
chr2,60731694,0.011180605930632304,0.4172,0.782333511263,0.1527
chr2,60732980,-0.013276842388497884,0.3146,0.711642471042,0.7852
chr2,60732981,-0.013276842398271546,0.3146,0.711642471042,0.8594
chr2,60732982,-0.013276842409777742,0.3146,0.711642471042,0.8988
chr2,60732983,-0.013276842423114948,0.3146,0.711642471042,0.9161
chr2,60732984,-0.013276842438348663,0.3146,0.711642471042,0.9126
chr2,60732985,-0.013276842455508057,0.3142,0.711642471042,0.8896
chr2,60732986,-0.013276842474583309,0.314,0.711642471042,0.8444
chr2,60732987,-0.013276842495523267,0.3132,0.711321179209,0.7582
chr2,60732988,-0.01327684251823479,0.3126,0.710877654065,0.6154
chr2,60732989,-0.013276842542582884,0.3118,0.710698873203,0.4365
chr2,60732990,-0.01327684256839361,0.3114,0.710698873203,0.3394
chr2,60732991,-0.01327684259546043,0.311,0.710698873203,0.2529
chr2,60732992,-0.013276842623553777,0.3094,0.710698873203,0.183
chr2,60732993,-0.013276842652432107,0.3096,0.710698873203,0.135
chr2,60732994,-0.013276842681851895,0.3094,0.710698873203,0.1029
chr2,60732995,-0.013276842711573953,0.3088,0.710698873203,0.085
chr2,60732996,-0.013276842741364935,0.3066,0.710698873203,0.0703
chr2,60732997,-0.013276842770994722,0.3056,0.710698873203,0.0567
chr2,60732998,-0.013276842800231926,0.3026,0.708594720704,0.0515
chr2,60732999,-0.013276842828840396,0.2954,0.703171296924,0.0528
chr2,60733000,-0.013276842856578985,0.292,0.700393281442,0.058
chr2,60733001,-0.01327684288320537,0.2882,0.69785401158,0.0705
chr2,60733002,-0.013276842908482587,0.2862,0.695889119601,0.0848
chr2,60733003,-0.01327684293218554,0.2832,0.694991670137,0.1015
chr2,60733004,-0.013276842954104754,0.2822,0.694991670137,0.127
chr2,60733005,-0.013276842974045976,0.2828,0.694991670137,0.159
chr2,60733006,-0.013276842991826078,0.2818,0.694991670137,0.1926
chr2,60733007,-0.013276843007266836,0.2802,0.694991670137,0.2299
chr2,60733008,-0.013276843020187428,0.2798,0.694991670137,0.2627
chr2,60733009,-0.013276843030395663,0.2792,0.694991670137,0.2888
chr2,60733010,-0.013276843037676336,0.2778,0.694991670137,0.2996
chr2,60733011,-0.01327684304177347,0.2756,0.694991670137,0.302
chr2,60733012,-0.013276843042362414,0.2752,0.694991670137,0.2906
chr2,60733013,-0.013276843039006269,0.2752,0.694991670137,0.2296
chr2,60733014,-0.01327684303108791,0.2738,0.694991670137,0.1729
chr2,60733015,-0.013276843017705132,0.273,0.694991670137,0.1515
chr2,60733016,-0.01327684299750717,0.2738,0.694991670137,0.1119
chr2,60733017,-0.013276842968430794,0.274,0.694991670137,0.0893
chr2,60733018,-0.013276842927255967,0.2742,0.694991670137,0.0732
chr2,60733019,-0.013276842868829197,0.274,0.694991670137,0.0563
chr2,60733020,-0.013276842784676748,0.2744,0.694991670137,0.0479
chr2,60733021,-0.013276842660485446,0.2734,0.694991670137,0.0413
chr2,60733022,-0.013276842471178277,0.274,0.694991670137,0.0363
chr2,60733023,-0.013276842168727173,0.2748,0.694991670137,0.0334
chr2,60733024,-0.01327684163678539,0.274,0.694991670137,0.0302
chr2,60733025,-0.01327684050472316,0.2732,0.694991670137,0.0283
chr2,60733026,-0.013276838827326868,0.2712,0.694102870465,0.0298
chr2,60733027,-0.013276729656874028,0.2658,0.68800132626,0.0315
chr2,60733028,-0.0041644438139530685,0.7718,0.897402573175,0.0319
chr2,60733029,-0.004164441090901932,0.7704,0.897402573175,0.0334
chr2,60733030,-0.004164439242255433,0.7696,0.897402573175,0.0347
chr2,60733031,-0.004164438249491608,0.7686,0.897402573175,0.037
chr2,60733032,-0.004164437667386122,0.7676,0.897402573175,0.0411
chr2,60733033,-0.004164437280672746,0.7682,0.897402573175,0.0464
chr2,60733034,-0.004164437003789128,0.7672,0.897402573175,0.0491
chr2,60733035,-0.004164436796844564,0.7672,0.897402573175,0.0544
chr2,60733036,-0.004164436637857624,0.7676,0.897402573175,0.0648
chr2,60733037,-0.004164436513312011,0.7674,0.897402573175,0.0768
chr2,60733038,-0.004164436414291377,0.768,0.897402573175,0.0873
chr2,60733039,-0.004164436334593279,0.768,0.897402573175,0.1054
chr2,60733040,-0.004164436269788701,0.7704,0.897402573175,0.1026
chr2,60733041,-0.004164436216627303,0.7694,0.897402573175,0.1129
chr2,60733042,-0.004164436172673816,0.771,0.897402573175,0.1253
chr2,60733043,-0.004164436136081637,0.772,0.897402573175,0.1326
chr2,60733044,-0.004164436105435175,0.7734,0.897402573175,0.1428
chr2,60733045,-0.004164436079641668,0.7722,0.897402573175,0.1355
chr2,60733046,-0.0041644360578521255,0.7706,0.897402573175,0.1415
chr2,60733047,-0.004164436039403241,0.7684,0.897402573175,0.1464
chr2,60733048,-0.004164436023772741,0.7668,0.897402573175,0.1319
chr2,60733049,-0.004164436010545485,0.7654,0.897402573175,0.1301
chr2,60733050,-0.004164435999387868,0.7654,0.897402573175,0.1263
chr2,60733051,-0.004164435990029046,0.7648,0.897402573175,0.1189
chr2,60733052,-0.013371103572258694,0.2476,0.676967756585,0.1114
chr2,60733053,-0.013371103571475338,0.2472,0.676967756585,0.1069
chr2,60733054,-0.013371103570674765,0.2446,0.676967756585,0.1026
chr2,60733055,-0.013371103569854912,0.245,0.676967756585,0.096
chr2,60733056,-0.013371103569013418,0.2434,0.676967756585,0.0961
chr2,60733057,-0.013371103568147366,0.2436,0.676967756585,0.099
chr2,60733058,-0.01337110356725293,0.2442,0.676967756585,0.1097
chr2,60733059,-0.013371103566325024,0.2436,0.676967756585,0.1259
chr2,60733060,-0.01337110356535691,0.2434,0.676967756585,0.1616
chr2,60733061,-0.013371103564339805,0.2414,0.676967756585,0.1918
chr2,60733062,-0.013371103563262507,0.2426,0.676967756585,0.2255
chr2,60733063,-0.013371103562111228,0.24,0.676967756585,0.2953
chr2,60733064,-0.0133711035608698,0.2382,0.676967756585,0.4221
chr2,60733065,-0.01337110355952059,0.2384,0.676967756585,0.4707
chr2,60733066,-0.013371103558046708,0.237,0.676967756585,0.4934
chr2,60733067,-0.013371103556435681,0.2354,0.676967756585,0.4892
chr2,60733068,-0.013371103554684162,0.233,0.676967756585,0.4494
chr2,60733069,-0.01337110355280207,0.2354,0.676967756585,0.384
chr2,60733070,-0.013371103550813146,0.2348,0.676967756585,0.3378
chr2,60733071,-0.01337110354874994,0.2348,0.676967756585,0.2962
chr2,60733072,-0.013371103546644565,0.237,0.676967756585,0.2224
chr2,60733073,-0.013371103544518839,0.2366,0.676967756585,0.1734
chr2,60733074,-0.013371103542378072,0.2362,0.676967756585,0.1336
chr2,60733075,-0.013371103540208651,0.2384,0.676967756585,0.1204
chr2,60733076,-0.01337110353797708,0.2384,0.676967756585,0.1139
chr2,60733077,-0.013371103535627442,0.2342,0.676967756585,0.109
chr2,60733078,-0.009567676701545817,0.4006,0.780969317678,0.1105
chr2,60733079,-0.009567676768887255,0.3994,0.78062323356,0.1161
chr2,60733080,-0.009567676812042285,0.3988,0.78062323356,0.1228
chr2,60733081,-0.009567676841327791,0.3966,0.780623146393,0.1351
chr2,60733082,-0.009567676861677978,0.396,0.780623146393,0.133
chr2,60733083,-0.009567676875748663,0.3938,0.780623146393,0.1324
chr2,60733084,-0.009567676885087964,0.3926,0.780623146393,0.1431
chr2,60733085,-0.009567676890652759,0.3948,0.780623146393,0.1523
chr2,60733086,-0.009567676893063507,0.3968,0.780623146393,0.1597
chr2,60733087,-0.009567676892740688,0.3976,0.780623146393,0.1645
chr2,60733088,-0.009567676889982262,0.397,0.780623146393,0.1707
chr2,60733089,-0.009567676885009823,0.3982,0.780623146393,0.171
chr2,60733090,-0.009567676877997118,0.4004,0.780969317678,0.1906
chr2,60733091,-0.009567676869088115,0.3994,0.78062323356,0.1898
chr2,60733092,-0.009567676858408496,0.4008,0.780969317678,0.1896
chr2,60733093,-0.009567676846072827,0.3988,0.78062323356,0.1874
chr2,60733094,-0.00956767683218806,0.4008,0.780969317678,0.1862
chr2,60733095,-0.009567676816854975,0.4002,0.780969317678,0.1843
chr2,60733096,-0.009567676800168083,0.4022,0.781833001328,0.1784
chr2,60733097,-0.009567676782215413,0.4032,0.781869675289,0.1753
chr2,60733098,-0.009567676763079019,0.4008,0.780969317678,0.1693
chr2,60733099,-0.009567676742837105,0.4014,0.780969317678,0.163
chr2,60733100,-0.009567676721567386,0.398,0.780623146393,0.1682
chr2,60733101,-0.009567676699351584,0.3974,0.780623146393,0.1712
chr2,60733102,-0.009567676676279821,0.3982,0.780623146393,0.1429
chr2,60733103,-0.009567676652453833,0.3984,0.780623146393,0.1311
chr2,60733104,-0.009567676627987852,0.3972,0.780623146393,0.1147
chr2,60733105,-0.009567676603006482,0.3978,0.780623146393,0.1038
chr2,60733106,-0.00956767657763985,0.397,0.780623146393,0.0934
chr2,60733107,-0.009567676552017184,0.395,0.780623146393,0.084
chr2,60733108,-0.009567676526260678,0.3946,0.780623146393,0.0734
chr2,60733109,-0.00956767650048148,0.3968,0.780623146393,0.0654
chr2,60733110,-0.009567676474778302,0.3972,0.780623146393,0.0596
chr2,60733111,-0.009567676449239237,0.3992,0.78062323356,0.0565
chr2,60733112,-0.009567676423946191,0.3996,0.780840360441,0.0555
chr2,60733113,-0.009567676398979857,0.4014,0.780969317678,0.0556
chr2,60733114,-0.00956767637442519,0.4058,0.781994185409,0.0585
chr2,60733115,-0.00956767635037532,0.4042,0.781869675289,0.061
chr2,60733116,-0.009567676326933509,0.4054,0.781994185409,0.0692
chr2,60733117,-0.00956767630421283,0.4068,0.782161378556,0.0877
chr2,60733118,-0.009567676282333891,0.4092,0.782333511263,0.1047
chr2,60733119,-0.009567676261420972,0.4102,0.782333511263,0.1377
chr2,60733120,-0.009567676241597966,0.4094,0.782333511263,0.1662
chr2,60733121,-0.00956767622298466,0.4088,0.782333511263,0.1813
chr2,60733122,-0.00956767620569417,0.4104,0.782333511263,0.2113
chr2,60733123,-0.009567676189831799,0.4118,0.782333511263,0.2365
chr2,60733124,-0.009567676175495636,0.4118,0.782333511263,0.2544
chr2,60733125,-0.009567676162778484,0.4128,0.782333511263,0.2681
chr2,60733126,-0.009567676151771185,0.4142,0.782333511263,0.2755
chr2,60733127,-0.009567676142566966,0.416,0.782333511263,0.276
chr2,60733128,-0.009567676135267301,0.419,0.78345060677,0.2746
chr2,60733129,-0.009567676129989228,0.4186,0.78295272069,0.2648
chr2,60733130,-0.009567676126875223,0.4182,0.782704635056,0.2514
chr2,60733131,-0.009567676126106974,0.4164,0.782333511263,0.2355
chr2,60733132,-0.009567676127926002,0.4154,0.782333511263,0.1961
chr2,60733133,-0.009567676132665778,0.4144,0.782333511263,0.1728
chr2,60733134,-0.009567676140804018,0.4146,0.782333511263,0.1518
chr2,60733135,-0.009567676153050849,0.4126,0.782333511263,0.1448
chr2,60733136,-0.009567676170504441,0.4126,0.782333511263,0.1221
chr2,60733137,-0.009567676194941454,0.4126,0.782333511263,0.1125
chr2,60733138,-0.009567676229396874,0.412,0.782333511263,0.095
chr2,60733139,-0.009567676279415162,0.4122,0.782333511263,0.0802
chr2,60733140,-0.00956767635599606,0.4122,0.782333511263,0.0679
chr2,60733141,-0.009567676483373113,0.4142,0.782333511263,0.0563
chr2,60733142,-0.00956767672464033,0.4156,0.782333511263,0.0506
chr2,60733143,-0.009567677494107064,0.4134,0.782333511263,0.0481
chr2,60733144,-0.009771310080279686,0.4054,0.781994185409,0.0462
chr2,60733145,-0.009771310079885787,0.4004,0.780969317678,0.0447
chr2,60733146,-0.009771310079457191,0.3972,0.780623146393,0.0462
chr2,60733147,-0.009771310078989843,0.3954,0.780623146393,0.0474
chr2,60733148,-0.009771310078480665,0.396,0.780623146393,0.0521
chr2,60733149,-0.009771310077927748,0.3972,0.780623146393,0.0559
chr2,60733150,-0.009771310077330361,0.3992,0.78062323356,0.0591
chr2,60733151,-0.00977131007668877,0.3976,0.780623146393,0.0691
chr2,60733152,-0.009771310076003988,0.3976,0.780623146393,0.0735
chr2,60733153,-0.009771310075277487,0.3986,0.780623146393,0.0776
chr2,60733154,-0.009771310074510892,0.398,0.780623146393,0.0815
chr2,60733155,-0.009771310073705766,0.4,0.780969317678,0.0853
chr2,60733156,-0.009771310072863366,0.4002,0.780969317678,0.0906
chr2,60733157,-0.009771310071984495,0.3986,0.780623146393,0.0978
chr2,60733158,-0.009771310071069328,0.4006,0.780969317678,0.1208
chr2,60733159,-0.009771310070117268,0.4028,0.781869675289,0.1358
chr2,60733160,-0.00977131006912681,0.4012,0.780969317678,0.1609
chr2,60733161,-0.009771310068095401,0.4002,0.780969317678,0.1858
chr2,60733162,-0.009771310067019234,0.3998,0.780969317678,0.1971
chr2,60733163,-0.009771310065893003,0.3994,0.78062323356,0.2031
chr2,60733164,-0.009771310064709481,0.3994,0.78062323356,0.2381
chr2,60733165,-0.009771310063458884,0.4008,0.780969317678,0.2749
chr2,60733166,-0.009771310062127826,0.4016,0.781012400354,0.3188
chr2,60733167,-0.009771310060697681,0.4014,0.780969317678,0.3682
chr2,60733168,-0.009771310059141999,0.4022,0.781833001328,0.4172
chr2,60733169,-0.009771310057422402,0.4024,0.781869675289,0.4499
chr2,60733170,-0.009771310055482249,0.4026,0.781869675289,0.4588
chr2,60733171,-0.009771310053237163,0.4004,0.780969317678,0.4457
chr2,60733172,-0.009771310050562459,0.4016,0.781012400354,0.4141
chr2,60733173,-0.009771310047281137,0.4028,0.781869675289,0.3688
chr2,60733174,-0.009771310043168016,0.4038,0.781869675289,0.3147
chr2,60733175,-0.0097713100380053,0.4052,0.781994185409,0.3123
chr2,60733176,-0.009771310031720127,0.406,0.782122175916,0.3152
chr2,60733177,-0.009771310024523534,0.4078,0.782333511263,0.3213
chr2,60733178,-0.00977131001684793,0.4094,0.782333511263,0.2742
chr2,60733179,-0.009771310009092492,0.4082,0.782333511263,0.2353
chr2,60733180,-0.009771310001457673,0.406,0.782122175916,0.2031
chr2,60733181,-0.009771309993959152,0.4058,0.781994185409,0.1764
chr2,60733182,-0.009771309986506374,0.4018,0.781314845566,0.1533
chr2,60733183,-0.009771309978957761,0.4024,0.781869675289,0.1319
chr2,60733184,-0.009771309971144617,0.4012,0.780969317678,0.1165
chr2,60733185,-0.009771309962876007,0.4012,0.780969317678,0.1166
chr2,60733186,-0.009771309953934649,0.4006,0.780969317678,0.1143
chr2,60733187,-0.009771309944069544,0.3994,0.78062323356,0.097
chr2,60733188,-0.009771309932988807,0.4006,0.780969317678,0.0787
chr2,60733189,-0.009771309920359465,0.4014,0.780969317678,0.0669
chr2,60733190,-0.00977130990580738,0.4014,0.780969317678,0.057
chr2,60733191,-0.009771309888943105,0.4014,0.780969317678,0.0497
chr2,60733192,-0.009771309869405574,0.4014,0.780969317678,0.0433
chr2,60733193,-0.009771309846943393,0.4014,0.780969317678,0.0388
chr2,60733194,-0.009771309821517592,0.4014,0.780969317678,0.0339
chr2,60733195,-0.00977130979339305,0.4024,0.781869675289,0.0315
chr2,60733196,-0.009771309763222772,0.4028,0.781869675289,0.0301
chr2,60733197,-0.009771309732023822,0.4048,0.781954470472,0.0297
chr2,60733198,-0.009771309701031215,0.4062,0.782161378556,0.0295
chr2,60733199,-0.009771309671459154,0.4046,0.781954470472,0.0296
chr2,60733200,-0.009771309644271602,0.403,0.781869675289,0.0303
chr2,60733201,-0.009771309620042575,0.403,0.781869675289,0.0313
chr2,60733202,-0.009771309598940214,0.4008,0.780969317678,0.0336
chr2,60733203,-0.009771309580821896,0.3996,0.780840360441,0.0364
chr2,60733204,-0.009771309565361801,0.3986,0.780623146393,0.0407
chr2,60733205,-0.009771309552159905,0.3982,0.780623146393,0.0498
chr2,60733206,-0.00977130954081436,0.3974,0.780623146393,0.0554
chr2,60733207,-0.009771309530960086,0.3974,0.780623146393,0.0671
chr2,60733208,-0.009771309522283392,0.3976,0.780623146393,0.0784
chr2,60733209,-0.009771309514522245,0.3978,0.780623146393,0.0946
chr2,60733210,-0.009771309507459334,0.3974,0.780623146393,0.1079
chr2,60733211,-0.009771309500911917,0.3976,0.780623146393,0.1225
chr2,60733212,-0.009771309494721318,0.3976,0.780623146393,0.1324
chr2,60733213,-0.00977130948874235,0.397,0.780623146393,0.1379
chr2,60733214,-0.00977130948283283,0.3984,0.780623146393,0.1373
chr2,60733215,-0.009771309476842592,0.3984,0.780623146393,0.132
chr2,60733216,-0.009771309470600717,0.398,0.780623146393,0.1218
chr2,60733217,-0.009771309463899038,0.399,0.78062323356,0.1073
chr2,60733218,-0.009771309456468556,0.3974,0.780623146393,0.1031
chr2,60733219,-0.009771309447942824,0.3966,0.780623146393,0.0861
chr2,60733220,-0.009771309437796829,0.3968,0.780623146393,0.0659
chr2,60733221,-0.009771309425240137,0.3962,0.780623146393,0.0542
chr2,60733222,-0.009771309409012652,0.3962,0.780623146393,0.0458
chr2,60733223,-0.009771309386955872,0.3964,0.780623146393,0.0393
chr2,60733224,-0.009771309355022779,0.3968,0.780623146393,0.0363
chr2,60733225,-0.009771309304588032,0.3974,0.780623146393,0.0343
chr2,60733226,-0.009771309213471005,0.3976,0.780623146393,0.0317
chr2,60733227,-0.009771309005649887,0.3976,0.780623146393,0.0305
chr2,60733228,-0.009771308199693043,0.3974,0.780623146393,0.0294
chr2,60733229,0.003381267575482737,0.6666,0.897402573175,0.0286
chr2,60733230,0.0033812675832823073,0.663,0.897402573175,0.0288
chr2,60733231,0.0033812675910697906,0.665,0.897402573175,0.0293
chr2,60733232,0.0033812675988531397,0.6602,0.897402573175,0.0302
chr2,60733233,0.0033812676066367967,0.6612,0.897402573175,0.0336
chr2,60733234,0.0033812676144216536,0.663,0.897402573175,0.037
chr2,60733235,0.0033812676222041175,0.6634,0.897402573175,0.0429
chr2,60733236,0.0033812676299743104,0.6626,0.897402573175,0.0544
chr2,60733237,0.0033812676377134032,0.6622,0.897402573175,0.0695
chr2,60733238,0.00338126764539022,0.6626,0.897402573175,0.0914
chr2,60733239,0.003381267652957463,0.6632,0.897402573175,0.1237
chr2,60733240,0.003381267660348305,0.664,0.897402573175,0.1651
chr2,60733241,0.0033812676674736114,0.663,0.897402573175,0.2225
chr2,60733242,0.0033812676742219776,0.6638,0.897402573175,0.2957
chr2,60733243,0.0033812676804622164,0.6638,0.897402573175,0.3787
chr2,60733244,0.00338126768604885,0.6636,0.897402573175,0.4655
chr2,60733245,0.0033812676908293714,0.662,0.897402573175,0.537
chr2,60733246,0.003381267694651026,0.661,0.897402573175,0.607
chr2,60733247,0.0033812676973641732,0.661,0.897402573175,0.6741
chr2,60733248,0.003381267698819888,0.6602,0.897402573175,0.7112
chr2,60733249,0.003381267698859978,0.6596,0.897402573175,0.7273
chr2,60733250,0.0033812676972992894,0.6596,0.897402573175,0.7169
chr2,60733251,0.0033812676938984156,0.66,0.897402573175,0.69
chr2,60733252,0.00338126768832624,0.6642,0.897402573175,0.6582
chr2,60733253,0.0033812676801060443,0.6654,0.897402573175,0.6189
chr2,60733254,0.0033812676685338965,0.6618,0.897402573175,0.5703
chr2,60733255,0.0033812676525460995,0.6594,0.897402573175,0.5083
chr2,60733256,0.003381267630487936,0.659,0.897402573175,0.4422
chr2,60733257,0.003381267599678756,0.6566,0.897402573175,0.3694
chr2,60733258,0.0033812675555199333,0.6606,0.897402573175,0.3098
chr2,60733259,0.003381267489446808,0.6602,0.897402573175,0.2562
chr2,60733260,0.0033812673834648912,0.661,0.897402573175,0.2183
chr2,60733261,0.003381267191941872,0.6574,0.897402573175,0.1963
chr2,60733262,0.0033812667565950726,0.6564,0.897402573175,0.1625
chr2,60733263,0.0033812650508440894,0.6578,0.897402573175,0.1589
chr2,60733264,-0.012767209491188744,0.2632,0.685921068249,0.1591
chr2,60733265,-0.012767209468590363,0.2646,0.687562804428,0.1913
chr2,60733266,-0.012767209444996158,0.2674,0.688288540445,0.2413
chr2,60733267,-0.012767209420445829,0.2684,0.690154589372,0.2725
chr2,60733268,-0.012767209394934167,0.2688,0.690677589233,0.3027
chr2,60733269,-0.012767209368418537,0.2668,0.688288540445,0.335
chr2,60733270,-0.012767209340829607,0.2656,0.687889118254,0.3656
chr2,60733271,-0.012767209312085089,0.2652,0.687562804428,0.3267
chr2,60733272,-0.012767209282105571,0.2644,0.687562804428,0.3319
chr2,60733273,-0.01276720925083056,0.2634,0.686035142349,0.3287
chr2,60733274,-0.012767209218232496,0.2636,0.686352505188,0.314
chr2,60733275,-0.012767209184326004,0.2634,0.686035142349,0.2912
chr2,60733276,-0.012767209149172122,0.2622,0.6844320107,0.2273
chr2,60733277,-0.012767209112876675,0.2624,0.684750557124,0.2086
chr2,60733278,-0.012767209075584107,0.262,0.684418500892,0.1772
chr2,60733279,-0.012767209037467997,0.2614,0.683461000298,0.1576
chr2,60733280,-0.01276720899871978,0.2622,0.6844320107,0.14
chr2,60733281,-0.012767208959536584,0.2636,0.686352505188,0.125
chr2,60733282,-0.012767208920110464,0.2668,0.688288540445,0.1134
chr2,60733283,-0.01276720888061939,0.2648,0.687562804428,0.1
chr2,60733284,-0.012767208841220902,0.2664,0.688288540445,0.0797
chr2,60733285,-0.012767208802047864,0.265,0.687562804428,0.0703
chr2,60733286,-0.012767208763206207,0.265,0.687562804428,0.0629
chr2,60733287,-0.012767208724773556,0.2654,0.687878264719,0.0542
chr2,60733288,-0.012767208686798573,0.2646,0.687562804428,0.0487
chr2,60733289,-0.012767208649301134,0.2652,0.687562804428,0.0426
chr2,60733290,-0.012767208612274088,0.2658,0.68800132626,0.0374
chr2,60733291,-0.012767208575686936,0.2658,0.68800132626,0.0336
chr2,60733292,-0.012767208539491407,0.2658,0.68800132626,0.0316
chr2,60733293,-0.012767208503628308,0.2668,0.688288540445,0.0302
chr2,60733294,-0.012767208468034395,0.2672,0.688288540445,0.0287
chr2,60733295,-0.01276720843264813,0.267,0.688288540445,0.028
chr2,60733296,-0.012767208397413509,0.2682,0.689943321617,0.0272
chr2,60733297,-0.012767208362281745,0.2706,0.693274358226,0.0267
chr2,60733298,-0.012767208327211246,0.271,0.693793178837,0.0265
chr2,60733299,-0.012767208292166078,0.2744,0.694991670137,0.0266
chr2,60733300,-0.012767208257113773,0.2762,0.694991670137,0.0271
chr2,60733301,-0.012767208222023286,0.2776,0.694991670137,0.0279
chr2,60733302,-0.012767208186862677,0.2756,0.694991670137,0.0291
chr2,60733303,-0.012767208151598776,0.2764,0.694991670137,0.0308
chr2,60733304,-0.012767208116197347,0.277,0.694991670137,0.0323
chr2,60733305,-0.012767208080625115,0.277,0.694991670137,0.0342
chr2,60733306,-0.012767208044853142,0.278,0.694991670137,0.0383
chr2,60733307,-0.012767208008861204,0.2782,0.694991670137,0.0427
chr2,60733308,-0.012767207972642356,0.2786,0.694991670137,0.0482
chr2,60733309,-0.01276720793620686,0.2782,0.694991670137,0.0555
chr2,60733310,-0.012767207899584576,0.2784,0.694991670137,0.0578
chr2,60733311,-0.01276720786282598,0.2786,0.694991670137,0.0647
chr2,60733312,-0.012767207826001433,0.2776,0.694991670137,0.0712
chr2,60733313,-0.012767207789199809,0.2762,0.694991670137,0.072
chr2,60733314,-0.012767207752526958,0.276,0.694991670137,0.0721
chr2,60733315,-0.012767207716104385,0.2768,0.694991670137,0.0727
chr2,60733316,-0.012767207680068013,0.2762,0.694991670137,0.0793
chr2,60733317,-0.01276720764456679,0.2774,0.694991670137,0.0801
chr2,60733318,-0.01276720760976055,0.2778,0.694991670137,0.0833
chr2,60733319,-0.01276720757581655,0.278,0.694991670137,0.0846
chr2,60733320,-0.01276720754290485,0.2792,0.694991670137,0.0924
chr2,60733321,-0.012767207511192771,0.2792,0.694991670137,0.0982
chr2,60733322,-0.012767207480838995,0.2816,0.694991670137,0.1087
chr2,60733323,-0.012767207451988024,0.2802,0.694991670137,0.1234
chr2,60733324,-0.012767207424765462,0.2804,0.694991670137,0.1272
chr2,60733325,-0.012767207399274111,0.2794,0.694991670137,0.1298
chr2,60733326,-0.012767207375590735,0.28,0.694991670137,0.1415
chr2,60733327,-0.012767207353763157,0.2804,0.694991670137,0.1403
chr2,60733328,-0.012767207333807673,0.2812,0.694991670137,0.1389
chr2,60733329,-0.012767207315706611,0.2818,0.694991670137,0.1328
chr2,60733330,-0.0127672072994068,0.2814,0.694991670137,0.1296
chr2,60733331,-0.012767207284820368,0.2826,0.694991670137,0.1299
chr2,60733332,-0.01276720727182825,0.2828,0.694991670137,0.1259
chr2,60733333,-0.012767207260287416,0.282,0.694991670137,0.1264
chr2,60733334,-0.012767207250040796,0.2828,0.694991670137,0.1228
chr2,60733335,-0.01276720724092783,0.2854,0.695387848523,0.1418
chr2,60733336,-0.012767207232793364,0.2846,0.694991670137,0.1396
chr2,60733337,-0.012767207225493175,0.285,0.694991670137,0.1435
chr2,60733338,-0.012767207218895994,0.2872,0.697066187647,0.1443
chr2,60733339,-0.012767207212882839,0.29,0.700200409836,0.1485
chr2,60733340,-0.012767207207345475,0.291,0.700200409836,0.1524
chr2,60733341,-0.012767207202185276,0.2918,0.700200409836,0.1585
chr2,60733342,-0.012767207197313423,0.2914,0.700200409836,0.1704
chr2,60733343,-0.012767207192651338,0.2942,0.702504486134,0.1834
chr2,60733344,-0.012767207188130696,0.295,0.703171296924,0.1969
chr2,60733345,-0.012767207183690897,0.2972,0.705734486954,0.2194
chr2,60733346,-0.012767207179272983,0.2988,0.70675739645,0.2495
chr2,60733347,-0.012767207174809352,0.304,0.709602657807,0.2838
chr2,60733348,-0.012767207170209273,0.3056,0.710698873203,0.3169
chr2,60733349,-0.012767207165340572,0.3052,0.710698873203,0.3575
chr2,60733350,-0.012767207160008199,0.3068,0.710698873203,0.3926
chr2,60733351,-0.012767207153930787,0.3082,0.710698873203,0.4307
chr2,60733352,-0.012767207146719747,0.309,0.710698873203,0.4581
chr2,60733353,-0.012767207137872225,0.3106,0.710698873203,0.4918
chr2,60733354,-0.012767207126803579,0.3178,0.714013430545,0.5431
chr2,60733355,-0.012767207112965284,0.3206,0.717825239006,0.5921
chr2,60733356,-0.012767207096094014,0.325,0.719594104308,0.6277
chr2,60733357,-0.012767207076561152,0.329,0.723083708709,0.662
chr2,60733358,-0.0127672070555899,0.335,0.727656082071,0.6799
chr2,60733359,0.021957892728364268,0.0814,0.452608736942,0.7086
chr2,60733360,0.021957893315864303,0.0844,0.460399378882,0.7468
chr2,60733361,0.021957893498179268,0.088,0.474001839926,0.7724
chr2,60733362,0.02195789358573246,0.0886,0.476065769348,0.8009
chr2,60733363,0.021957893636615003,0.0892,0.478265567766,0.8157
chr2,60733364,0.021957893669513173,0.0894,0.478899359561,0.817
chr2,60733365,0.0219578936922333,0.0894,0.478899359561,0.7803
chr2,60733366,0.021957893708600053,0.0894,0.478899359561,0.6997
chr2,60743454,-0.021964345408894345,0.1514,0.619315556591,0.1239
chr2,60743455,-0.021964345409005496,0.1514,0.619315556591,0.1358
chr2,60743456,-0.021964345409129084,0.1514,0.619315556591,0.1202
chr2,60743457,-0.021964345409265704,0.1514,0.619315556591,0.1299
chr2,60743458,-0.021964345409416258,0.1514,0.619315556591,0.138
chr2,60743459,-0.02196434540958203,0.1512,0.619218465843,0.1452
chr2,60743460,-0.021964345409764517,0.151,0.618687893632,0.1559
chr2,60743461,-0.021964345409965225,0.1502,0.616704768583,0.1688
chr2,60743462,-0.021964345410185476,0.148,0.61023943662,0.182
chr2,60743463,-0.021964345410426196,0.1472,0.609085512367,0.2021
chr2,60743464,-0.02196434541068784,0.1444,0.602753326996,0.2244
chr2,60743465,-0.02196434541097045,0.1424,0.598816375389,0.2515
chr2,60743466,-0.021964345411273838,0.1396,0.591280279316,0.2277
chr2,60743467,-0.021964345411597808,0.1378,0.589748911466,0.2546
chr2,60743468,-0.02196434541194256,0.137,0.588790129489,0.2823
chr2,60743469,-0.02196434541230892,0.1342,0.582461823573,0.311
chr2,60743470,-0.02196434541269878,0.1332,0.581150074294,0.3475
chr2,60743471,-0.021964345413115396,0.1298,0.573280613528,0.3865
chr2,60743472,-0.021964345413563666,0.1266,0.566122454175,0.4066
chr2,60743473,-0.021964345414050485,0.1222,0.555929292929,0.4258
chr2,60743474,-0.021964345414584974,0.1212,0.553818418314,0.4407
chr2,60743475,-0.021964345415178686,0.1166,0.549199625869,0.44
chr2,60743476,-0.02196434541584583,0.1144,0.54589405053,0.4373
chr2,60743477,-0.021964345416603432,0.1104,0.534355469826,0.421
chr2,60743478,-0.021964345417471446,0.1082,0.531468959732,0.3989
chr2,60743479,-0.0219643454184727,0.1042,0.520851735913,0.3681
chr2,60743480,-0.021964345419632745,0.1034,0.517736887115,0.3241
chr2,60743481,-0.021964345420979418,0.1008,0.508195177956,0.2858
chr2,60743482,-0.021964345422541977,0.099,0.502873048005,0.2412
chr2,60743483,-0.021964345424349725,0.0988,0.502873048005,0.1967
chr2,60743484,-0.021964345426430814,0.099,0.502873048005,0.1589
chr2,60743485,-0.021964345428811195,0.0988,0.502873048005,0.1248
chr2,60743486,-0.02196434543151497,0.098,0.501710871466,0.1002
chr2,60743487,-0.021964345434567496,0.098,0.501710871466,0.0838
chr2,60743488,-0.021964345438002453,0.0986,0.502873048005,0.0688
chr2,60743489,-0.021964345441874544,0.0988,0.502873048005,0.0582
chr2,60743490,-0.021964345446280266,0.0996,0.504607441592,0.0538
chr2,60743491,-0.021964345451394016,0.0992,0.503016166282,0.0501
chr2,60743492,-0.021964345457537386,0.0962,0.494948154657,0.0494
chr2,60743493,-0.02196434546533572,0.096,0.494353562005,0.0503
chr2,60743494,-0.02196434547614219,0.0952,0.492109476162,0.0544
chr2,60743495,-0.021964345493497964,0.0924,0.485493867783,0.0623
chr2,60743496,-0.02196434553069559,0.0912,0.482944829665,0.0706
chr2,60743497,-0.021964345721339117,0.0908,0.482758985201,0.0821
chr2,60743498,-0.04010753778979599,0.0046,0.0758676056338,0.0934
chr2,60743499,-0.04010753778429515,0.0046,0.0758676056338,0.0942
chr2,60743500,-0.040107537779284226,0.0046,0.0758676056338,0.1084
chr2,60743501,-0.040107537774645693,0.0044,0.0758676056338,0.1048
chr2,60743502,-0.040107537770273004,0.0046,0.0758676056338,0.1138
chr2,60743503,-0.040107537766065,0.0046,0.0758676056338,0.1253
chr2,60743504,-0.04010753776191955,0.0046,0.0758676056338,0.1305
chr2,60743505,-0.04010753775772631,0.0046,0.0758676056338,0.1324
chr2,60743506,-0.04010753775335793,0.0046,0.0758676056338,0.152
chr2,60743507,-0.0401075377486574,0.0046,0.0758676056338,0.1496
chr2,60743508,-0.04010753774342022,0.0046,0.0758676056338,0.145
chr2,60743509,-0.040107537737366326,0.0046,0.0758676056338,0.1404
chr2,60743510,-0.0401075377300934,0.0046,0.0758676056338,0.1349
chr2,60743511,-0.04010753772099302,0.0046,0.0758676056338,0.1259
chr2,60743512,-0.04010753770907486,0.0042,0.0752785714286,0.1194
chr2,60743513,-0.0401075376925199,0.004,0.0738025210084,0.112
chr2,60743514,-0.04010753766739794,0.0038,0.0713108974359,0.1066
chr2,60743515,-0.04010753762408419,0.0038,0.0713108974359,0.1016
chr2,60743516,-0.04010753753539111,0.0038,0.0713108974359,0.0968
chr2,60743517,-0.040107537074580736,0.0036,0.0694116355653,0.0901
chr2,60743518,-0.026455194555010438,0.0418,0.333431880109,0.0849
chr2,60743519,-0.017225814425391422,0.1778,0.641735818145,0.0777
chr2,60743520,-0.017225813298487165,0.1768,0.641735818145,0.0701
chr2,60743521,-0.017225813045960107,0.1762,0.641735818145,0.057
chr2,60743522,-0.017225812922909374,0.174,0.641735818145,0.0502
chr2,60743523,-0.017225812842594244,0.174,0.641735818145,0.0477
chr2,60743524,-0.01722581278213256,0.1738,0.641735818145,0.045
chr2,60743525,-0.01722581273258217,0.1738,0.641735818145,0.0407
chr2,60743526,-0.01722581268965026,0.1738,0.641735818145,0.0364
chr2,60743527,-0.01722581265096376,0.1736,0.641735818145,0.0338
chr2,60743528,-0.038880087447879526,0.004,0.0738025210084,0.0311
chr2,60743529,-0.03888009815147757,0.0038,0.0713108974359,0.0293
chr2,60743530,-0.03888010486596735,0.0036,0.0694116355653,0.0281
chr2,60743531,-0.0388801076664671,0.0036,0.0694116355653,0.0277
chr2,60743532,-0.03888010901092545,0.0036,0.0694116355653,0.0276
chr2,60743533,-0.03888010972527054,0.0038,0.0713108974359,0.0274
chr2,60743534,-0.038880110131832714,0.004,0.0738025210084,0.0274
chr2,60743535,-0.03888011037675699,0.0042,0.0752785714286,0.0273
chr2,60743536,-0.03888011053081827,0.0044,0.0758676056338,0.0283
chr2,60743537,-0.03888011063077243,0.0044,0.0758676056338,0.0307
chr2,60743538,-0.03888011069725803,0.0042,0.0752785714286,0.0332
chr2,60743539,-0.03888011074252515,0.0042,0.0752785714286,0.0379
chr2,60743540,-0.03888011077406195,0.0042,0.0752785714286,0.0427
chr2,60743541,-0.03888011079652644,0.0042,0.0752785714286,0.0513
chr2,60743542,-0.03888011081286205,0.0042,0.0752785714286,0.0636
chr2,60743543,-0.03888011082495797,0.0042,0.0752785714286,0.0787
chr2,60743544,-0.038880110834047056,0.0044,0.0758676056338,0.0968
chr2,60743545,-0.038880110840946606,0.0044,0.0758676056338,0.1215
chr2,60743546,-0.03888011084620686,0.0044,0.0758676056338,0.1522
chr2,60743547,-0.03888011085020419,0.0044,0.0758676056338,0.1845
chr2,60743548,-0.03888011085320091,0.0044,0.0758676056338,0.2176
chr2,60743549,-0.03888011085538469,0.0044,0.0758676056338,0.2441
chr2,60743550,-0.03888011085689446,0.0044,0.0758676056338,0.2176
chr2,60743551,-0.038880110857838074,0.0044,0.0758676056338,0.2232
chr2,60743552,-0.03888011085830412,0.0044,0.0758676056338,0.2238
chr2,60743553,-0.038880110858369614,0.0044,0.0758676056338,0.2678
chr2,60743554,-0.03888011085810499,0.0044,0.0758676056338,0.2465
chr2,60743555,-0.038880110857576956,0.0044,0.0758676056338,0.2234
chr2,60743556,-0.0207889221075323,0.0962,0.494948154657,0.2015
chr2,60743557,-0.020788922009825066,0.096,0.494353562005,0.1823
chr2,60743558,-0.020788921975641434,0.0972,0.49877826468,0.1662
chr2,60743559,-0.020788921957925543,0.0988,0.502873048005,0.193
chr2,60743560,-0.020788921946990575,0.0974,0.49922118471,0.1873
chr2,60743561,-0.02078892193952918,0.099,0.502873048005,0.1531
chr2,60743562,-0.020788921934096073,0.0996,0.504607441592,0.1609
chr2,60743563,-0.020788921929954875,0.099,0.502873048005,0.1727
chr2,60743564,-0.020788921926688072,0.099,0.502873048005,0.1533
chr2,60743565,-0.020788921924039156,0.096,0.494353562005,0.1654
chr2,60743566,-0.02078892192184021,0.096,0.494353562005,0.1829
chr2,60743567,-0.020788921919975632,0.0956,0.493596119929,0.1966
chr2,60743568,-0.020788921918362565,0.0944,0.489703484938,0.2035
chr2,60743569,-0.020788921916939696,0.0948,0.490908608491,0.2604
chr2,60743570,-0.020788921915660473,0.0932,0.487945752608,0.2625
chr2,60743571,-0.02078892191448888,0.0938,0.489046304541,0.2138
chr2,60743572,-0.020788921913396576,0.093,0.487479856759,0.1765
chr2,60743573,-0.02078892191236096,0.0918,0.484369780715,0.1717
chr2,60743574,-0.020788921911363854,0.0916,0.484041516245,0.1658
chr2,60743575,-0.020788921910390497,0.0902,0.482155508217,0.1592
chr2,60743576,-0.020788921909428843,0.0892,0.478265567766,0.1516
chr2,60743577,-0.020788921908469146,0.0892,0.478265567766,0.1428
chr2,60743578,-0.020788921907503526,0.0886,0.476065769348,0.1363
chr2,60743579,-0.020788921906525776,0.0888,0.476848670131,0.1277
chr2,60743580,-0.020788921905531253,0.0884,0.47542743417,0.1161
chr2,60743581,-0.020788921904516724,0.0872,0.470703134604,0.1062
chr2,60743582,-0.020788921903480292,0.087,0.470346260388,0.0962
chr2,60743583,-0.02078892190242133,0.0872,0.470703134604,0.0881
chr2,60743584,-0.02078892190134037,0.0856,0.464206236493,0.0787
chr2,60743585,-0.02078892190023897,0.085,0.461665120594,0.0701
chr2,60743586,-0.020788921899119663,0.085,0.461665120594,0.0617
chr2,60743587,-0.020788921897985785,0.085,0.461665120594,0.056
chr2,60743588,-0.020788921896841388,0.0844,0.460399378882,0.0511
chr2,60743589,-0.02078892189569118,0.0838,0.459839737582,0.0472
chr2,60743590,-0.020788921894540423,0.085,0.461665120594,0.0427
chr2,60743591,-0.020788921893394856,0.0864,0.467390206344,0.0425
chr2,60743592,-0.02078892189226053,0.0864,0.467390206344,0.0437
chr2,60743593,-0.020788921891143636,0.0826,0.456391632589,0.0442
chr2,60743594,-0.0207889218900502,0.0812,0.451639645345,0.0473
chr2,60743595,-0.020788921888985793,0.08,0.447658489965,0.0512
chr2,60743596,-0.020788921887955208,0.0806,0.450012396694,0.0564
chr2,60743597,-0.0207889218869622,0.0796,0.446700958466,0.0625
chr2,60743598,-0.020788921886009292,0.0792,0.445309859155,0.0697
chr2,60743599,-0.02078892188509767,0.0786,0.442928777671,0.0769
chr2,60743600,-0.020788921884227166,0.0786,0.442928777671,0.0852
chr2,60743601,-0.02078892188339618,0.0778,0.441251856635,0.0911
chr2,60743602,-0.02078892188260167,0.078,0.44167311412,0.11
chr2,60743603,-0.020788921881839152,0.0784,0.442511568123,0.1056
chr2,60743604,-0.02078892188110271,0.0774,0.439550921435,0.1294
chr2,60743605,-0.020788921880385128,0.0768,0.436991253644,0.1466
chr2,60743606,-0.020788921879678218,0.074,0.43082863772,0.1602
chr2,60743607,-0.02078892187897308,0.0752,0.434100686499,0.1549
chr2,60743608,-0.020788921878260397,0.0744,0.432011900826,0.1708
chr2,60743609,-0.020788921877530384,0.0758,0.434113791979,0.1877
chr2,60743610,-0.020788921876772264,0.076,0.43455078125,0.2095
chr2,60743611,-0.020788921875973216,0.0748,0.432903459638,0.2344
chr2,60743612,-0.020788921875116478,0.0746,0.432173153034,0.2614
chr2,60743613,-0.01722581227529062,0.1416,0.596308798849,0.287
chr2,60743614,-0.01722581227439797,0.1408,0.593793997599,0.3122
chr2,60743615,-0.017225812273536076,0.142,0.597563488261,0.3298
chr2,60743616,-0.01722581227270209,0.1412,0.595195104392,0.3448
chr2,60743617,-0.017225812271889844,0.1402,0.592259018759,0.3573
chr2,60743618,-0.01722581227108976,0.1386,0.589748911466,0.4226
chr2,60743619,-0.01722581227028946,0.1386,0.589748911466,0.4205
chr2,60743620,-0.017225812269475102,0.1382,0.589748911466,0.4095
chr2,60743621,-0.01722581226863307,0.139,0.590027791203,0.3929
chr2,60743622,-0.017225812267751724,0.138,0.589748911466,0.3636
chr2,60743623,-0.01722581226682257,0.1402,0.592259018759,0.3262
chr2,60743624,-0.017225812265840898,0.1398,0.591280279316,0.3432
chr2,60743625,-0.008369270831851353,0.4948,0.850101509985,0.2928
chr2,60743626,-0.008369270831732542,0.495,0.850101509985,0.242
chr2,60743627,-0.008369270831746174,0.4962,0.850101509985,0.1975
chr2,60743628,-0.008369270831903804,0.4954,0.850101509985,0.1584
chr2,60743629,-0.008369270832222048,0.4948,0.850101509985,0.1261
chr2,60743630,-0.008369270832720056,0.4956,0.850101509985,0.104
chr2,60743631,-0.00836927083341788,0.4964,0.850101509985,0.0899
chr2,60743632,-0.008369270834336211,0.497,0.850195266848,0.0722
chr2,60743633,-0.008369270835498028,0.4982,0.851916179907,0.0684
chr2,60743634,-0.00836927083693237,0.4978,0.851397955209,0.0593
chr2,60743635,-0.008369270838680425,0.4932,0.848903282705,0.0638
chr2,60743636,-0.008369270840804157,0.493,0.848808566948,0.0667
chr2,60743637,-0.00836927084339909,0.4918,0.847157693439,0.0704
chr2,60743638,-0.008369270846614912,0.492,0.847419101785,0.0755
chr2,60743639,-0.008369270850692844,0.4938,0.849519784525,0.0721
chr2,60743640,-0.008369270856040067,0.4916,0.846896233817,0.0695
chr2,60743641,-0.008369270863395962,0.4914,0.846717775162,0.0723
chr2,60743642,-0.008369270874255165,0.4896,0.844361708395,0.0736
chr2,60743643,-0.008369270892174522,0.488,0.842346698113,0.0749
chr2,60743644,-0.008369270928226032,0.486,0.839389380531,0.0785
chr2,60743645,-0.00836927104153978,0.485,0.837827006294,0.0776
chr2,60743646,-0.014656877909285776,0.1896,0.659339536725,0.0798
chr2,60743647,-0.014656878231459902,0.189,0.6588182179,0.0827
chr2,60743648,-0.014656878283566687,0.1884,0.658032610857,0.0863
chr2,60743649,-0.01465687830353251,0.1866,0.654217365269,0.0956
chr2,60743650,-0.014656878313803896,0.1846,0.650633794348,0.1014
chr2,60743651,-0.01465687831996473,0.1832,0.649611010284,0.1129
chr2,60743652,-0.014656878324038872,0.1826,0.648739684466,0.1219
chr2,60743653,-0.014656878326932785,0.1808,0.644430194805,0.1307
chr2,60743654,-0.01465687832911174,0.1802,0.643205242837,0.1363
chr2,60743655,-0.014656878330838275,0.1792,0.64211505508,0.1403
chr2,60743656,-0.014656878332270829,0.1774,0.641735818145,0.1397
chr2,60743657,-0.01465687833350945,0.1776,0.641735818145,0.1364
chr2,60743658,-0.014656878334619048,0.1776,0.641735818145,0.1306
chr2,60743659,-0.014656878335642139,0.1774,0.641735818145,0.1179
chr2,60743660,-0.014656878336606446,0.1768,0.641735818145,0.1055
chr2,60743661,-0.014656878337529763,0.177,0.641735818145,0.0912
chr2,60743662,-0.014656878338423374,0.177,0.641735818145,0.0785
chr2,60743663,-0.014656878339294521,0.1764,0.641735818145,0.0653
chr2,60743664,-0.014656878340148097,0.1754,0.641735818145,0.0597
chr2,60743665,-0.014656878340987861,0.1752,0.641735818145,0.0507
chr2,60743666,-0.014656878341817187,0.1762,0.641735818145,0.045
chr2,60743667,-0.014656878342639453,0.1772,0.641735818145,0.0405
chr2,60743668,-0.014656878343458288,0.1764,0.641735818145,0.038
chr2,60743669,-0.014656878344277709,0.1758,0.641735818145,0.0369
chr2,60743670,-0.014656878345102254,0.1798,0.64256093591,0.0363
chr2,60743671,-0.014656878345937104,0.1796,0.642499796334,0.0384
chr2,60743672,-0.014656878346788199,0.179,0.642053297938,0.0406
chr2,60743673,-0.014656878347662279,0.1766,0.641735818145,0.0456
chr2,60743674,-0.014656878348566781,0.1768,0.641735818145,0.0594
chr2,60743675,-0.014656878349509572,0.176,0.641735818145,0.0818
chr2,60743676,-0.014656878350498493,0.1762,0.641735818145,0.1087
chr2,60743677,-0.014656878351540713,0.1772,0.641735818145,0.1509
chr2,60743678,-0.014656878352641988,0.177,0.641735818145,0.2112
chr2,60743679,-0.014656878353805856,0.177,0.641735818145,0.2885
chr2,60743680,-0.014656878355032831,0.177,0.641735818145,0.3724
chr2,60743681,-0.014656878356319675,0.1754,0.641735818145,0.4727
chr2,60743682,-0.01465687835765885,0.1758,0.641735818145,0.5607
chr2,60743683,-0.014656878359038158,0.1746,0.641735818145,0.6293
chr2,60743684,-0.014656878360440738,0.1746,0.641735818145,0.6852
chr2,60743685,-0.014656878361845616,0.1754,0.641735818145,0.7205
chr2,60743686,-0.014656878363228754,0.177,0.641735818145,0.7379
chr2,60743687,-0.014656878364564616,0.175,0.641735818145,0.7377
chr2,60743688,-0.01465687836582798,0.174,0.641735818145,0.727
chr2,60743689,-0.01465687836699571,0.1764,0.641735818145,0.6898
chr2,60743690,-0.014656878368048118,0.1784,0.641735818145,0.6327
chr2,60743691,-0.014656878368969844,0.1774,0.641735818145,0.4978
chr2,60743692,-0.014656878369750237,0.1784,0.641735818145,0.4221
chr2,60743693,-0.01465687837038335,0.1834,0.649611010284,0.4144
chr2,60743694,-0.014656878370867725,0.1846,0.650633794348,0.3409
chr2,60743695,-0.014656878371205974,0.1856,0.6520128,0.284
chr2,60743696,-0.014656878371404338,0.187,0.655227408737,0.2327
chr2,60743697,-0.014656878371471985,0.1884,0.658032610857,0.196
chr2,60743698,-0.01465687837142023,0.1904,0.659900552486,0.1652
chr2,60743699,-0.014656878371261587,0.1902,0.659728080569,0.1405
chr2,60743700,-0.014656878371008798,0.193,0.663322517592,0.1236
chr2,60743701,-0.014656878370673984,0.195,0.667059922179,0.1133
chr2,60743702,-0.014656878370268037,0.1956,0.667907076205,0.1068
chr2,60743703,-0.014656878369800432,0.1976,0.672444337996,0.0981
chr2,60743704,-0.014656878369279314,0.198,0.672444337996,0.0945
chr2,60743705,-0.014656878368711823,0.1998,0.672444337996,0.0918
chr2,60743706,-0.014656878368104562,0.1998,0.672444337996,0.0991
chr2,60743707,-0.014656878367464026,0.2002,0.673274554854,0.0936
chr2,60743708,-0.014656878366796926,0.2012,0.674726492466,0.0906
chr2,60743709,-0.014656878366110404,0.202,0.675345693098,0.0903
chr2,60743710,-0.014656878365412025,0.2034,0.676395494131,0.1019
chr2,60743711,-0.014656878364709707,0.2034,0.676395494131,0.1058
chr2,60743712,-0.014656878364011531,0.2052,0.676967756585,0.1123
chr2,60743713,-0.0042748002718178135,0.7414,0.897402573175,0.1174
chr2,60743714,-0.012177963773389288,0.294,0.702313341493,0.1339
chr2,60743715,-0.012177964357247422,0.2944,0.702790975809,0.1288
chr2,60743716,-0.012177964456459283,0.2936,0.701930583912,0.1442
chr2,60743717,-0.01217796449673654,0.2948,0.703171296924,0.1599
chr2,60743718,-0.012177964519113004,0.2972,0.705734486954,0.1735
chr2,60743719,-0.012177964533541205,0.297,0.70554571274,0.1796
chr2,60743720,-0.012177964543735991,0.2974,0.706113949716,0.1822
chr2,60743721,-0.012177964551416103,0.2992,0.70675739645,0.1534
chr2,60743722,-0.012177964557488805,0.3008,0.707773092369,0.1476
chr2,60743723,-0.012177964562478912,0.302,0.708594720704,0.1307
chr2,60743724,-0.0121779645667107,0.3026,0.708594720704,0.1189
chr2,60743725,-0.012177964570394268,0.3044,0.710064541833,0.1034
chr2,60743726,-0.012177964573670182,0.3052,0.710698873203,0.0891
chr2,60743727,-0.012177964576634158,0.3054,0.710698873203,0.0767
chr2,60743728,-0.01217796457935148,0.3064,0.710698873203,0.0644
chr2,60743729,-0.012177964581865795,0.308,0.710698873203,0.0564
chr2,60743730,-0.012177964584205012,0.309,0.710698873203,0.0497
chr2,60743731,-0.0121779645863856,0.3098,0.710698873203,0.0442
chr2,60743732,-0.0121779645884163,0.3122,0.710698873203,0.0417
chr2,60743733,-0.012177964590301562,0.3176,0.713838003839,0.0389
chr2,60743734,-0.012177964592044706,0.3222,0.719594104308,0.0389
chr2,60743735,-0.01217796459365047,0.3222,0.719594104308,0.0447
chr2,60743736,-0.012177964595126507,0.3236,0.719594104308,0.0487
chr2,60743737,-0.012177964596483739,0.326,0.720184882405,0.0595
chr2,60743738,-0.012177964597735685,0.3254,0.719844430459,0.057
chr2,60743739,-0.012177964598897304,0.3262,0.720343761779,0.0632
chr2,60743740,-0.01217796459998369,0.3274,0.7213724285,0.0667
chr2,60743741,-0.012177964601009068,0.3266,0.720513564431,0.0683
chr2,60743742,-0.012177964601986065,0.3272,0.721293674699,0.0786
chr2,60743743,-0.012177964602925393,0.3278,0.721710579093,0.0887
chr2,60743744,-0.012177964603835783,0.3284,0.722216852385,0.0842
chr2,60743745,-0.012177964604724116,0.3276,0.72145110331,0.0775
chr2,60743746,-0.012177964605595675,0.3272,0.721293674699,0.0693
chr2,60743747,-0.012177964606454456,0.3278,0.721710579093,0.057
chr2,60743748,-0.012177964607303447,0.3282,0.721957795867,0.0509
chr2,60743749,-0.012177964608144893,0.3286,0.722475779196,0.0454
chr2,60743750,-0.012177964608980485,0.3288,0.722825031289,0.0408
chr2,60743751,-0.012177964609811522,0.3294,0.723510191322,0.0368
chr2,60743752,-0.012177964610638994,0.33,0.724465691789,0.0341
chr2,60743753,-0.012177964611463633,0.3302,0.724723603649,0.0333
chr2,60743754,-0.012177964612285968,0.3332,0.727656082071,0.0327
chr2,60743755,-0.012177964613106338,0.3388,0.727656082071,0.0334
chr2,60743756,-0.012177964613924935,0.3432,0.730404695631,0.0377
chr2,60743757,-0.012177964614741825,0.3436,0.730404695631,0.0418
chr2,60743758,-0.012177964615557002,0.3408,0.729218175174,0.0488
chr2,60743759,-0.012177964616370454,0.3434,0.730404695631,0.0558
chr2,60743760,-0.012177964617182223,0.3436,0.730404695631,0.0669
chr2,60743761,-0.012177964617992528,0.3446,0.731026449275,0.0782
chr2,60743762,-0.012177964618801872,0.3448,0.731222249006,0.0955
chr2,60743763,-0.01217796461961124,0.3454,0.731222249006,0.1147
chr2,60743764,-0.012177964620422348,0.346,0.731875,0.137
chr2,60743765,0.013532191295705001,0.2098,0.676967756585,0.1563
chr2,60743766,0.013532191295514348,0.2094,0.676967756585,0.1811
chr2,60743767,0.013532191295240805,0.2096,0.676967756585,0.2002
chr2,60743768,0.013532191294887525,0.2116,0.676967756585,0.2117
chr2,60743769,0.013532191294452855,0.212,0.676967756585,0.2224
chr2,60743770,0.013532191293928585,0.2114,0.676967756585,0.2819
chr2,60743771,0.013532191293297798,0.2122,0.676967756585,0.2833
chr2,60743772,0.01353219129253201,0.2138,0.676967756585,0.2774
chr2,60743773,0.013532191291586825,0.2154,0.676967756585,0.2654
chr2,60743774,0.013532191290395141,0.2182,0.676967756585,0.2051
chr2,60743775,0.01353219128885544,0.2198,0.676967756585,0.1967
chr2,60743776,0.013532191286811247,0.2202,0.676967756585,0.1562
chr2,60743777,0.013532191284012993,0.2216,0.676967756585,0.1558
chr2,60743778,0.013532191280043062,0.2224,0.676967756585,0.1544
chr2,60743779,0.013532191274155884,0.2222,0.676967756585,0.155
chr2,60743780,0.013532191264883505,0.2254,0.676967756585,0.1538
chr2,60743781,0.013532191248856393,0.2298,0.676967756585,0.159
chr2,60743782,0.01353219121645814,0.231,0.676967756585,0.1592
chr2,60743783,0.013532191112693492,0.2324,0.676967756585,0.1622
chr2,60743784,-0.0068315720192083625,0.6372,0.897402573175,0.1694
chr2,60743785,-0.02202001260519064,0.1016,0.510762449914,0.169
chr2,60743786,-0.02202001260552913,0.1042,0.520851735913,0.1701
chr2,60743787,-0.022020012605725864,0.1064,0.525419173461,0.1664
chr2,60743788,-0.022020012605816448,0.1078,0.530394117647,0.168
chr2,60743789,-0.0220200126058262,0.1092,0.532744940394,0.158
chr2,60743790,-0.022020012605774793,0.1126,0.53920910578,0.1523
chr2,60743791,-0.02202001260567888,0.114,0.544577100897,0.1461
chr2,60743792,-0.022020012605553578,0.1152,0.548222162016,0.1371
chr2,60743793,-0.02202001260541318,0.1156,0.549199625869,0.1331
chr2,60743794,-0.022020012605271384,0.1168,0.549199625869,0.1532
chr2,60743795,-0.022020012605141047,0.1182,0.549836599576,0.145
chr2,60743796,-0.022020012605033848,0.1218,0.554828060166,0.1332
chr2,60743797,-0.02202001260495991,0.1236,0.559112541849,0.1234
chr2,60743798,-0.022020012604927534,0.1254,0.562331120756,0.1127
chr2,60743799,-0.02202001260494309,0.1282,0.571241248097,0.1013
chr2,60743800,-0.022020012605011074,0.1296,0.573117824773,0.0905
chr2,60743801,-0.02202001260513417,0.1298,0.573280613528,0.0801
chr2,60743802,-0.022020012605313312,0.1318,0.578044194757,0.0697
chr2,60743803,-0.02202001260554778,0.1326,0.580104358655,0.0612
chr2,60743804,-0.022020012605835238,0.1336,0.581150074294,0.0543
chr2,60743805,-0.02202001260617185,0.1336,0.581150074294,0.0482
chr2,60743806,-0.022020012606552508,0.1342,0.582461823573,0.0418
chr2,60743807,-0.022020012606971163,0.1346,0.583621081215,0.0375
chr2,60743808,-0.022020012607421254,0.135,0.583770310192,0.0346
chr2,60743809,-0.02202001260789614,0.136,0.586938574939,0.0333
chr2,60743810,-0.022020012608389466,0.1376,0.589642351793,0.0336
chr2,60743811,-0.02202001260889537,0.1418,0.597007909875,0.0339
chr2,60743812,-0.022020012609408564,0.1506,0.617769500234,0.0347
chr2,60743813,-0.022020012609924235,0.1574,0.634986449242,0.0356
chr2,60743814,-0.0220200126104379,0.1624,0.640869215292,0.0393
chr2,60743815,-0.022020012610945234,0.1628,0.640869215292,0.0447
chr2,60743816,-0.022020012611441913,0.1628,0.640869215292,0.0542
chr2,60743817,-0.02202001261192358,0.163,0.640869215292,0.0693
chr2,60743818,-0.022020012612385887,0.1632,0.640869215292,0.1049
chr2,60743819,-0.02202001261282467,0.1632,0.640869215292,0.1395
chr2,60743820,-0.02202001261323617,0.1632,0.640869215292,0.1876
chr2,60743821,-0.022020012613617246,0.1632,0.640869215292,0.2459
chr2,60743822,-0.022020012613965603,0.1632,0.640869215292,0.3099
chr2,60743823,-0.022020012614279813,0.1632,0.640869215292,0.4558
chr2,60743824,-0.022020012614559426,0.1632,0.640869215292,0.5759
chr2,60743825,-0.0220200126148048,0.1632,0.640869215292,0.6481
chr2,60743826,-0.02202001261501705,0.1632,0.640869215292,0.6703
chr2,60743827,-0.0220200126151979,0.1632,0.640869215292,0.6481
chr2,60751205,0.009706547327167813,0.4968,0.850101509985,0.474
chr2,60751206,0.0097065473231445,0.4968,0.850101509985,0.4629
chr2,60751207,0.009706547318663982,0.4968,0.850101509985,0.4283
chr2,60751208,0.00970654731375194,0.4968,0.850101509985,0.1781
chr2,60751209,0.009706547308443923,0.4968,0.850101509985,0.1511
chr2,60751210,0.00970654730278263,0.4968,0.850101509985,0.1233
chr2,60751211,0.00970654729681487,0.4968,0.850101509985,0.0993
chr2,60751212,0.0097065472905886,0.4968,0.850101509985,0.0783
chr2,60751213,0.009706547284150286,0.4968,0.850101509985,0.0636
chr2,60751214,0.009706547277542839,0.4968,0.850101509985,0.0509
chr2,60751215,0.009706547270804205,0.4968,0.850101509985,0.0443
chr2,60751216,0.009706547263966622,0.4968,0.850101509985,0.0378
chr2,60751217,0.009706547257056468,0.4968,0.850101509985,0.0334
chr2,60751218,0.00970654725009455,0.4968,0.850101509985,0.0304
chr2,60751219,0.009706547243096735,0.4968,0.850101509985,0.0287
chr2,60751220,0.009706547236074715,0.4968,0.850101509985,0.0276
chr2,60751221,0.00970654722903682,0.4968,0.850101509985,0.0267
chr2,60751222,0.009706547221988807,0.4968,0.850101509985,0.0261
chr2,60751223,0.00970654721493452,0.4968,0.850101509985,0.0256
chr2,60751224,0.009706547207876452,0.4968,0.850101509985,0.0255
chr2,60751225,0.009706547200816169,0.4968,0.850101509985,0.0253
chr2,60751226,0.009706547193754623,0.4968,0.850101509985,0.0252
chr2,60751227,0.009706547186692378,0.4968,0.850101509985,0.0252
chr2,60751228,0.009706547179629755,0.4968,0.850101509985,0.0251
chr2,60751229,0.009706547172566936,0.4968,0.850101509985,0.0251
chr2,60751230,0.009706547165504028,0.497,0.850195266848,0.0251
chr2,60751231,0.009706547158441117,0.4854,0.838435539384,0.0251
chr2,60751232,0.009706547151378262,0.4756,0.824752097937,0.0252
chr2,60751233,0.009706547144315507,0.4756,0.824752097937,0.0253
chr2,60751234,0.009706547137252945,0.4756,0.824752097937,0.0253
chr2,60751235,0.009706547130190663,0.4756,0.824752097937,0.0254
chr2,60751236,0.009706547123128862,0.4756,0.824752097937,0.0256
chr2,60751237,0.009706547116067847,0.4754,0.824752097937,0.0256
chr2,60751238,0.009706547109008068,0.475,0.824607135798,0.0266
chr2,60751239,0.009706547101950172,0.4752,0.824752097937,0.0282
chr2,60751240,0.00970654709489505,0.475,0.824607135798,0.0296
chr2,60751241,0.009706547087843853,0.4748,0.824422894425,0.033
chr2,60751242,0.00970654708079801,0.4736,0.823723536984,0.0379
chr2,60751243,0.009706547073759165,0.4734,0.823723536984,0.0435
chr2,60751244,0.009706547066729092,0.4728,0.823723536984,0.0525
chr2,60751245,0.009706547059709518,0.4728,0.823723536984,0.0677
chr2,60751246,0.009706547052701906,0.4726,0.823723536984,0.0911
chr2,60751247,0.009706547045707207,0.4724,0.823723536984,0.1245
chr2,60751248,0.009706547038725616,0.4722,0.823723536984,0.1742
chr2,60751249,0.009706547031756399,0.4728,0.823723536984,0.2379
chr2,60751250,0.009706547024797731,0.4714,0.823723536984,0.3208
chr2,60751251,0.009706547017846495,0.4708,0.823723536984,0.2507
chr2,60751252,0.009706547010897671,0.4702,0.823025710015,0.3067
chr2,60751253,0.00970654700394291,0.4704,0.823293742527,0.3641
chr2,60751254,0.009706546996967609,0.4712,0.823723536984,0.4174
chr2,60751255,0.009706546989946307,0.4702,0.823025710015,0.4544
chr2,60751256,0.009706546982837554,0.4698,0.822921650718,0.4777
chr2,60751257,0.009706546975581463,0.469,0.822318327011,0.7324
chr2,60751258,0.00970654696810417,0.468,0.821138747378,0.7132
chr2,60751259,0.009706546960330461,0.4658,0.818914723251,0.673
chr2,60751260,0.0097065469521997,0.4654,0.818621169637,0.6155
chr2,60751261,0.009706546943677213,0.4646,0.818573361395,0.5394
chr2,60751262,0.009706546934756777,0.465,0.818573361395,0.4383
chr2,60751263,0.00970654692545599,0.4636,0.818405427136,0.3372
chr2,60751264,0.009706546915808661,0.4624,0.817815090543,0.1596
chr2,60751265,0.00970654690585752,0.4628,0.817815090543,0.1213
chr2,60751266,0.00970654689564853,0.4622,0.817815090543,0.0914
chr2,60751267,0.009706546885226952,0.4634,0.81838135934,0.0704
chr2,60751268,0.009706546874634795,0.4634,0.81838135934,0.0546
chr2,60751269,0.009706546863909335,0.4634,0.81838135934,0.0454
chr2,60751270,0.009706546853082396,0.464,0.818573361395,0.0387
chr2,60751271,0.009706546842180221,0.464,0.818573361395,0.0326
chr2,60751272,0.009706546831223737,0.4638,0.818573361395,0.0301
chr2,60751273,0.009706546820229096,0.4628,0.817815090543,0.0281
chr2,60751274,0.009706546809208369,0.4628,0.817815090543,0.0265
chr2,60751275,0.009706546798170299,0.4628,0.817815090543,0.026
chr2,60751276,0.009706546787121016,0.4622,0.817815090543,0.0256
chr2,60751277,0.009706546776064683,0.4622,0.817815090543,0.0255
chr2,60751278,0.00970654676500406,0.4622,0.817815090543,0.0254
chr2,60751279,0.009706546753940906,0.4614,0.817396974281,0.0252
chr2,60751280,0.009706546742876333,0.4614,0.817396974281,0.0251
chr2,60751281,0.00970654673181103,0.4594,0.816514008294,0.0253
chr2,60751282,0.009706546720745468,0.4536,0.810088378708,0.0253
chr2,60751283,-0.0076412033707555895,0.651,0.897402573175,0.0253
chr2,60751284,-0.007641203368889342,0.6502,0.897402573175,0.0253
chr2,60751285,-0.007641203367022489,0.6492,0.897402573175,0.0256
chr2,60751286,-0.007641203365154636,0.6484,0.897402573175,0.0258
chr2,60751287,-0.007641203363285184,0.6484,0.897402573175,0.0264
chr2,60751288,-0.007641203361413256,0.6484,0.897402573175,0.0268
chr2,60751289,-0.007641203359537594,0.6484,0.897402573175,0.028
chr2,60751290,-0.0076412033576564635,0.6484,0.897402573175,0.029
chr2,60751291,-0.007641203355767549,0.6484,0.897402573175,0.0311
chr2,60751292,-0.007641203353867863,0.6488,0.897402573175,0.0344
chr2,60751293,-0.007641203351953683,0.6482,0.897402573175,0.0384
chr2,60751294,-0.007641203350020557,0.6478,0.897402573175,0.0428
chr2,60751295,-0.007641203348063355,0.6476,0.897402573175,0.0477
chr2,60751296,-0.0076412033460764315,0.6474,0.897402573175,0.055
chr2,60751297,-0.007641203344053845,0.6464,0.897402573175,0.0639
chr2,60751298,-0.007641203341989699,0.6462,0.897402573175,0.0729
chr2,60751299,-0.007641203339878517,0.6466,0.897402573175,0.0829
chr2,60751300,-0.007641203337715651,0.6456,0.897402573175,0.0914
chr2,60751301,-0.007641203335497684,0.645,0.897402573175,0.097
chr2,60751302,-0.007641203333222784,0.6454,0.897402573175,0.1023
chr2,60751303,-0.007641203330890919,0.6436,0.897402573175,0.0907
chr2,60751304,-0.007641203328503976,0.642,0.897402573175,0.0912
chr2,60751305,-0.007641203326065683,0.6422,0.897402573175,0.0924
chr2,60751306,-0.007641203323581398,0.6416,0.897402573175,0.1103
chr2,60751307,-0.007641203321057717,0.6418,0.897402573175,0.1131
chr2,60751308,-0.007641203318501945,0.6396,0.897402573175,0.1184
chr2,60751309,-0.007641203315921496,0.644,0.897402573175,0.1198
chr2,60751310,-0.0076412033133231964,0.6416,0.897402573175,0.1288
chr2,60751311,-0.007641203310712604,0.6388,0.897402573175,0.1838
chr2,60751312,-0.007641203308093356,0.639,0.897402573175,0.2062
chr2,60751313,-0.0076412033054665835,0.6382,0.897402573175,0.2393
chr2,60751314,-0.007641203302830511,0.6356,0.897402573175,0.2693
chr2,60751315,-0.0076412033001801855,0.6354,0.897402573175,0.307
chr2,60751316,-0.007641203297507442,0.633,0.897402573175,0.3489
chr2,60751317,-0.007641203294801118,0.6314,0.897402573175,0.3873
chr2,60751318,-0.007641203292047452,0.6296,0.897402573175,0.4216
chr2,60751319,-0.007641203289230714,0.629,0.897402573175,0.4527
chr2,60751320,-0.007641203286333908,0.631,0.897402573175,0.4783
chr2,60751321,-0.007641203283339514,0.629,0.897402573175,0.4916
chr2,60751322,-0.0076412032802300875,0.629,0.897402573175,0.4917
chr2,60751323,-0.007641203276988585,0.6292,0.897402573175,0.4789
chr2,60751324,-0.007641203273598326,0.6278,0.897402573175,0.4568
chr2,60751325,-0.007641203270042431,0.6284,0.897402573175,0.4238
chr2,60751326,-0.007641203266302987,0.6262,0.897402573175,0.3799
chr2,60751327,-0.007641203262360794,0.6258,0.897402573175,0.3333
chr2,60751328,-0.007641203258197963,0.6262,0.897402573175,0.2855
chr2,60751329,-0.007641203253805731,0.6258,0.897402573175,0.2505
chr2,60751330,-0.007641203249195508,0.6248,0.897402573175,0.2168
chr2,60751331,-0.007641203244435234,0.625,0.897402573175,0.1862
chr2,60751332,-0.007641203239636912,0.6224,0.897402573175,0.1349
chr2,60751333,-0.007641203234871625,0.6216,0.897402573175,0.124
chr2,60751334,-0.00764120323016102,0.6208,0.897402573175,0.1162
chr2,60751335,-0.007641203225488232,0.6242,0.897402573175,0.0965
chr2,60751336,-0.007641203220825298,0.626,0.897402573175,0.0955
chr2,60751337,-0.00764120321614728,0.6252,0.897402573175,0.0844
chr2,60751338,-0.0076412032114354595,0.625,0.897402573175,0.0754
chr2,60751339,-0.0076412032066769464,0.624,0.897402573175,0.0751
chr2,60751340,-0.0076412032018636136,0.6242,0.897402573175,0.0724
chr2,60751341,-0.0076412031969910425,0.6226,0.897402573175,0.0705
chr2,60751342,-0.0076412031920575305,0.6226,0.897402573175,0.0682
chr2,60751343,-0.007641203187063144,0.6216,0.897402573175,0.0654
chr2,60751344,-0.007641203182008763,0.6192,0.897402573175,0.0622
chr2,60751345,-0.007641203176895125,0.621,0.897402573175,0.0602
chr2,60751346,-0.007641203171722002,0.6228,0.897402573175,0.0582
chr2,60751347,-0.0076412031664875755,0.622,0.897402573175,0.0591
chr2,60751348,-0.007641203161188146,0.6228,0.897402573175,0.0603
chr2,60751349,-0.007641203155818236,0.6252,0.897402573175,0.0608
chr2,60751350,-0.007641203150371078,0.6256,0.897402573175,0.0636
chr2,60751351,-0.007641203144839394,0.6232,0.897402573175,0.0661
chr2,60751352,-0.00764120313921629,0.6236,0.897402573175,0.0687
chr2,60751353,-0.007641203133496139,0.6246,0.897402573175,0.0699
chr2,60751354,-0.007641203127675315,0.6246,0.897402573175,0.0765
chr2,60751355,-0.007641203121752676,0.625,0.897402573175,0.0752
chr2,60751356,-0.007641203115729805,0.6262,0.897402573175,0.0713
chr2,60751357,-0.007641203109610922,0.6256,0.897402573175,0.066
chr2,60751358,-0.007641203103402604,0.6266,0.897402573175,0.0594
chr2,60751359,-0.007641203097113295,0.628,0.897402573175,0.0535
chr2,60751360,-0.007641203090752674,0.629,0.897402573175,0.0482
chr2,60751361,-0.007641203084331024,0.6306,0.897402573175,0.0417
chr2,60751362,-0.007641203077858631,0.6302,0.897402573175,0.0376
chr2,60751363,-0.007641203071345259,0.6302,0.897402573175,0.0348
chr2,60751364,-0.007641203064799801,0.6308,0.897402573175,0.0334
chr2,60751365,-0.007641203058230054,0.631,0.897402573175,0.0307
chr2,60751366,-0.007641203051642666,0.6314,0.897402573175,0.0295
chr2,60751367,-0.007641203045043211,0.6316,0.897402573175,0.0294
chr2,60751368,-0.007641203038436384,0.635,0.897402573175,0.0293
chr2,60751369,-0.007641203031826248,0.6334,0.897402573175,0.0296
chr2,60751370,-0.00764120302521656,0.6342,0.897402573175,0.0313
chr2,60751371,-0.007641203018611106,0.6336,0.897402573175,0.0328
chr2,60751372,-0.00764120301201404,0.6338,0.897402573175,0.0366
chr2,60751373,-0.007641203005430191,0.6332,0.897402573175,0.0414
chr2,60751374,-0.007641202998865342,0.6338,0.897402573175,0.0546
chr2,60751375,-0.00764120299232642,0.6342,0.897402573175,0.0682
chr2,60751376,-0.007641202985821591,0.635,0.897402573175,0.08
chr2,60751377,-0.007641202979360225,0.6354,0.897402573175,0.1213
chr2,60751378,-0.007641202972952709,0.6368,0.897402573175,0.1662
chr2,60751379,-0.007641202966610124,0.6372,0.897402573175,0.2313
chr2,60751380,-0.0076412029603437895,0.6382,0.897402573175,0.3076
chr2,60751381,-0.007641202954164692,0.6386,0.897402573175,0.3934
chr2,60751382,-0.007641202948082942,0.6398,0.897402573175,0.4869
chr2,60751383,-0.007641202942107227,0.6422,0.897402573175,0.5639
chr2,60751384,-0.00764120293624435,0.6422,0.897402573175,0.6269
chr2,60751385,-0.007641202930498889,0.6454,0.897402573175,0.6688
chr2,60751386,-0.007641202924872957,0.6466,0.897402573175,0.6959
chr2,60751387,-0.007641202919366119,0.6468,0.897402573175,0.6933
chr2,60751388,-0.007641202913975455,0.6468,0.897402573175,0.6681
chr2,60751389,-0.0076412029086957095,0.648,0.897402573175,0.6249
chr2,60751390,-0.007641202903519583,0.6484,0.897402573175,0.5641
chr2,60751391,-0.007641202898438099,0.6504,0.897402573175,0.6091
chr2,60751392,-0.0076412028934410466,0.6534,0.897402573175,0.5031
chr2,60751393,-0.007641202888517524,0.6532,0.897402573175,0.3886
chr2,60751394,-0.007641202883656476,0.652,0.897402573175,0.2836
chr2,60751395,-0.00764120287884718,0.6538,0.897402573175,0.1999
chr2,60751396,-0.007641202874079674,0.6536,0.897402573175,0.1381
chr2,60751397,-0.0076412028693450575,0.653,0.897402573175,0.0995
chr2,60751398,-0.007641202864635664,0.6538,0.897402573175,0.0732
chr2,60751399,-0.007641202859945116,0.6542,0.897402573175,0.0543
chr2,60751400,-0.0076412028552682865,0.6548,0.897402573175,0.0447
chr2,60751401,-0.007641202850601186,0.655,0.897402573175,0.038
chr2,60751402,-0.007641202845940805,0.6542,0.897402573175,0.0324
chr2,60751403,-0.0076412028412849685,0.654,0.897402573175,0.0297
chr2,60751404,-0.007641202836632161,0.6536,0.897402573175,0.028
chr2,60751405,-0.00764120283198138,0.6538,0.897402573175,0.0265
chr2,60751406,-0.007641202827332027,0.6536,0.897402573175,0.0263
chr2,60751407,-0.007641202822683857,0.6554,0.897402573175,0.026
chr2,60751408,-0.007641202818036957,0.6582,0.897402573175,0.0259
chr2,60751409,-0.00764120281339179,0.665,0.897402573175,0.0256
chr2,60751410,-0.007641202808749297,0.6648,0.897402573175,0.0257
chr2,60751411,-0.007641202804111095,0.6648,0.897402573175,0.0261
chr2,60751412,-0.007641202799479734,0.6648,0.897402573175,0.0269
chr2,60751413,-0.007641202794859052,0.6648,0.897402573175,0.0276
chr2,60751414,-0.007641202790254627,0.6648,0.897402573175,0.0291
chr2,60751415,-0.007641202785674282,0.6648,0.897402573175,0.0306
chr2,60751416,-0.0076412027811286224,0.6648,0.897402573175,0.0334
chr2,60751417,-0.00764120277663155,0.6648,0.897402573175,0.0374
chr2,60751418,-0.007641202772200648,0.6648,0.897402573175,0.0422
chr2,60751419,-0.0076412027678573625,0.6648,0.897402573175,0.0486
chr2,60751420,-0.0076412027636268845,0.6648,0.897402573175,0.0562
chr2,60751421,-0.007641202759537613,0.6648,0.897402573175,0.0659
chr2,60751422,-0.007641202755620201,0.6648,0.897402573175,0.0787
chr2,60751423,-0.007641202751906162,0.6648,0.897402573175,0.0917
chr2,60751424,-0.00764120274842613,0.6648,0.897402573175,0.1023
chr2,60751425,-0.007641202745207885,0.6648,0.897402573175,0.1119
chr2,60751426,-0.007641202742274402,0.6648,0.897402573175,0.1181
chr2,60751427,-0.007641202739642101,0.6648,0.897402573175,0.1201
chr2,60751503,0.02028695724468604,0.2294,0.676967756585,0.3068
chr2,60751504,0.0202869572443474,0.2294,0.676967756585,0.3139
chr2,60751505,0.02028695724396527,0.2294,0.676967756585,0.3088
chr2,60751506,0.020286957243540817,0.2294,0.676967756585,0.2887
chr2,60751507,0.02028695724307623,0.2294,0.676967756585,0.188
chr2,60751508,0.020286957242574524,0.2294,0.676967756585,0.1666
chr2,60751509,0.020286957242039286,0.2294,0.676967756585,0.1442
chr2,60751510,0.020286957241474474,0.2294,0.676967756585,0.1237
chr2,60751511,0.020286957240884092,0.2294,0.676967756585,0.1081
chr2,60751512,0.020286957240271963,0.2294,0.676967756585,0.0949
chr2,60751513,0.020286957239641516,0.2294,0.676967756585,0.0878
chr2,60751514,0.020286957238995637,0.2272,0.676967756585,0.0857
chr2,60751515,0.020286957238336557,0.2222,0.676967756585,0.0868
chr2,60751516,0.020286957237665836,0.2182,0.676967756585,0.096
chr2,60751517,0.02028695723698437,0.215,0.676967756585,0.1122
chr2,60751518,0.020286957236292504,0.2108,0.676967756585,0.1337
chr2,60751519,0.020286957235590104,0.209,0.676967756585,0.1566
chr2,60751520,0.020286957234876734,0.2082,0.676967756585,0.1826
chr2,60751521,0.02028695723415178,0.2086,0.676967756585,0.209
chr2,60751522,0.02028695723341463,0.208,0.676967756585,0.2334
chr2,60751523,0.020286957232664805,0.2072,0.676967756585,0.2511
chr2,60751524,0.02028695723190206,0.207,0.676967756585,0.2583
chr2,60751525,0.020286957231126505,0.2066,0.676967756585,0.2564
chr2,60751526,0.020286957230338628,0.2074,0.676967756585,0.2437
chr2,60751527,0.020286957229539358,0.2086,0.676967756585,0.2239
chr2,60751528,0.02028695722873002,0.2092,0.676967756585,0.2018
chr2,60751529,0.020286957227912284,0.2108,0.676967756585,0.1792
chr2,60751530,0.020286957227088172,0.2108,0.676967756585,0.1567
chr2,60751531,0.0202869572262599,0.2102,0.676967756585,0.1394
chr2,60751532,0.02028695722542984,0.2102,0.676967756585,0.1263
chr2,60751533,0.02028695722460039,0.2116,0.676967756585,0.1188
chr2,60751534,0.020286957223773914,0.214,0.676967756585,0.1126
chr2,60751535,0.020286957222952616,0.2176,0.676967756585,0.1046
chr2,60751536,0.020286957222138465,0.219,0.676967756585,0.101
chr2,60751537,0.020286957221333116,0.2188,0.676967756585,0.0981
chr2,60751538,0.020286957220537874,0.2216,0.676967756585,0.0953
chr2,60751539,0.020286957219753633,0.223,0.676967756585,0.0928
chr2,60751540,0.02028695721898089,0.2244,0.676967756585,0.0893
chr2,60751541,0.02028695721821981,0.225,0.676967756585,0.0844
chr2,60751542,0.020286957217470276,0.2256,0.676967756585,0.0794
chr2,60751543,0.02028695721673199,0.2266,0.676967756585,0.0733
chr2,60751544,0.02028695721600467,0.2276,0.676967756585,0.0666
chr2,60751545,0.02028695721528815,0.229,0.676967756585,0.0596
chr2,60751546,0.02028695721458258,0.2288,0.676967756585,0.055
chr2,60751547,0.020286957213888585,0.2306,0.676967756585,0.0512
chr2,60751548,0.020286957213207387,0.233,0.676967756585,0.0501
chr2,60751549,0.0202869572125409,0.235,0.676967756585,0.0508
chr2,60751550,0.020286957211891735,0.2364,0.676967756585,0.0525
chr2,60751551,0.02028695721126318,0.237,0.676967756585,0.0549
chr2,60751552,0.020286957210659044,0.237,0.676967756585,0.0583
chr2,60751553,0.020286957210083473,0.237,0.676967756585,0.0626
chr2,60751554,0.020286957209540674,0.237,0.676967756585,0.0673
chr2,60751555,0.020286957209034662,0.237,0.676967756585,0.0878
chr2,60751556,0.02028695720856895,0.237,0.676967756585,0.0926
chr2,60751557,0.020286957208146307,0.237,0.676967756585,0.132
chr2,60751558,0.020286957207768543,0.237,0.676967756585,0.1336
chr2,60757705,-4.296694621436423e-05,0.9762,0.98608045316,0.357
chr2,60757773,-0.01774855732150537,0.4238,0.785735404114,0.4458
chr2,60757774,-0.017748557311616217,0.4238,0.785735404114,0.4861
chr2,60757775,-0.01774855729859538,0.4238,0.785735404114,0.5092
chr2,60757776,-0.01774855728119272,0.4238,0.785735404114,0.5162
chr2,60757777,-0.017748557257654878,0.4238,0.785735404114,0.5067
chr2,60757778,-0.017748557226210087,0.4236,0.785735404114,0.4843
chr2,60757779,-0.017748557187150224,0.4238,0.785735404114,0.4442
chr2,60757780,-0.01774855714549976,0.423,0.785735404114,0.3929
chr2,60757781,-0.01774855710782799,0.4222,0.785735404114,0.339
chr2,60757782,-0.017748557076343246,0.4224,0.785735404114,0.2854
chr2,60757783,-0.01774855704996467,0.4228,0.785735404114,0.2352
chr2,60757784,-0.01774855702707163,0.4246,0.785735404114,0.1891
chr2,60757785,-0.017748557006435822,0.4242,0.785735404114,0.1514
chr2,60757786,-0.017748556987265077,0.425,0.785735404114,0.1216
chr2,60757787,-0.017748556969075586,0.425,0.785735404114,0.1011
chr2,60757788,-0.01774855695158141,0.425,0.785735404114,0.0857
chr2,60757789,-0.01774855693462261,0.4268,0.785735404114,0.0767
chr2,60757790,-0.017748556918121824,0.4286,0.785735404114,0.0683
chr2,60757791,-0.017748556902058513,0.432,0.786492537313,0.0659
chr2,60757792,-0.01774855688645325,0.4336,0.788203304078,0.0658
chr2,60757793,-0.0177485568713573,0.4346,0.788203304078,0.0692
chr2,60757794,-0.01774855685684458,0.4346,0.788203304078,0.0748
chr2,60757795,-0.01774855684300416,0.4346,0.788203304078,0.0835
chr2,60757796,-0.017748556829932614,0.4346,0.788203304078,0.0901
chr2,60757797,-0.017748556817725938,0.4346,0.788203304078,0.1
chr2,60757798,-0.01774855680647144,0.4346,0.788203304078,0.1053
chr2,60757799,-0.017748556796240312,0.4346,0.788203304078,0.1096
chr2,60757800,-0.017748556787081367,0.4346,0.788203304078,0.1107
chr2,60757853,-0.01168051515037733,0.4302,0.785735404114,0.1072
chr2,60757854,-0.011680515138653032,0.4302,0.785735404114,0.1283
chr2,60757855,-0.01168051512570603,0.4302,0.785735404114,0.151
chr2,60757856,-0.011680515111691284,0.4302,0.785735404114,0.1762
chr2,60757857,-0.011680515096825862,0.4302,0.785735404114,0.2325
chr2,60757858,-0.01168051508138166,0.4296,0.785735404114,0.3073
chr2,60757859,-0.011680515065683813,0.429,0.785735404114,0.3943
chr2,60757860,-0.01168051505015443,0.4286,0.785735404114,0.4675
chr2,60757861,-0.0116805150352941,0.4266,0.785735404114,0.5127
chr2,60757862,-0.011680515021055568,0.4236,0.785735404114,0.5368
chr2,60757863,-0.011680515006054692,0.4242,0.785735404114,0.5302
chr2,60757864,-0.011680514988438308,0.421,0.785100859964,0.494
chr2,60757865,-0.011680514967332871,0.421,0.785100859964,0.4239
chr2,60757866,-0.011680514942966676,0.42,0.784652201659,0.3441
chr2,60757867,-0.011680514915962083,0.4188,0.783160012775,0.2674
chr2,60757868,-0.011680514886888888,0.4176,0.782498826541,0.2011
chr2,60757869,-0.011680514856182773,0.4172,0.782333511263,0.1606
chr2,60757870,-0.011680514824177913,0.4154,0.782333511263,0.1422
chr2,60757871,-0.011680514791141692,0.4106,0.782333511263,0.1232
chr2,60757872,-0.01168051475729437,0.4062,0.782161378556,0.1097
chr2,60757873,-0.01168051472281886,0.3998,0.780969317678,0.0982
chr2,60757874,-0.011680514687866048,0.3984,0.780623146393,0.0916
chr2,60757875,-0.011680514652558406,0.3978,0.780623146393,0.0816
chr2,60757876,-0.011680514616993133,0.3956,0.780623146393,0.0767
chr2,60757877,-0.011680514581245768,0.3948,0.780623146393,0.072
chr2,60757878,-0.011680514545373952,0.3952,0.780623146393,0.0645
chr2,60757879,-0.01168051450942156,0.3938,0.780623146393,0.0591
chr2,60757880,-0.01168051447342255,0.3932,0.780623146393,0.0558
chr2,60757881,-0.011680514437404832,0.3928,0.780623146393,0.0545
chr2,60757882,-0.01168051440139413,0.393,0.780623146393,0.0538
chr2,60757883,-0.011680514365417609,0.393,0.780623146393,0.0519
chr2,60757884,-0.011680514329507475,0.3924,0.780578255946,0.0496
chr2,60757885,-0.011680514293704635,0.3882,0.779463172319,0.054
chr2,60757886,-0.011680514258062491,0.3842,0.776268797425,0.0566
chr2,60757887,-0.011680514222650885,0.3778,0.774902630365,0.0668
chr2,60757888,-0.011680514187560087,0.3772,0.774902630365,0.0745
chr2,60757889,-0.011680514152904675,0.3732,0.770753439153,0.0883
chr2,60757890,-0.01168051411882682,0.3754,0.774113759098,0.1059
chr2,60757891,-0.011680514085498736,0.3758,0.774574865055,0.1298
chr2,60757892,-0.011680514053123384,0.3746,0.772736230182,0.1589
chr2,60757893,-0.011680514021932646,0.3734,0.770985188668,0.1888
chr2,60757894,-0.011680513992181995,0.3746,0.772736230182,0.2267
chr2,60757895,-0.011680513964140897,0.3732,0.770753439153,0.2402
chr2,60757896,-0.011680513938080245,0.3692,0.765643211334,0.27
chr2,60757897,-0.01168051391425766,0.3708,0.767149823322,0.2962
chr2,60757898,-0.011680513892903525,0.371,0.767473206925,0.318
chr2,60757899,-0.011680513874209568,0.37,0.766578202406,0.3441
chr2,60757900,-0.011680513858321067,0.3708,0.767149823322,0.3562
chr2,60757901,-0.011680513845332982,0.3694,0.7659675363,0.2974
chr2,60757902,-0.011680513835290092,0.3704,0.766864214993,0.2814
chr2,60757903,-0.011680513828191614,0.3696,0.76620134545,0.2626
chr2,60757904,-0.0116805138240005,0.369,0.765590007087,0.2101
chr2,60757905,-0.011680513822657272,0.3674,0.762991369118,0.2051
chr2,60757906,-0.011680513824095039,0.3656,0.760062019174,0.1735
chr2,60757907,-0.011680513828241965,0.3666,0.761780314681,0.1471
chr2,60757908,-0.011680513834970124,0.3654,0.759736150568,0.1197
chr2,60757909,-0.011680513843999197,0.365,0.759410204806,0.1035
chr2,60757910,-0.01168051385707306,0.365,0.759410204806,0.0878
chr2,60757911,-0.011680513947457838,0.3672,0.762846599645,0.0773
chr2,60757912,-0.011680515428132695,0.3692,0.765643211334,0.0698
chr2,60757913,-0.016499092091821602,0.1974,0.672093622795,0.0639
chr2,60757914,-0.01649909256246676,0.197,0.67138242142,0.0614
chr2,60757915,-0.016499092588280865,0.1958,0.668200310861,0.0633
chr2,60757916,-0.016499092596958715,0.1954,0.667483663944,0.0675
chr2,60757917,-0.01649909260411149,0.193,0.663322517592,0.0677
chr2,60757918,-0.016499092609864336,0.1938,0.664343676815,0.0676
chr2,60757919,-0.016499092613942133,0.1914,0.661408813693,0.0672
chr2,60757920,-0.016499092616280565,0.1928,0.663322517592,0.0614
chr2,60757921,-0.01649909261692317,0.1916,0.661449292453,0.0594
chr2,60757922,-0.016499092615955405,0.1924,0.662908199294,0.0588
chr2,60757923,-0.016499092613476485,0.1932,0.663322517592,0.0589
chr2,60757924,-0.016499092609585653,0.1934,0.663749706917,0.0589
chr2,60757925,-0.016499092604373104,0.1932,0.663322517592,0.0597
chr2,60757926,-0.016499092597913007,0.1966,0.670279309006,0.0606
chr2,60757927,-0.016499092590258634,0.1972,0.671803335919,0.0701
chr2,60757928,-0.01649909258143969,0.1984,0.672444337996,0.0731
chr2,60757929,-0.01649909257146328,0.199,0.672444337996,0.0831
chr2,60757930,-0.01649909256031776,0.202,0.675345693098,0.0937
chr2,60757931,-0.016499092547979564,0.2036,0.676572859573,0.1064
chr2,60757932,-0.016499092534421722,0.2038,0.676572859573,0.1189
chr2,60757933,-0.01649909251962298,0.2024,0.675371580547,0.1277
chr2,60757934,-0.016499092503576295,0.2024,0.675371580547,0.1332
chr2,60757935,-0.0164990924862954,0.2022,0.675345693098,0.1362
chr2,60757936,-0.01649909246781862,0.2026,0.675525626424,0.1366
chr2,60757937,-0.016499092448209313,0.203,0.675961137441,0.1327
chr2,60757938,-0.01649909242755307,0.2014,0.674726492466,0.1307
chr2,60757939,-0.01649909240595198,0.2022,0.675345693098,0.1243
chr2,60757940,-0.01649909238351679,0.2036,0.676572859573,0.1201
chr2,60757941,-0.016499092360357816,0.2044,0.676967756585,0.1186
chr2,60757942,-0.016499092336575674,0.2056,0.676967756585,0.1185
chr2,60757943,-0.01649909231225295,0.209,0.676967756585,0.1207
chr2,60757944,-0.016499092287448027,0.2114,0.676967756585,0.124
chr2,60757945,-0.016499092262192476,0.2154,0.676967756585,0.1248
chr2,60757946,-0.01649909223649286,0.2158,0.676967756585,0.1296
chr2,60757947,-0.016499092210336394,0.2166,0.676967756585,0.1387
chr2,60757948,-0.016499092183699413,0.2174,0.676967756585,0.151
chr2,60757949,-0.016499092156556396,0.2188,0.676967756585,0.1591
chr2,60757950,-0.016499092128888712,0.2208,0.676967756585,0.1832
chr2,60757951,-0.016499092100692708,0.2224,0.676967756585,0.2154
chr2,60757952,-0.01649909207198569,0.2234,0.676967756585,0.2105
chr2,60757953,-0.016499092042808534,0.2256,0.676967756585,0.2088
chr2,60757954,-0.016499092013224578,0.2274,0.676967756585,0.1981
chr2,60757955,-0.01649909198331564,0.229,0.676967756585,0.2219
chr2,60757956,-0.01649909195317651,0.2308,0.676967756585,0.2532
chr2,60757957,-0.016499091922909083,0.2328,0.676967756585,0.2361
chr2,60757958,-0.016499091892616922,0.2338,0.676967756585,0.2213
chr2,60757959,-0.016499091862400728,0.2356,0.676967756585,0.2035
chr2,60757960,-0.016499091832355078,0.2398,0.676967756585,0.1897
chr2,60757961,-0.006722648811096104,0.6522,0.897402573175,0.1792
chr2,60757962,-0.00672264739694232,0.6504,0.897402573175,0.1739
chr2,60757963,-0.006722647085886656,0.652,0.897402573175,0.1666
chr2,60757964,-0.006722646952808912,0.6526,0.897402573175,0.1661
chr2,60757965,-0.006722646879616742,0.6558,0.897402573175,0.1616
chr2,60757966,-0.006722646833852224,0.6582,0.897402573175,0.158
chr2,60757967,-0.006722646802912804,0.6614,0.897402573175,0.1553
chr2,60757968,-0.006722646780843309,0.6626,0.897402573175,0.1484
chr2,60757969,-0.0067226467644483645,0.6638,0.897402573175,0.1401
chr2,60757970,-0.006722646751855919,0.666,0.897402573175,0.1312
chr2,60757971,-0.006722646741897975,0.6676,0.897402573175,0.1428
chr2,60757972,-0.00672264673381109,0.667,0.897402573175,0.1215
chr2,60757973,-0.006722646727078747,0.6678,0.897402573175,0.1056
chr2,60757974,-0.00672264672134176,0.6692,0.897402573175,0.09
chr2,60757975,-0.0067226467163449865,0.6698,0.897402573175,0.0726
chr2,60757976,-0.006722646711903808,0.6704,0.897402573175,0.0612
chr2,60757977,-0.006722646707882474,0.671,0.897402573175,0.0523
chr2,60757978,-0.00672264670417986,0.6722,0.897402573175,0.0469
chr2,60757979,-0.006722646700720076,0.6738,0.897402573175,0.0415
chr2,60757980,-0.0067226466974459696,0.6744,0.897402573175,0.0389
chr2,60757981,-0.006722646694315128,0.6764,0.897402573175,0.0362
chr2,60757982,-0.006722646691297106,0.6756,0.897402573175,0.0342
chr2,60757983,-0.00672264668837163,0.6756,0.897402573175,0.0327
chr2,60757984,-0.006722646685527241,0.6774,0.897402573175,0.032
chr2,60757985,-0.006722646682760259,0.6794,0.897402573175,0.0333
chr2,60757986,-0.006722646680073769,0.6796,0.897402573175,0.0377
chr2,60757987,-0.006722646677476509,0.6796,0.897402573175,0.0447
chr2,60757988,-0.0067226466749815495,0.6796,0.897402573175,0.0488
chr2,60757989,-0.006722646672604748,0.6796,0.897402573175,0.0556
chr2,60757990,-0.0067226466703630494,0.6796,0.897402573175,0.0621
chr2,60757991,-0.006722646668272768,0.6796,0.897402573175,0.0698
chr2,60757992,-0.006722646666348042,0.6796,0.897402573175,0.0767
chr2,60757993,-0.006722646664599559,0.6796,0.897402573175,0.0824
chr2,60757994,-0.006722646663033785,0.6796,0.897402573175,0.0874
chr2,60757995,-0.006722646661652602,0.6796,0.897402573175,0.0883
chr2,60758047,0.004550308005061132,0.6864,0.897402573175,0.3379
chr2,60758048,0.004550308002833065,0.6864,0.897402573175,0.3379
chr2,60758049,0.004550307999977534,0.6864,0.897402573175,0.3209
chr2,60758050,0.004550307996289639,0.6864,0.897402573175,0.2905
chr2,60758051,0.0045503079914833225,0.6864,0.897402573175,0.2462
chr2,60758052,0.004550307985155938,0.6864,0.897402573175,0.204
chr2,60758053,0.004550307976734595,0.6864,0.897402573175,0.1554
chr2,60758054,0.00455030796539164,0.6864,0.897402573175,0.1192
chr2,60758055,0.004550307949901838,0.6864,0.897402573175,0.0919
chr2,60758056,0.004550307928376749,0.6864,0.897402573175,0.0724
chr2,60758057,0.004550307897716643,0.6864,0.897402573175,0.0576
chr2,60758058,0.0045503078523589134,0.6864,0.897402573175,0.0475
chr2,60758059,0.004550307781019014,0.6864,0.897402573175,0.0419
chr2,60758060,0.004550307655845962,0.6864,0.897402573175,0.0363
chr2,60758061,0.00455030737375653,0.6864,0.897402573175,0.0328
chr2,60758062,0.004550305933767587,0.6868,0.897402573175,0.0317
chr2,60758063,0.004550300049873817,0.6844,0.897402573175,0.0329
chr2,60758064,0.004859807819584932,0.6616,0.897402573175,0.0359
chr2,60758065,0.004859809741763786,0.6576,0.897402573175,0.0368
chr2,60758066,0.0048598103068316,0.6582,0.897402573175,0.0407
chr2,60758067,0.0048598105531835025,0.6558,0.897402573175,0.0449
chr2,60758068,0.004859810693247134,0.6554,0.897402573175,0.0514
chr2,60758069,0.004859810784508657,0.6552,0.897402573175,0.0598
chr2,60758070,0.004859810848486744,0.6544,0.897402573175,0.0713
chr2,60758071,0.004859810895288667,0.6544,0.897402573175,0.0847
chr2,60758072,0.004859810930412435,0.6552,0.897402573175,0.1015
chr2,60758073,0.004859810957135836,0.6558,0.897402573175,0.1205
chr2,60758074,0.0048598109775292156,0.6554,0.897402573175,0.147
chr2,60758075,0.0048598109929541555,0.6554,0.897402573175,0.176
chr2,60758076,0.004859811004333533,0.6542,0.897402573175,0.2029
chr2,60758077,0.004859811012307518,0.655,0.897402573175,0.2336
chr2,60758078,0.004859811017328633,0.6506,0.897402573175,0.2629
chr2,60758079,0.004859811019720692,0.65,0.897402573175,0.294
chr2,60758080,0.004859811019716273,0.6486,0.897402573175,0.3272
chr2,60758081,0.004859811017481387,0.6494,0.897402573175,0.3704
chr2,60758082,0.004859811013132871,0.6462,0.897402573175,0.4158
chr2,60758083,0.004859811006752044,0.6432,0.897402573175,0.3341
chr2,60758084,0.004859810998396661,0.638,0.897402573175,0.3666
chr2,60758085,0.004859810988112169,0.6386,0.897402573175,0.2968
chr2,60758086,0.004859810975942402,0.6384,0.897402573175,0.2993
chr2,60758087,0.00485981096193917,0.6366,0.897402573175,0.3018
chr2,60758088,0.004859810946170036,0.6372,0.897402573175,0.2975
chr2,60758089,0.004859810928723446,0.6366,0.897402573175,0.2759
chr2,60758090,0.004859810909710699,0.6356,0.897402573175,0.2509
chr2,60758091,0.004859810889264654,0.6356,0.897402573175,0.2156
chr2,60758092,0.004859810867535564,0.6342,0.897402573175,0.1765
chr2,60758093,0.004859810844684807,0.6328,0.897402573175,0.1409
chr2,60758094,0.004859810820877499,0.6326,0.897402573175,0.1043
chr2,60758095,0.004859810796275121,0.6332,0.897402573175,0.0803
chr2,60758096,0.0048598107710290245,0.6326,0.897402573175,0.0645
chr2,60758097,0.004859810745275474,0.6314,0.897402573175,0.0529
chr2,60758098,0.004859810719132547,0.6318,0.897402573175,0.0445
chr2,60758099,0.004859810692698869,0.6314,0.897402573175,0.038
chr2,60758100,0.004859810666053954,0.631,0.897402573175,0.0331
chr2,60758101,0.00485981063925974,0.6306,0.897402573175,0.0302
chr2,60758102,0.004859810612362881,0.6306,0.897402573175,0.0283
chr2,60758103,0.004859810585397504,0.63,0.897402573175,0.0271
chr2,60758104,0.004859810558387545,0.6294,0.897402573175,0.0266
chr2,60758105,0.004859810531349381,0.63,0.897402573175,0.0257
chr2,60758106,0.004859810504293865,0.6298,0.897402573175,0.0254
chr2,60758107,0.004859810477227972,0.63,0.897402573175,0.0252
chr2,60758108,0.004859810450156043,0.6302,0.897402573175,0.0251
chr2,60758109,0.004859810423080699,0.6304,0.897402573175,0.0251
chr2,60758110,0.0048598103960036595,0.6318,0.897402573175,0.0251
chr2,60758111,0.004859810368925979,0.6324,0.897402573175,0.0251
chr2,60758112,0.004859810341848235,0.6302,0.897402573175,0.0251
chr2,60758113,0.004859810314771066,0.6268,0.897402573175,0.0251
chr2,60758114,0.004859810287695332,0.6242,0.897402573175,0.0252
chr2,60758115,0.004859810260622155,0.6234,0.897402573175,0.0253
chr2,60758116,0.004859810233553235,0.6234,0.897402573175,0.0256
chr2,60758117,0.004859810206491179,0.6236,0.897402573175,0.0259
chr2,60758118,0.0048598101794398284,0.6238,0.897402573175,0.0265
chr2,60758119,0.004859810152404623,0.6244,0.897402573175,0.0274
chr2,60758120,0.004859810125392935,0.6246,0.897402573175,0.0286
chr2,60758121,0.0048598100984142915,0.6244,0.897402573175,0.0309
chr2,60758122,0.004859810071480361,0.6238,0.897402573175,0.0333
chr2,60758123,0.00485981004460453,0.623,0.897402573175,0.035
chr2,60758124,0.004859810017800909,0.623,0.897402573175,0.0396
chr2,60758125,0.004859809991082576,0.6234,0.897402573175,0.0447
chr2,60758126,0.0048598099644590696,0.6224,0.897402573175,0.0514
chr2,60758127,0.004859809937933094,0.6238,0.897402573175,0.0622
chr2,60758128,0.004859809911496466,0.6238,0.897402573175,0.0814
chr2,60758129,0.004859809885126649,0.625,0.897402573175,0.0998
chr2,60758130,0.004859809858784521,0.6252,0.897402573175,0.1235
chr2,60758131,0.004859809832414835,0.625,0.897402573175,0.1465
chr2,60758132,0.004859809805950019,0.6236,0.897402573175,0.173
chr2,60758133,0.004859809779318426,0.622,0.897402573175,0.1965
chr2,60758134,0.004859809752454425,0.6218,0.897402573175,0.2143
chr2,60758135,0.0048598097253087285,0.6216,0.897402573175,0.2239
chr2,60758136,0.0048598096978563765,0.6216,0.897402573175,0.2263
chr2,60758137,0.004859809670101001,0.6218,0.897402573175,0.2213
chr2,60758138,0.004859809642075517,0.6236,0.897402573175,0.1774
chr2,60758139,0.004859809613840347,0.6266,0.897402573175,0.199
chr2,60758140,0.004859809585480475,0.6276,0.897402573175,0.2265
chr2,60758141,0.0048598095571022034,0.6244,0.897402573175,0.2156
chr2,60758142,0.004859809528829688,0.6226,0.897402573175,0.215
chr2,60758143,0.004859809500801011,0.6242,0.897402573175,0.2222
chr2,60758144,0.00485980947316313,0.6204,0.897402573175,0.2385
chr2,60758145,0.004859809446065217,0.621,0.897402573175,0.2648
chr2,60758146,0.004859809419650131,0.6228,0.897402573175,0.3015
chr2,60758147,0.004859809394044233,0.6214,0.897402573175,0.3481
chr2,60758148,0.004859809369346436,0.6198,0.897402573175,0.3965
chr2,60758149,0.004859809345618334,0.617,0.897402573175,0.4423
chr2,60758150,0.004859809322877761,0.6152,0.897402573175,0.477
chr2,60758151,0.012099800368310628,0.2566,0.678281264108,0.5042
chr2,60758152,0.012099800860043312,0.2538,0.676967756585,0.5129
chr2,60758153,0.01209980102138214,0.2546,0.676967756585,0.4957
chr2,60758154,0.01209980110438185,0.256,0.67740885809,0.3722
chr2,60758155,0.012099801155939867,0.2572,0.679151834035,0.338
chr2,60758156,0.012099801191591352,0.2584,0.680071321546,0.297
chr2,60758157,0.01209980121804933,0.2582,0.679850547144,0.2526
chr2,60758158,0.012099801238715653,0.2594,0.681274072967,0.2114
chr2,60758159,0.012099801255505648,0.2608,0.682806975704,0.1752
chr2,60758160,0.01209980126957857,0.2604,0.682675522388,0.1443
chr2,60758161,0.012099801281671105,0.2602,0.682354882054,0.1239
chr2,60758162,0.01209980129226595,0.26,0.682034050179,0.108
chr2,60758163,0.012099801301682792,0.2626,0.684967181467,0.1007
chr2,60758164,0.012099801310133197,0.261,0.682821715818,0.0965
chr2,60758165,0.012099801317754169,0.259,0.680834331039,0.0992
chr2,60758166,0.012099801324633154,0.2572,0.679151834035,0.1069
chr2,60758167,0.012099801330826611,0.2558,0.677287760024,0.1194
chr2,60758168,0.012099801336374786,0.2526,0.676967756585,0.1168
chr2,60758169,0.012099801341312737,0.2534,0.676967756585,0.1317
chr2,60758170,0.012099801345677319,0.2544,0.676967756585,0.1525
chr2,60758171,0.012099801349510211,0.2548,0.677006499395,0.1699
chr2,60758172,0.01209980135285774,0.254,0.676967756585,0.1823
chr2,60758173,0.012099801355768613,0.2538,0.676967756585,0.1913
chr2,60758174,0.012099801358290795,0.2538,0.676967756585,0.193
chr2,60758175,0.012099801360468452,0.2538,0.676967756585,0.1868
chr2,60758176,0.012099801362339376,0.255,0.677006499395,0.1753
chr2,60758177,0.012099801363933058,0.2556,0.677287760024,0.1596
chr2,60758178,0.012099801365269459,0.2548,0.677006499395,0.141
chr2,60758179,0.01209980136635832,0.255,0.677006499395,0.1245
chr2,60758180,0.012099801367198987,0.2582,0.679850547144,0.1116
chr2,60758181,0.012099801367780825,0.2594,0.681274072967,0.0998
chr2,60758182,0.012099801368084143,0.2612,0.683141453246,0.0894
chr2,60758183,0.012099801368081784,0.2608,0.682806975704,0.0824
chr2,60758184,0.012099801367741329,0.2612,0.683141453246,0.0703
chr2,60758185,0.012099801367027799,0.2618,0.683997768853,0.069
chr2,60758186,0.01209980136590666,0.2594,0.681274072967,0.0785
chr2,60758187,0.012099801364346876,0.2582,0.679850547144,0.0784
chr2,60758188,0.012099801362323826,0.2578,0.679408402101,0.0904
chr2,60758189,0.012099801359821818,0.2562,0.677733885542,0.0895
chr2,60758190,0.012099801356836113,0.255,0.677006499395,0.0864
chr2,60758191,0.012099801353374457,0.2542,0.676967756585,0.0817
chr2,60758192,0.012099801349457963,0.2526,0.676967756585,0.0776
chr2,60758193,0.0120998013451214,0.252,0.676967756585,0.0731
chr2,60758194,0.01209980134041264,0.2516,0.676967756585,0.0697
chr2,60758195,0.012099801335390984,0.2518,0.676967756585,0.0662
chr2,60758196,0.01209980133012433,0.2504,0.676967756585,0.0646
chr2,60758197,0.012099801324685001,0.2506,0.676967756585,0.0642
chr2,60758198,0.012099801319144817,0.2492,0.676967756585,0.066
chr2,60758199,0.012099801313570229,0.2484,0.676967756585,0.0685
chr2,60758200,0.012099801308018692,0.247,0.676967756585,0.0714
chr2,60758201,0.012099801302537098,0.2468,0.676967756585,0.0755
chr2,60758202,0.01209980129716252,0.2472,0.676967756585,0.0938
chr2,60758203,0.012099801291924853,0.247,0.676967756585,0.1178
chr2,60758204,0.008178856269303801,0.405,0.781994185409,0.1241
chr2,60758205,0.004859808680333536,0.597,0.897402573175,0.127
chr2,60758206,0.004859808673438097,0.5968,0.897402573175,0.1268
chr2,60758207,0.004859808666606828,0.5982,0.897402573175,0.1264
chr2,60758208,0.004859808659847175,0.5994,0.897402573175,0.1531
chr2,60758209,0.004859808653167801,0.5992,0.897402573175,0.1486
chr2,60758210,0.004859808646579072,0.5984,0.897402573175,0.1449
chr2,60758211,0.004859808640093257,0.5986,0.897402573175,0.1403
chr2,60758212,0.004859808633724653,0.6008,0.897402573175,0.1394
chr2,60758213,0.00485980862748918,0.6002,0.897402573175,0.1434
chr2,60758214,0.004859808621403659,0.601,0.897402573175,0.1456
chr2,60758215,0.004859808615484729,0.6006,0.897402573175,0.1544
chr2,60758216,0.004859808609747535,0.599,0.897402573175,0.162
chr2,60758217,0.004859808604204247,0.6006,0.897402573175,0.1664
chr2,60758218,0.004859808598862683,0.6,0.897402573175,0.1685
chr2,60758219,0.004859808593725049,0.601,0.897402573175,0.1687
chr2,60758220,0.004859808588786985,0.6018,0.897402573175,0.163
chr2,60758221,0.0048598085840369214,0.6008,0.897402573175,0.1552
chr2,60758222,0.004859808579455777,0.6006,0.897402573175,0.1207
chr2,60758223,0.004859808575016933,0.6016,0.897402573175,0.0925
chr2,60758224,0.004859808570686479,0.6,0.897402573175,0.0753
chr2,60758225,0.00485980856642358,0.5984,0.897402573175,0.0722
chr2,60758226,0.004859808562180971,0.5984,0.897402573175,0.0781
chr2,60758227,0.004859808557905404,0.5964,0.897402573175,0.0796
chr2,60758228,0.004859808553537945,0.6012,0.897402573175,0.0704
chr2,60758229,0.004859808549013876,0.6018,0.897402573175,0.0742
chr2,60758230,0.004859808544261942,0.6014,0.897402573175,0.0774
chr2,60758231,0.004859808539202536,0.6018,0.897402573175,0.0811
chr2,60758232,0.004859808533744433,0.599,0.897402573175,0.088
chr2,60758233,0.004859808527779561,0.5998,0.897402573175,0.0909
chr2,60758234,0.0048598085211752256,0.6008,0.897402573175,0.0941
chr2,60758235,0.004859808513762957,0.6008,0.897402573175,0.0939
chr2,60758236,0.0048598085053227075,0.6008,0.897402573175,0.09
chr2,60758237,0.00485980849556045,0.6008,0.897402573175,0.0847
chr2,60758238,0.004859808484075923,0.6014,0.897402573175,0.0777
chr2,60758239,0.0048598084703154595,0.6016,0.897402573175,0.0701
chr2,60758240,0.004859808453501678,0.6024,0.897402573175,0.0628
chr2,60758241,0.004859808432526576,0.6022,0.897402573175,0.06
chr2,60758242,0.004859808405785495,0.6032,0.897402573175,0.0525
chr2,60758243,0.004859808370912492,0.603,0.897402573175,0.0453
chr2,60758244,0.004859808324345553,0.6024,0.897402573175,0.04
chr2,60758245,0.004859808260586321,0.6018,0.897402573175,0.0359
chr2,60758246,0.004859808170885338,0.6022,0.897402573175,0.0333
chr2,60758247,0.004859808040803321,0.6026,0.897402573175,0.0308
chr2,60758248,0.004859807845283467,0.6022,0.897402573175,0.0295
chr2,60758249,0.004859807537126695,0.6022,0.897402573175,0.0285
chr2,60758250,0.0048598070133688345,0.6028,0.897402573175,0.027
chr2,60758251,0.004859806005533302,0.6024,0.897402573175,0.0266
chr2,60758252,0.004859803755573517,0.6006,0.897402573175,0.0262
chr2,60758253,0.0048597986551851165,0.601,0.897402573175,0.026
chr2,60758254,0.004859790595421392,0.6016,0.897402573175,0.0261
chr2,60758255,-0.03365914660912376,0.005,0.0786962365591,0.0265
chr2,60758256,-0.03365915436281386,0.0048,0.0775639374425,0.027
chr2,60758257,-0.033659158545803654,0.0042,0.0752785714286,0.0285
chr2,60758258,-0.0336591603977007,0.004,0.0738025210084,0.0303
chr2,60758259,-0.033659161270308845,0.0042,0.0752785714286,0.0326
chr2,60758260,-0.0336591617456141,0.0042,0.0752785714286,0.0375
chr2,60758261,-0.033659162034493206,0.0042,0.0752785714286,0.0437
chr2,60758262,-0.03365916222191864,0.004,0.0738025210084,0.0561
chr2,60758263,-0.033659162348749966,0.0042,0.0752785714286,0.0778
chr2,60758264,-0.033659162437307884,0.0042,0.0752785714286,0.1132
chr2,60758265,-0.033659162500745556,0.0042,0.0752785714286,0.1676
chr2,60758266,-0.03365916254717414,0.004,0.0738025210084,0.2573
chr2,60758267,-0.033659162581770596,0.004,0.0738025210084,0.3864
chr2,60758268,-0.03365916260793401,0.0042,0.0752785714286,0.5381
chr2,60758269,-0.03365916262794863,0.0042,0.0752785714286,0.5751
chr2,60758270,-0.03365916264337797,0.0042,0.0752785714286,0.7064
chr2,60758271,-0.03365916265530676,0.0042,0.0752785714286,0.8928
chr2,60758272,-0.03365916266449448,0.0042,0.0752785714286,0.9391
chr2,60758273,-0.033659162671475715,0.0044,0.0758676056338,0.9615
chr2,60758274,-0.03365916267662762,0.0044,0.0758676056338,0.971
chr2,60758275,-0.03365916268021564,0.0044,0.0758676056338,0.9753
chr2,60758276,-0.033659162682424276,0.0044,0.0758676056338,0.9747
chr2,60758277,-0.033659162683376986,0.0042,0.0752785714286,0.9264
chr2,60758278,-0.033659162683148156,0.0044,0.0758676056338,0.8455
chr2,60758279,-0.033659162681768655,0.0042,0.0752785714286,0.7663
chr2,60758280,-0.0336591626792257,0.0038,0.0713108974359,0.6766
chr2,60758281,-0.033659162675457405,0.0036,0.0694116355653,0.5587
chr2,60758282,-0.03365916267034078,0.004,0.0738025210084,0.4394
chr2,60758283,-0.033659162663672124,0.004,0.0738025210084,0.265
chr2,60758284,-0.033659162655137236,0.0038,0.0713108974359,0.1846
chr2,60758285,-0.03365916264426722,0.0038,0.0713108974359,0.1324
chr2,60758286,-0.03365916263037499,0.0038,0.0713108974359,0.0942
chr2,60758287,-0.0336591626124641,0.004,0.0738025210084,0.0783
chr2,60758288,-0.033659162589100705,0.0038,0.0713108974359,0.0572
chr2,60758289,-0.0336591625582383,0.0036,0.0694116355653,0.0461
chr2,60758290,-0.03365916251699407,0.0034,0.0668020134228,0.0388
chr2,60758291,-0.033659162461405996,0.0036,0.0694116355653,0.0339
chr2,60758292,-0.03365916238627706,0.0036,0.0694116355653,0.031
chr2,60758293,-0.03365916228535256,0.0036,0.0694116355653,0.0291
chr2,60758294,-0.033659162152199974,0.0036,0.0694116355653,0.0274
chr2,60758295,-0.033659161981980615,0.0036,0.0694116355653,0.0265
chr2,60758296,-0.03365916177351314,0.0036,0.0694116355653,0.0259
chr2,60758297,-0.033659161530213706,0.0038,0.0713108974359,0.0255
chr2,60758298,-0.033659161258940494,0.0038,0.0713108974359,0.0256
chr2,60758299,-0.0336591609675625,0.004,0.0738025210084,0.0254
chr2,60758300,-0.022829411612161885,0.0588,0.402106728538,0.0252
chr2,60758301,-0.022829313931120983,0.0592,0.402106728538,0.0253
chr2,60758302,-0.022829293021531423,0.0584,0.401014855356,0.0253
chr2,60758303,-0.022829286880996263,0.059,0.402106728538,0.0255
chr2,60758304,-0.022829284298600157,0.0584,0.401014855356,0.0256
chr2,60758305,-0.02282928291687965,0.0584,0.401014855356,0.026
chr2,60758306,-0.022829282077935067,0.0582,0.400424206816,0.0265
chr2,60758307,-0.022829281532583526,0.0582,0.400424206816,0.0274
chr2,60758308,-0.022829281164434504,0.0582,0.400424206816,0.0291
chr2,60758309,-0.022829280908962194,0.0582,0.400424206816,0.0303
chr2,60758310,-0.0228292807271904,0.058,0.399831240188,0.0327
chr2,60758311,-0.02282928059485238,0.0576,0.397698113208,0.0366
chr2,60758312,-0.022829280496508873,0.0582,0.400424206816,0.0413
chr2,60758313,-0.022829280422027858,0.058,0.399831240188,0.0466
chr2,60758314,-0.022829280364535128,0.0586,0.402073828125,0.0525
chr2,60758315,-0.02282928031924607,0.059,0.402106728538,0.062
chr2,60758316,-0.022829280282777985,0.059,0.402106728538,0.069
chr2,60758317,0.012099800266717234,0.2298,0.676967756585,0.0722
chr2,60758318,0.012099800250677466,0.2292,0.676967756585,0.0859
chr2,60758319,0.012099800235265126,0.2308,0.676967756585,0.0998
chr2,60758320,0.012099800220452659,0.2304,0.676967756585,0.1198
chr2,60758321,0.012099800206202514,0.2324,0.676967756585,0.1352
chr2,60758322,0.012099800192469411,0.2338,0.676967756585,0.1474
chr2,60758323,0.012099800179201646,0.2358,0.676967756585,0.1716
chr2,60758324,0.01209980016634166,0.2356,0.676967756585,0.1924
chr2,60758325,0.012099800153825849,0.236,0.676967756585,0.2135
chr2,60758326,0.012099800141583858,0.2342,0.676967756585,0.2694
chr2,60758327,0.01209980012953777,0.235,0.676967756585,0.3337
chr2,60758328,0.01209980011760147,0.2306,0.676967756585,0.4752
chr2,60758329,0.012099800105680838,0.232,0.676967756585,0.4827
chr2,60758330,0.012099800093675422,0.2304,0.676967756585,0.4658
chr2,60758331,0.012099800081482415,0.2324,0.676967756585,0.6072
chr2,60758332,0.01209980006900308,0.2342,0.676967756585,0.522
chr2,60758333,0.012099800056151994,0.234,0.676967756585,0.4136
chr2,60758334,0.012099800042867724,0.2368,0.676967756585,0.317
chr2,60758335,0.012099800029122575,0.2376,0.676967756585,0.2606
chr2,60758336,0.012099800014928422,0.2374,0.676967756585,0.207
chr2,60758337,0.012099800000335939,0.239,0.676967756585,0.1636
chr2,60758338,0.012099799985427017,0.2404,0.676967756585,0.1288
chr2,60758339,0.012099799970302756,0.241,0.676967756585,0.1014
chr2,60758340,0.012099799955071253,0.2424,0.676967756585,0.0772
chr2,60758341,0.012099799939838675,0.2434,0.676967756585,0.0634
chr2,60758342,0.012099799924705614,0.2446,0.676967756585,0.0557
chr2,60758343,0.012099799909768002,0.2448,0.676967756585,0.0444
chr2,60758344,0.012099799895119263,0.2446,0.676967756585,0.0425
chr2,60758345,0.012099799880852963,0.2408,0.676967756585,0.0405
chr2,60758346,0.012099799867062241,0.2398,0.676967756585,0.0393
chr2,60758347,0.012099799853835797,0.2386,0.676967756585,0.0392
chr2,60758348,0.012099799841251447,0.2392,0.676967756585,0.0424
chr2,60758349,0.012099799829368246,0.2398,0.676967756585,0.0465
chr2,60758350,0.012099799818220396,0.2382,0.676967756585,0.0525
chr2,60758351,0.012099799807814587,0.2376,0.676967756585,0.0586
chr2,60758352,0.012099799798131345,0.2372,0.676967756585,0.0669
chr2,60758353,0.012099799789129643,0.2374,0.676967756585,0.076
chr2,60758354,0.012099799780753248,0.238,0.676967756585,0.0881
chr2,60758355,0.012099799772937186,0.2388,0.676967756585,0.0909
chr2,60758356,0.01209979976561331,0.2384,0.676967756585,0.0948
chr2,60758357,0.012099799758714412,0.238,0.676967756585,0.109
chr2,60758358,0.01209979975217694,0.2356,0.676967756585,0.1226
chr2,60758359,0.012099799745942573,0.237,0.676967756585,0.1403
chr2,60758360,0.01209979973995895,0.2382,0.676967756585,0.1603
chr2,60758361,0.01209979973417986,0.2412,0.676967756585,0.1819
chr2,60758362,0.012099799728565227,0.2382,0.676967756585,0.2029
chr2,60758363,0.012099799723080914,0.2382,0.676967756585,0.2276
chr2,60758364,0.01209979971769854,0.2402,0.676967756585,0.2451
chr2,60758365,0.012099799712395238,0.2396,0.676967756585,0.2664
chr2,60758366,0.012099799707153483,0.2392,0.676967756585,0.2725
chr2,60758367,0.012099799701960786,0.24,0.676967756585,0.2733
chr2,60758368,0.012099799696809339,0.2404,0.676967756585,0.2649
chr2,60758369,0.01209979969169554,0.2426,0.676967756585,0.255
chr2,60758370,0.01209979968661937,0.2436,0.676967756585,0.239
chr2,60758371,0.012099799681583605,0.2464,0.676967756585,0.2161
chr2,60758372,0.012099799676592976,0.2474,0.676967756585,0.2183
chr2,60758373,0.012099799671653234,0.2482,0.676967756585,0.1909
chr2,60758374,0.012099799666770208,0.2496,0.676967756585,0.1469
chr2,60758375,0.012099799661948959,0.2488,0.676967756585,0.126
chr2,60758376,0.012099799657193053,0.2488,0.676967756585,0.1064
chr2,60758377,0.012099799652503972,0.249,0.676967756585,0.094
chr2,60758378,0.012099799647880789,0.2502,0.676967756585,0.08
chr2,60758379,0.012099799643319933,0.2506,0.676967756585,0.0691
chr2,60758380,0.012099799638815158,0.251,0.676967756585,0.0644
chr2,60758381,0.012099799634357583,0.2524,0.676967756585,0.062
chr2,60758382,0.012099799629935789,0.2514,0.676967756585,0.058
chr2,60758383,0.012099799625535784,0.2524,0.676967756585,0.0555
chr2,60758384,0.012099799621140822,0.2552,0.677230397341,0.055
chr2,60758385,0.012099799616730973,0.2524,0.676967756585,0.0567
chr2,60758386,0.01209979961228229,0.2534,0.676967756585,0.065
chr2,60758387,0.012099799607765313,0.256,0.67740885809,0.077
chr2,60758388,0.01209979960314257,0.2562,0.677733885542,0.091
chr2,60758389,0.012099799598364464,0.2558,0.677287760024,0.1108
chr2,60758390,0.012099799593362564,0.2578,0.679408402101,0.1399
chr2,60758391,0.012099799588038468,0.2588,0.680512275449,0.1774
chr2,60758392,0.012099799582244886,0.2596,0.681493648184,0.2149
chr2,60758393,0.01209979957575229,0.2606,0.682690380313,0.2561
chr2,60758394,0.012099799568186553,0.261,0.682821715818,0.3014
chr2,60758395,0.012099799558903473,0.2626,0.684967181467,0.3463
chr2,60758396,0.012099799546708043,0.2642,0.687507111111,0.408
chr2,60758397,0.01209979952912547,0.2656,0.687889118254,0.462
chr2,60758398,0.012099799499972924,0.2672,0.688288540445,0.4983
chr2,60758399,0.01209979943623195,0.2694,0.691511179307,0.51
chr2,60758400,0.01209979911222971,0.2742,0.694991670137,0.5021
chr2,60758401,0.005826524848000644,0.5588,0.896861070515,0.4827
chr2,60758402,0.005826524575703591,0.5638,0.897402573175,0.4512
chr2,60758403,0.0058265245260665675,0.565,0.897402573175,0.411
chr2,60758404,0.005826524502799447,0.5694,0.897402573175,0.3632
chr2,60758405,0.005826524490133322,0.573,0.897402573175,0.3028
chr2,60758406,0.005826524483179368,0.5754,0.897402573175,0.2663
chr2,60758407,0.0058265244797163504,0.5748,0.897402573175,0.2314
chr2,60758408,0.0058265244785889085,0.5762,0.897402573175,0.2046
chr2,60758409,0.0058265244791352675,0.5798,0.897402573175,0.1745
chr2,60758410,0.005826524480942416,0.5798,0.897402573175,0.1468
chr2,60758411,0.005826524483731689,0.5798,0.897402573175,0.119
chr2,60758412,0.005826524487302022,0.58,0.897402573175,0.0965
chr2,60758413,0.005826524491500681,0.579,0.897402573175,0.0793
chr2,60758414,0.005826524496207897,0.5786,0.897402573175,0.0695
chr2,60758415,0.005826524501328723,0.578,0.897402573175,0.0608
chr2,60758416,0.005826524506788579,0.5806,0.897402573175,0.0591
chr2,60758417,0.005826524512530506,0.5844,0.897402573175,0.0548
chr2,60758418,0.005826524518513018,0.5858,0.897402573175,0.0541
chr2,60758419,0.0058265245247079486,0.5874,0.897402573175,0.0589
chr2,60758420,0.005826524531098093,0.5874,0.897402573175,0.0683
chr2,60758421,0.005826524537674666,0.5888,0.897402573175,0.0688
chr2,60758422,0.005826524544434695,0.5882,0.897402573175,0.0721
chr2,60758423,0.005826524551378585,0.5888,0.897402573175,0.0745
chr2,60758424,0.005826524558508,0.5896,0.897402573175,0.0665
chr2,60758425,0.005826524565824131,0.5902,0.897402573175,0.0601
chr2,60758426,0.005826524573326387,0.5892,0.897402573175,0.0592
chr2,60758427,0.005826524581011525,0.59,0.897402573175,0.0569
chr2,60758428,0.005826524588873116,0.5908,0.897402573175,0.058
chr2,60758429,0.0058265245969014,0.5932,0.897402573175,0.0534
chr2,60758430,0.005826524605083478,0.5932,0.897402573175,0.0486
chr2,60758431,0.005826524613403816,0.5942,0.897402573175,0.0435
chr2,60758432,0.0058265246218450455,0.5946,0.897402573175,0.0385
chr2,60758433,0.005826524630388902,0.5942,0.897402573175,0.036
chr2,60758434,0.005826524639017285,0.5944,0.897402573175,0.0342
chr2,60758435,0.005826524647713192,0.5946,0.897402573175,0.0317
chr2,60758436,0.005826524656461379,0.5944,0.897402573175,0.029
chr2,60758437,0.005826524665248804,0.5946,0.897402573175,0.0277
chr2,60758438,0.0058265246740647845,0.595,0.897402573175,0.0272
chr2,60758439,0.005826524682900917,0.5948,0.897402573175,0.0267
chr2,60758440,0.005826524691750844,0.5956,0.897402573175,0.0263
chr2,60758441,0.005826524700609926,0.5978,0.897402573175,0.0262
chr2,60758442,0.0058265247094748856,0.6022,0.897402573175,0.0258
chr2,60758443,0.005826524718343478,0.6078,0.897402573175,0.0263
chr2,60758444,0.005826524727214207,0.614,0.897402573175,0.027
chr2,60758445,0.005826524736086095,0.6152,0.897402573175,0.0276
chr2,60758446,0.005826524744958532,0.6164,0.897402573175,0.0289
chr2,60758447,0.005826524753831169,0.6166,0.897402573175,0.0299
chr2,60758448,0.005826524762703894,0.6172,0.897402573175,0.0314
chr2,60758449,0.005826524771576859,0.6176,0.897402573175,0.0348
chr2,60758450,0.005826524780450557,0.6184,0.897402573175,0.0424
chr2,60758451,0.005826524789325928,0.618,0.897402573175,0.0469
chr2,60758452,0.005826524798204473,0.618,0.897402573175,0.0547
chr2,60758453,0.005826524807088354,0.6178,0.897402573175,0.0632
chr2,60758454,0.005826524815980376,0.618,0.897402573175,0.0722
chr2,60758455,0.0058265248248837755,0.6182,0.897402573175,0.0789
chr2,60758456,0.00582652483380185,0.6188,0.897402573175,0.0871
chr2,60758457,0.005826524842737415,0.6202,0.897402573175,0.0922
chr2,60758458,0.005826524851692127,0.6196,0.897402573175,0.1173
chr2,60758459,0.005826524860665723,0.62,0.897402573175,0.1736
chr2,60758460,0.005826524869655296,0.62,0.897402573175,0.1705
chr2,60758461,0.005826524878654536,0.6198,0.897402573175,0.161
chr2,60758462,0.005826524887653028,0.6206,0.897402573175,0.1516
chr2,60758463,0.005826524896635546,0.624,0.897402573175,0.1427
chr2,60758464,0.005826524905581315,0.6278,0.897402573175,0.1404
chr2,60758465,-0.01784255995273158,0.2328,0.676967756585,0.1407
chr2,60758466,-0.017842559986593842,0.2396,0.676967756585,0.1496
chr2,60758467,-0.017842560046900408,0.2452,0.676967756585,0.1688
chr2,60758468,-0.017842560149863105,0.2506,0.676967756585,0.1957
chr2,60758469,-0.017842560235295565,0.2516,0.676967756585,0.2394
chr2,60758470,-0.01784256028681696,0.2516,0.676967756585,0.2951
chr2,60758471,-0.017842560317998038,0.2516,0.676967756585,0.3559
chr2,60758472,-0.017842560337360702,0.2516,0.676967756585,0.4192
chr2,60758473,-0.017842560349848397,0.2516,0.676967756585,0.4766
chr2,60758474,-0.017842560358174935,0.2516,0.676967756585,0.5218
chr2,60758475,-0.01784256036387151,0.2516,0.676967756585,0.5407
chr2,60758476,-0.01784256036784391,0.2516,0.676967756585,0.5385
chr2,60758529,-0.0017891004339674122,0.9728,0.983834177798,0.2291
chr2,60758530,-0.0017891004335861779,0.9728,0.983834177798,0.2598
chr2,60758531,-0.001789100433168156,0.9728,0.983834177798,0.2863
chr2,60758532,-0.0017891004327199851,0.9728,0.983834177798,0.3166
chr2,60758533,-0.0017891004322502745,0.9728,0.983834177798,0.3481
chr2,60758534,-0.0017891004317691418,0.9728,0.983834177798,0.3838
chr2,60758535,-0.0017891004312875416,0.9728,0.983834177798,0.421
chr2,60758536,-0.0017891004308164826,0.9738,0.984392092541,0.4576
chr2,60758537,-0.0017891004303662347,0.9738,0.984392092541,0.4862
chr2,60758538,-0.0017891004299456386,0.9738,0.984392092541,0.507
chr2,60758539,-0.0017891004295616086,0.9738,0.984392092541,0.5197
chr2,60758540,-0.0017891004292188576,0.9738,0.984392092541,0.5166
chr2,60758541,-0.0017891004289198424,0.9738,0.984392092541,0.497
chr2,60763885,0.02312643920225995,0.1336,0.581150074294,0.3
chr2,60763886,0.023126439205319763,0.1336,0.581150074294,0.1825
chr2,60763887,0.023126439208723322,0.1336,0.581150074294,0.1899
chr2,60763888,0.023126439212443405,0.1336,0.581150074294,0.1936
chr2,60763889,0.02312643921644062,0.1336,0.581150074294,0.1944
chr2,60763890,0.023126439220665252,0.1336,0.581150074294,0.1944
chr2,60763891,0.023126439225060247,0.1336,0.581150074294,0.1944
chr2,60763892,0.02312643922956512,0.1332,0.581150074294,0.1941
chr2,60763893,0.02312643923412014,0.1326,0.580104358655,0.194
chr2,60763894,0.023126439238670273,0.1294,0.573099092284,0.1949
chr2,60763895,0.023126439243168123,0.1286,0.571718299165,0.1932
chr2,60763896,0.023126439247575674,0.1278,0.569892612338,0.1879
chr2,60763897,0.02312643925186461,0.1266,0.566122454175,0.1782
chr2,60763898,0.02312643925601547,0.1262,0.564765095541,0.1671
chr2,60763899,0.02312643926001597,0.125,0.562115975422,0.1556
chr2,60763900,0.023126439263858743,0.1248,0.561935913868,0.1413
chr2,60763901,0.023126439267538823,0.1242,0.560527492292,0.0921
chr2,60763902,0.023126439271051093,0.124,0.560056569812,0.084
chr2,60763903,0.023126439274387765,0.1226,0.557027677186,0.0788
chr2,60763904,0.023126439277536257,0.122,0.555451010886,0.0739
chr2,60763905,0.0231264392804775,0.1184,0.550038614123,0.0718
chr2,60763906,0.023126439283184936,0.1124,0.539133260513,0.0732
chr2,60763907,0.023126439285624273,0.1104,0.534355469826,0.0758
chr2,60763908,0.023126439287754076,0.1072,0.528181767181,0.068
chr2,60763909,0.02312643928952701,0.1054,0.524328358209,0.0738
chr2,60763910,0.023126439290891636,0.1028,0.515320205479,0.0794
chr2,60763911,0.023126439291794393,0.1012,0.509480653482,0.0829
chr2,60763912,0.02312643929218151,0.1008,0.508195177956,0.0885
chr2,60763913,0.023126439292000724,0.1002,0.506332853855,0.0908
chr2,60763914,0.023126439291202634,0.0998,0.504747192629,0.0917
chr2,60763915,0.023126439289741774,0.099,0.502873048005,0.0889
chr2,60763916,0.023126439287577835,0.0986,0.502873048005,0.0852
chr2,60763917,0.023126439284677128,0.0978,0.500979002625,0.0786
chr2,60763918,0.02312643928101482,0.0966,0.496424517262,0.071
chr2,60763919,0.023126439276577978,0.0968,0.497161403509,0.0635
chr2,60763920,0.02312643927136897,0.097,0.497897428404,0.0563
chr2,60763921,0.02312643926540843,0.0964,0.49568676815,0.0491
chr2,60763922,0.02312643925873616,0.096,0.494353562005,0.0396
chr2,60763923,0.02312643925140858,0.0956,0.493596119929,0.0352
chr2,60763924,0.023126439243492326,0.0958,0.494192951542,0.0326
chr2,60763925,0.02312643923505457,0.095,0.491509572901,0.0319
chr2,60763926,0.023126439226152297,0.0932,0.487945752608,0.0314
chr2,60763927,0.023126439216822278,0.0898,0.480309683313,0.0323
chr2,60763928,0.023126439207073107,0.0872,0.470703134604,0.0334
chr2,60763929,0.023126439196878776,0.0858,0.465003702561,0.0343
chr2,60763930,0.02312643918617313,0.0848,0.461434944238,0.0362
chr2,60763931,0.023126439174843093,0.084,0.459931421446,0.0377
chr2,60763932,0.023126439162718372,0.0838,0.459839737582,0.0403
chr2,60763933,0.02312643914955446,0.0832,0.458265286924,0.0429
chr2,60763934,0.02312643913500414,0.083,0.457450580483,0.0457
chr2,60763935,0.023126439118568643,0.0826,0.456391632589,0.046
chr2,60763936,0.023126439099513015,0.083,0.457450580483,0.0478
chr2,60763937,0.02312643907670998,0.082,0.454649621212,0.0486
chr2,60763938,0.023126439048333145,0.0818,0.454114096081,0.0489
chr2,60763939,0.023126439011190804,0.0806,0.450012396694,0.0489
chr2,60763940,0.023126438959056243,0.0802,0.448634713376,0.0491
chr2,60763941,0.023126438877453193,0.08,0.447658489965,0.0487
chr2,60763942,0.0231264387200475,0.0796,0.446700958466,0.0478
chr2,60763943,0.023126438228420303,0.0784,0.442511568123,0.047
chr2,60763944,0.023126437389043714,0.0774,0.439550921435,0.0474
chr2,60763945,0.020611053805914818,0.1016,0.510762449914,0.0463
chr2,60763946,0.020611053802682258,0.0974,0.49922118471,0.0481
chr2,60763947,0.015576078007773733,0.1914,0.661408813693,0.0503
chr2,60763948,0.015576077910569815,0.1906,0.660244680851,0.0536
chr2,60763949,0.015576077850953102,0.1898,0.659382318038,0.058
chr2,60763950,0.015576077809263645,0.1878,0.657505880008,0.0646
chr2,60763951,0.015576077777622616,0.1868,0.654787866693,0.0701
chr2,60763952,0.015576077752129013,0.1852,0.650998198919,0.0751
chr2,60763953,0.015576077730582345,0.184,0.650633794348,0.0797
chr2,60763954,0.015576077711623197,0.1796,0.642499796334,0.0834
chr2,60763955,0.015576077694349613,0.1784,0.641735818145,0.0841
chr2,60763956,0.015576077678125787,0.1768,0.641735818145,0.085
chr2,60763957,0.015576077662480026,0.1748,0.641735818145,0.0839
chr2,60763958,0.015576077647044377,0.1726,0.641735818145,0.0827
chr2,60763959,0.01557607763151731,0.1732,0.641735818145,0.0818
chr2,60763960,0.015576077615639458,0.1734,0.641735818145,0.0819
chr2,60763961,0.015576077599174882,0.1732,0.641735818145,0.0812
chr2,60763962,0.015576077581893343,0.1712,0.641439490446,0.0817
chr2,60763963,0.015576077563550905,0.1706,0.641439490446,0.087
chr2,60763964,0.015576077543862792,0.1686,0.641439490446,0.0926
chr2,60763965,0.015576077522462218,0.1664,0.641439490446,0.1032
chr2,60763966,0.015576077498834247,0.165,0.641439490446,0.1386
chr2,60763967,0.015576077472201398,0.1628,0.640869215292,0.1691
chr2,60763968,0.015576077441311953,0.159,0.635397552131,0.1918
chr2,60763969,0.015576077404012626,0.1578,0.635397552131,0.2483
chr2,60763970,0.015576077356287684,0.1528,0.622000463499,0.3214
chr2,60763971,0.015576077289782596,0.1506,0.617769500234,0.4006
chr2,60763972,0.015576077184159593,0.148,0.61023943662,0.4914
chr2,60763973,0.015576076975989636,0.1472,0.609085512367,0.5785
chr2,60763974,0.015576076328455622,0.1458,0.605002834869,0.6512
chr2,60763975,5.890397366107684e-05,0.9064,0.961582170683,0.7126
chr2,60763976,5.8903377072563496e-05,0.9054,0.961508524788,0.7581
chr2,60763977,5.890319060685732e-05,0.9066,0.961620108696,0.7906
chr2,60763978,5.890311008379298e-05,0.904,0.961240108893,0.806
chr2,60763979,5.890306797824545e-05,0.9068,0.961774168227,0.8088
chr2,60763980,5.8903043320689926e-05,0.9078,0.962427993723,0.7421
chr2,60763981,5.89030282157756e-05,0.9082,0.962561576057,0.723
chr2,60763982,5.8903019078932744e-05,0.9118,0.965256898471,0.6958
chr2,60763983,5.890301403671878e-05,0.912,0.965256898471,0.6541
chr2,60763984,5.890301199662523e-05,0.9128,0.965256898471,0.5948
chr2,60763985,5.8903012257895655e-05,0.912,0.965256898471,0.5386
chr2,60763986,5.890301433005789e-05,0.9156,0.965256898471,0.4713
chr2,60763987,5.8903017842019916e-05,0.9164,0.965256898471,0.392
chr2,60763988,5.8903022495240576e-05,0.9168,0.965256898471,0.3264
chr2,60763989,5.890302803987342e-05,0.9162,0.965256898471,0.2972
chr2,60763990,5.890303426386817e-05,0.9152,0.965256898471,0.2407
chr2,60763991,5.890304098945502e-05,0.9172,0.965256898471,0.1966
chr2,60763992,5.890304807329377e-05,0.9196,0.965256898471,0.1433
chr2,60763993,5.8903055407228185e-05,0.9226,0.965256898471,0.118
chr2,60763994,5.89030629170267e-05,0.9254,0.965256898471,0.1
chr2,60763995,5.890307055760835e-05,0.9238,0.965256898471,0.0881
chr2,60763996,5.8903078304399384e-05,0.9222,0.965256898471,0.0797
chr2,60763997,5.89030861433643e-05,0.9214,0.965256898471,0.0744
chr2,60763998,5.890309406227583e-05,0.9212,0.965256898471,0.0645
chr2,60763999,5.8903102045514144e-05,0.9252,0.965256898471,0.0606
chr2,60764000,5.890311007292094e-05,0.9238,0.965256898471,0.0578
chr2,60764001,5.8903118121681376e-05,0.9246,0.965256898471,0.0544
chr2,60764002,5.890312616948285e-05,0.9248,0.965256898471,0.0511
chr2,60764003,5.890313419765011e-05,0.926,0.965256898471,0.0483
chr2,60764004,5.890314219322053e-05,0.926,0.965256898471,0.0469
chr2,60764005,5.890315014979461e-05,0.9252,0.965256898471,0.0438
chr2,60764006,5.890315806734952e-05,0.9244,0.965256898471,0.0413
chr2,60764007,5.890316595122666e-05,0.9244,0.965256898471,0.0402
chr2,60764008,5.8903173810618135e-05,0.9232,0.965256898471,0.0389
chr2,60764009,5.890318165687499e-05,0.9214,0.965256898471,0.0368
chr2,60764010,5.890318950158442e-05,0.9236,0.965256898471,0.037
chr2,60764011,5.8903197354424505e-05,0.9228,0.965256898471,0.0386
chr2,60764012,5.890320522119416e-05,0.923,0.965256898471,0.0381
chr2,60764013,5.890321310219335e-05,0.9214,0.965256898471,0.0419
chr2,60764014,5.89032209913321e-05,0.9224,0.965256898471,0.0449
chr2,60764015,5.8903228876309955e-05,0.9228,0.965256898471,0.0462
chr2,60764016,5.8903236739997826e-05,0.9228,0.965256898471,0.0493
chr2,60764017,5.890324456273896e-05,0.9218,0.965256898471,0.0518
chr2,60764018,5.890325232509369e-05,0.923,0.965256898471,0.053
chr2,60764019,5.8903260010314e-05,0.9236,0.965256898471,0.0535
chr2,60764020,5.890326760600937e-05,0.9238,0.965256898471,0.0538
chr2,60764021,5.8903275104511134e-05,0.9238,0.965256898471,0.0547
chr2,60764022,5.89032825018689e-05,0.9242,0.965256898471,0.0552
chr2,60764023,5.8903289795713924e-05,0.9234,0.965256898471,0.0551
chr2,60764024,5.890329698251425e-05,0.9238,0.965256898471,0.0554
chr2,60764025,5.8903304054941444e-05,0.9238,0.965256898471,0.0588
chr2,60764026,5.8903311000078495e-05,0.928,0.965256898471,0.0624
chr2,60764027,5.890331779898932e-05,0.93,0.965256898471,0.0677
chr2,60764028,5.89033244276974e-05,0.9298,0.965256898471,0.0687
chr2,60764029,5.890333085932136e-05,0.9326,0.965256898471,0.0768
chr2,60764030,5.890333706664469e-05,0.932,0.965256898471,0.0773
chr2,60764031,5.8903343024460373e-05,0.9334,0.965256898471,0.0779
chr2,60764032,5.89033487111994e-05,0.9356,0.965256898471,0.0893
chr2,60764033,5.8903354109653867e-05,0.9358,0.965256898471,0.103
chr2,60764034,5.890335920688268e-05,0.936,0.965256898471,0.1233
chr2,60764035,5.890336399356581e-05,0.937,0.965256898471,0.1204
chr2,60764036,5.8903368463138034e-05,0.9368,0.965256898471,0.1179
chr2,60764037,5.890337261100258e-05,0.9354,0.965256898471,0.1145
chr2,60764038,5.8903376434035664e-05,0.9334,0.965256898471,0.1483
chr2,60764039,5.890337993047347e-05,0.9328,0.965256898471,0.1476
chr2,60764040,5.890338310016102e-05,0.9328,0.965256898471,0.2205
chr2,60764041,5.8903385945059814e-05,0.9328,0.965256898471,0.2167
chr2,60764042,5.890338846987165e-05,0.9328,0.965256898471,0.2093
chr2,60764043,5.8903390682631355e-05,0.9328,0.965256898471,0.1961
chr2,60764133,0.011362505546233033,0.6216,0.897402573175,0.2556
chr2,60764134,0.011362505546670745,0.6216,0.897402573175,0.2505
chr2,60764135,0.011362505547147501,0.6216,0.897402573175,0.2357
chr2,60764136,0.011362505547659184,0.6216,0.897402573175,0.1157
chr2,60764137,0.011362505548201134,0.6216,0.897402573175,0.102
chr2,60764138,0.011362505548768479,0.6216,0.897402573175,0.0875
chr2,60764139,0.011362505549356432,0.6216,0.897402573175,0.0733
chr2,60764140,0.011362505549960577,0.6216,0.897402573175,0.0619
chr2,60764141,0.011362505550577025,0.6216,0.897402573175,0.0525
chr2,60764142,0.011362505551202506,0.6216,0.897402573175,0.0453
chr2,60764143,0.011362505551834401,0.6216,0.897402573175,0.0406
chr2,60764144,0.01136250555247069,0.6216,0.897402573175,0.0351
chr2,60764145,0.011362505553109881,0.6216,0.897402573175,0.0325
chr2,60764146,0.011362505553750919,0.6216,0.897402573175,0.0303
chr2,60764147,0.011362505554393082,0.6216,0.897402573175,0.0283
chr2,60764148,0.011362505555035905,0.6216,0.897402573175,0.0269
chr2,60764149,0.011362505555679109,0.6216,0.897402573175,0.0265
chr2,60764150,0.011362505556322544,0.6216,0.897402573175,0.0259
chr2,60764151,0.011362505556966149,0.6216,0.897402573175,0.0254
chr2,60764152,0.011362505557609938,0.6216,0.897402573175,0.0254
chr2,60764153,0.011362505558254006,0.6216,0.897402573175,0.0254
chr2,60764154,0.01136250555889855,0.6228,0.897402573175,0.0256
chr2,60764155,0.011362505559543911,0.6174,0.897402573175,0.0255
chr2,60764156,0.011362505560190653,0.6162,0.897402573175,0.0262
chr2,60764157,0.01136250556083966,0.6168,0.897402573175,0.0265
chr2,60764158,0.011362505561492282,0.6174,0.897402573175,0.0276
chr2,60764159,0.011362505562150495,0.6174,0.897402573175,0.0289
chr2,60764160,0.011362505562817142,0.6174,0.897402573175,0.0306
chr2,60764161,0.01136250556349613,0.6174,0.897402573175,0.0325
chr2,60764162,0.011362505564192665,0.6174,0.897402573175,0.0363
chr2,60764163,0.01136250556491341,0.6174,0.897402573175,0.0414
chr2,60764164,0.011362505565666623,0.6174,0.897402573175,0.0481
chr2,60764165,0.011362505566462126,0.6172,0.897402573175,0.0548
chr2,60764166,0.011362505567311106,0.6172,0.897402573175,0.0649
chr2,60764167,0.011362505568225765,0.6172,0.897402573175,0.0772
chr2,60764168,0.01136250556921875,0.6174,0.897402573175,0.0933
chr2,60764169,0.011362505570302415,0.617,0.897402573175,0.1074
chr2,60764170,0.011362505571488012,0.6168,0.897402573175,0.1236
chr2,60764171,0.011362505572784742,0.6166,0.897402573175,0.1386
chr2,60764172,0.01136250557419891,0.6162,0.897402573175,0.148
chr2,60764173,0.01136250557573311,0.617,0.897402573175,0.1556
chr2,60764174,0.011362505577385544,0.6168,0.897402573175,0.1579
chr2,60764175,0.011362505579149626,0.6174,0.897402573175,0.1576
chr2,60764176,0.01136250558101375,0.618,0.897402573175,0.1544
chr2,60764177,0.011362505582961365,0.6172,0.897402573175,0.1488
chr2,60764178,0.011362505584971382,0.6164,0.897402573175,0.1446
chr2,60764179,0.011362505587018774,0.6176,0.897402573175,0.141
chr2,60764180,0.011362505589075578,0.6184,0.897402573175,0.1395
chr2,60764181,0.011362505591112043,0.6206,0.897402573175,0.1407
chr2,60764182,0.01136250559309804,0.6208,0.897402573175,0.1431
chr2,60764183,0.011362505595004489,0.6206,0.897402573175,0.1466
chr2,60764184,0.011362505596804845,0.6206,0.897402573175,0.1502
chr2,60764185,0.011362505598476343,0.6206,0.897402573175,0.2971
chr2,60764186,0.011362505600001092,0.6206,0.897402573175,0.2989
chr2,60764187,0.01136250560136681,0.6206,0.897402573175,0.2904
chr2,60764265,0.01303116168710445,0.7576,0.897402573175,0.3636
chr2,60773110,0.1021552999551468,<0.0002,<0.05,0.2323
chr2,60773111,0.1021552999557217,<0.0002,<0.05,0.2737
chr2,60773112,0.1021552999563418,<0.0002,<0.05,0.3267
chr2,60773113,0.10215529995698416,<0.0002,<0.05,0.3859
chr2,60773114,0.1021552999576145,<0.0002,<0.05,0.4529
chr2,60773115,0.10215529995818771,<0.0002,<0.05,0.5306
chr2,60773116,0.10215529995865014,<0.0002,<0.05,0.4477
chr2,60773117,0.10215529995894461,<0.0002,<0.05,0.523
chr2,60773118,0.10215529995901627,<0.0002,<0.05,0.5849
chr2,60773119,0.10215529995881763,<0.0002,<0.05,0.6367
chr2,60773120,0.1021552999583125,<0.0002,<0.05,0.5431
chr2,60773121,0.10215529995747764,<0.0002,<0.05,0.5635
chr2,60773122,0.10215529995630274,<0.0002,<0.05,0.5652
chr2,60773123,0.10215529995478988,<0.0002,<0.05,0.5462
chr2,60773124,0.10215529995295221,<0.0002,<0.05,0.5072
chr2,60773125,0.10215529995081275,<0.0002,<0.05,0.4511
chr2,60773126,0.1021552999484027,<0.0002,<0.05,0.3004
chr2,60773127,0.10215529994576021,<0.0002,<0.05,0.2462
chr2,60773128,0.10215529994292916,<0.0002,<0.05,0.2021
chr2,60773129,0.10215529993995766,<0.0002,<0.05,0.162
chr2,60773130,0.1021552999368974,<0.0002,<0.05,0.1313
chr2,60773131,0.10215529993380262,<0.0002,<0.05,0.1095
chr2,60773132,0.10215529993072966,<0.0002,<0.05,0.0847
chr2,60773133,0.10215529992773642,<0.0002,<0.05,0.0775
chr2,60773134,0.10215529992488201,<0.0002,<0.05,0.0732
chr2,60773135,0.10215529992222634,<0.0002,<0.05,0.0742
chr2,60773136,0.10215529991982969,<0.0002,<0.05,0.0745
chr2,60773137,0.10215529991775271,<0.0002,<0.05,0.0768
chr2,60773138,0.10215529991605629,<0.0002,<0.05,0.0793
chr2,60773139,0.10215529991480296,<0.0002,<0.05,0.0816
chr2,60773140,0.10215529991405899,<0.0002,<0.05,0.071
chr2,60773141,0.10215529991389825,<0.0002,<0.05,0.0694
chr2,60773142,0.10215529991440923,<0.0002,<0.05,0.0623
chr2,60773143,0.10215529991570464,<0.0002,<0.05,0.0544
chr2,60773144,0.10215529991793668,<0.0002,<0.05,0.0479
chr2,60773145,0.10215529992131932,<0.0002,<0.05,0.0449
chr2,60773146,0.10215529992616133,<0.0002,<0.05,0.0415
chr2,60773147,0.10215529993291672,<0.0002,<0.05,0.0373
chr2,60773148,0.1021552999422608,<0.0002,<0.05,0.0339
chr2,60773149,0.10215529995520256,<0.0002,<0.05,0.0312
chr2,60773150,0.10215529997324974,<0.0002,<0.05,0.0298
chr2,60773151,0.10215529999863425,<0.0002,<0.05,0.0286
chr2,60773152,0.10215530003462103,<0.0002,<0.05,0.0281
chr2,60773153,0.10215530008593697,<0.0002,<0.05,0.028
chr2,60773154,0.10215530015947907,<0.0002,<0.05,0.0279
chr2,60773155,0.10215530026585348,<0.0002,<0.05,0.0292
chr2,60773156,0.10215530042349129,<0.0002,<0.05,0.0301
chr2,60773157,0.10215530067107059,<0.0002,<0.05,0.033
chr2,60773158,0.10215530111234848,<0.0002,<0.05,0.0354
chr2,60773159,0.1021553021632562,<0.0002,<0.05,0.0383
chr2,60773160,0.10215532807509964,<0.0002,<0.05,0.0424
chr2,60773161,0.10943181237231488,<0.0002,<0.05,0.0495
chr2,60773162,0.10943181333915195,<0.0002,<0.05,0.0589
chr2,60773163,0.10943181501667333,<0.0002,<0.05,0.07
chr2,60773164,0.1094318198449059,<0.0002,<0.05,0.0826
chr2,60773165,0.12766631785886798,<0.0002,<0.05,0.0956
chr2,60773166,0.13361066579798117,<0.0002,<0.05,0.1115
chr2,60773167,0.13361067083994874,<0.0002,<0.05,0.1228
chr2,60773168,0.13361067216069603,<0.0002,<0.05,0.1366
chr2,60773169,0.1336106727609558,<0.0002,<0.05,0.1516
chr2,60773170,0.13361067310132663,<0.0002,<0.05,0.1622
chr2,60773171,0.1336106733205138,<0.0002,<0.05,0.1721
chr2,60773172,0.13361067347409783,<0.0002,<0.05,0.1772
chr2,60773173,0.13361067358835083,<0.0002,<0.05,0.2017
chr2,60773174,0.1336106736772422,<0.0002,<0.05,0.2291
chr2,60773175,0.1336106737488804,<0.0002,<0.05,0.2665
chr2,60773176,0.13361067380828176,<0.0002,<0.05,0.2656
chr2,60773177,0.13361067385869216,<0.0002,<0.05,0.2598
chr2,60773178,0.13361067390227455,<0.0002,<0.05,0.2224
chr2,60773179,0.13361067394048867,<0.0002,<0.05,0.2234
chr2,60773180,0.13361067397430992,<0.0002,<0.05,0.2248
chr2,60773181,0.1336106740043626,<0.0002,<0.05,0.2319
chr2,60773182,0.13361067403101187,<0.0002,<0.05,0.216
chr2,60773183,0.1336106740544426,<0.0002,<0.05,0.2322
chr2,60773184,0.13361067407473917,<0.0002,<0.05,0.2616
chr2,60773185,0.13361067409196814,<0.0002,<0.05,0.2589
chr2,60773186,0.13361067410624794,<0.0002,<0.05,0.2979
chr2,60773187,0.13361067411778985,<0.0002,<0.05,0.3481
chr2,60773188,0.13361067412690147,<0.0002,<0.05,0.4053
chr2,60773189,0.13361067413396077,<0.0002,<0.05,0.4671
chr2,60773190,0.13361067413937677,<0.0002,<0.05,0.5297
chr2,60773191,0.13361067414355202,<0.0002,<0.05,0.5881
chr2,60773192,0.13361067414685363,<0.0002,<0.05,0.7045
chr2,60773193,0.1336106741495963,<0.0002,<0.05,0.7331
chr2,60773194,0.13361067415203293,<0.0002,<0.05,0.754
chr2,60773195,0.1336106741543534,<0.0002,<0.05,0.7608
chr2,60773196,0.13361067415668698,<0.0002,<0.05,0.7526
chr2,60773197,0.13361067415910907,<0.0002,<0.05,0.72
chr2,60773198,0.1336106741616501,<0.0002,<0.05,0.669
chr2,60773199,0.13361067416430658,<0.0002,<0.05,0.5965
chr2,60773200,0.13361067416705352,<0.0002,<0.05,0.514
chr2,60773201,0.13361067416985575,<0.0002,<0.05,0.4116
chr2,60773202,0.1336106741726776,<0.0002,<0.05,0.3132
chr2,60773203,0.1336106741754897,<0.0002,<0.05,0.2307
chr2,60773204,0.13361067417827252,<0.0002,<0.05,0.1639
chr2,60773205,0.13361067418101666,<0.0002,<0.05,0.123
chr2,60773206,0.13361067418372105,<0.0002,<0.05,0.0918
chr2,60773207,0.13361067418639047,<0.0002,<0.05,0.0723
chr2,60773208,0.13361067418903314,<0.0002,<0.05,0.0572
chr2,60773209,0.1336106741916588,<0.0002,<0.05,0.0461
chr2,60773210,0.127760356415874,<0.0002,<0.05,0.039
chr2,60773211,0.12776035528529908,<0.0002,<0.05,0.0346
chr2,60773212,0.1277603545410965,<0.0002,<0.05,0.0318
chr2,60773213,0.12776035412210102,<0.0002,<0.05,0.0311
chr2,60773214,0.1277603538683602,<0.0002,<0.05,0.0293
chr2,60773215,0.12776035370549338,<0.0002,<0.05,0.0292
chr2,60773216,0.12776035359719395,<0.0002,<0.05,0.03
chr2,60773217,0.12776035352349446,<0.0002,<0.05,0.0303
chr2,60773218,0.1277603534724866,<0.0002,<0.05,0.0328
chr2,60773219,0.12776035343670894,<0.0002,<0.05,0.0369
chr2,60773220,0.12776035341131384,<0.0002,<0.05,0.0406
chr2,60773221,0.12776035339307046,<0.0002,<0.05,0.0464
chr2,60773222,0.1277603533797933,<0.0002,<0.05,0.055
chr2,60773223,0.12776035336999877,<0.0002,<0.05,0.0723
chr2,60773224,0.12776035336267885,<0.0002,<0.05,0.0891
chr2,60773225,0.12776035335714642,<0.0002,<0.05,0.1102
chr2,60773226,0.1277603533529292,<0.0002,<0.05,0.1374
chr2,60773227,0.127760353349698,<0.0002,<0.05,0.1465
chr2,60773228,0.12776035334721947,<0.0002,<0.05,0.196
chr2,60773229,0.12776035334532515,<0.0002,<0.05,0.2982
chr2,60773230,0.1277603533438921,<0.0002,<0.05,0.4077
chr2,60773231,0.12776035334283092,<0.0002,<0.05,0.4921
chr2,60773232,0.12776035334207755,<0.0002,<0.05,0.5429
chr2,60773233,0.12776035334158842,<0.0002,<0.05,0.5513
chr2,60773234,0.12776035334133656,<0.0002,<0.05,0.5226
chr2,60773235,0.12776035334131042,<0.0002,<0.05,0.4493
chr2,60773236,0.12776035334151245,<0.0002,<0.05,0.3506
chr2,60773237,0.12776035334196037,<0.0002,<0.05,0.2558
chr2,60773238,0.12776035334268962,<0.0002,<0.05,0.2118
chr2,60773239,0.127760353343758,<0.0002,<0.05,0.1655
chr2,60773240,0.12776035334525318,<0.0002,<0.05,0.1327
chr2,60773241,0.1277603533473054,<0.0002,<0.05,0.1068
chr2,60773242,0.12776035335010594,<0.0002,<0.05,0.0841
chr2,60773243,0.1277603533539384,<0.0002,<0.05,0.0746
chr2,60773244,0.1277603533592287,<0.0002,<0.05,0.0597
chr2,60773245,0.12776035336662586,<0.0002,<0.05,0.0517
chr2,60773246,0.1277603533771307,<0.0002,<0.05,0.0471
chr2,60773247,0.12776035339229505,<0.0002,<0.05,0.0424
chr2,60773248,0.12776035341453346,<0.0002,<0.05,0.0372
chr2,60773249,0.1277603534476622,<0.0002,<0.05,0.0333
chr2,60773250,0.12776035349799997,<0.0002,<0.05,0.0312
chr2,60773251,0.12776035357679885,<0.0002,<0.05,0.03
chr2,60773252,0.1277603537053659,<0.0002,<0.05,0.0282
chr2,60773253,0.12776035392509233,<0.0002,<0.05,0.0272
chr2,60773254,0.12776035431270497,<0.0002,<0.05,0.0263
chr2,60773255,0.1277603549876667,<0.0002,<0.05,0.0254
chr2,60773256,0.12776035621262585,<0.0002,<0.05,0.0255
chr2,60773257,0.1277603638245001,<0.0002,<0.05,0.0258
chr2,60773258,0.16223793910758183,<0.0002,<0.05,0.0258
chr2,60773259,0.16223798777420642,<0.0002,<0.05,0.0255
chr2,60773260,0.16223801271399707,<0.0002,<0.05,0.0259
chr2,60773261,0.1622380261147632,<0.0002,<0.05,0.0269
chr2,60773262,0.16223803293190675,<0.0002,<0.05,0.0286
chr2,60773263,0.16223803649188506,<0.0002,<0.05,0.0298
chr2,60773264,0.16223803852970947,<0.0002,<0.05,0.0323
chr2,60773265,0.1622380398013365,<0.0002,<0.05,0.0346
chr2,60773266,0.162238040639915,<0.0002,<0.05,0.0397
chr2,60773267,0.16223804121001212,<0.0002,<0.05,0.0459
chr2,60773268,0.16223804160526514,<0.0002,<0.05,0.0551
chr2,60773269,0.16223804188433605,<0.0002,<0.05,0.0577
chr2,60773270,0.16223804208523993,<0.0002,<0.05,0.061
chr2,60773271,0.16223804223273064,<0.0002,<0.05,0.0632
chr2,60773272,0.16223804234297812,<0.0002,<0.05,0.0664
chr2,60773273,0.16223804242665132,<0.0002,<0.05,0.069
chr2,60773274,0.16223804249090173,<0.0002,<0.05,0.0768
chr2,60773275,0.16223804254061214,<0.0002,<0.05,0.086
chr2,60773276,0.162238042579181,<0.0002,<0.05,0.0936
chr2,60773277,0.16223804260902314,<0.0002,<0.05,0.0983
chr2,60773278,0.1622380426318946,<0.0002,<0.05,0.1003
chr2,60773279,0.16223804264910754,<0.0002,<0.05,0.0982
chr2,60773280,0.16223804266167352,<0.0002,<0.05,0.0934
chr2,60773281,0.16223804267039799,<0.0002,<0.05,0.0983
chr2,60773282,0.1622380426759423,<0.0002,<0.05,0.0762
chr2,60773283,0.1622380426788635,<0.0002,<0.05,0.0687
chr2,60773284,0.1622380426796383,<0.0002,<0.05,0.0608
chr2,60773285,0.16223804267867747,<0.0002,<0.05,0.0566
chr2,60773286,0.16223804267633438,<0.0002,<0.05,0.049
chr2,60773287,0.16223804267290984,<0.0002,<0.05,0.0441
chr2,60773288,0.16223804266865585,<0.0002,<0.05,0.0414
chr2,60773289,0.16223804266377953,<0.0002,<0.05,0.0363
chr2,60773290,0.162238042658447,<0.0002,<0.05,0.0327
chr2,60773291,0.16223804265278807,<0.0002,<0.05,0.031
chr2,60773292,0.16223804264690153,<0.0002,<0.05,0.0288
chr2,60773293,0.16223804264086034,<0.0002,<0.05,0.0273
chr2,60773294,0.16223804263471683,<0.0002,<0.05,0.0267
chr2,60773295,0.16223804262850752,<0.0002,<0.05,0.0263
chr2,60773296,0.1622380426222569,<0.0002,<0.05,0.0252
chr2,60773297,0.16223804261598082,<0.0002,<0.05,0.0253
chr2,60773298,0.16223804260968913,<0.0002,<0.05,0.0251
chr2,60773299,0.1622380426033874,<0.0002,<0.05,0.0254
chr2,60773300,0.16223804259707794,<0.0002,<0.05,0.0252
chr2,60773301,0.16223804259076058,<0.0002,<0.05,0.0253
chr2,60773302,0.16223804258443236,<0.0002,<0.05,0.0256
chr2,60773303,0.16223804257808697,<0.0002,<0.05,0.0265
chr2,60773304,0.16223804257171345,<0.0002,<0.05,0.0278
chr2,60773305,0.1622380425652947,<0.0002,<0.05,0.0284
chr2,60773306,0.16223804255880428,<0.0002,<0.05,0.0313
chr2,60773307,0.16223804255220436,<0.0002,<0.05,0.0346
chr2,60773308,0.16223804254544316,<0.0002,<0.05,0.0408
chr2,60773309,0.16223804253845386,<0.0002,<0.05,0.0484
chr2,60773310,0.16223804253115628,<0.0002,<0.05,0.0609
chr2,60773311,0.1622380425234626,<0.0002,<0.05,0.0815
chr2,60773312,0.16223804251528756,<0.0002,<0.05,0.1109
chr2,60773313,0.16223804250656232,<0.0002,<0.05,0.1583
chr2,60773314,0.16223804249724885,<0.0002,<0.05,0.2297
chr2,60773315,0.16223804248734985,<0.0002,<0.05,0.323
chr2,60773316,0.16223804247691123,<0.0002,<0.05,0.4366
chr2,60773317,0.16223804246601473,<0.0002,<0.05,0.5704
chr2,60773318,0.16223804245476273,<0.0002,<0.05,0.7523
chr2,60773319,0.16223804244325843,<0.0002,<0.05,0.8673
chr2,60773320,0.16223804243158405,<0.0002,<0.05,0.9239
chr2,60773321,0.16223804241978046,<0.0002,<0.05,0.9525
chr2,60773322,0.16223804240782858,<0.0002,<0.05,0.9573
chr2,60773323,0.1622380423956315,<0.0002,<0.05,0.9557
chr2,60773324,0.16223804238299655,<0.0002,<0.05,0.9385
chr2,60773325,0.16223804236961262,<0.0002,<0.05,0.8993
chr2,60773326,0.16223804235501738,<0.0002,<0.05,0.8314
chr2,60773327,0.1622380423385418,<0.0002,<0.05,0.7184
chr2,60773328,0.16223804231921188,<0.0002,<0.05,0.5723
chr2,60773329,0.16223804229556213,<0.0002,<0.05,0.4052
chr2,60773330,0.16223804226526267,<0.0002,<0.05,0.3611
chr2,60773331,0.16223804222432317,<0.0002,<0.05,0.2937
chr2,60773332,0.1622380421652184,<0.0002,<0.05,0.2124
chr2,60773333,0.16223804207180176,<0.0002,<0.05,0.1606
chr2,60773334,0.1622380419016817,<0.0002,<0.05,0.1417
chr2,60773335,0.1622380414897013,<0.0002,<0.05,0.1145
chr2,60773336,0.1622380390076492,<0.0002,<0.05,0.0985
chr2,60773337,0.1552716802126416,<0.0002,<0.05,0.0979
chr2,60773338,0.1552716795772144,<0.0002,<0.05,0.0985
chr2,60773339,0.15527167937196917,<0.0002,<0.05,0.0961
chr2,60773340,0.1552716792718305,<0.0002,<0.05,0.1055
chr2,60773341,0.1552716792131717,<0.0002,<0.05,0.1182
chr2,60773342,0.1552716791749159,<0.0002,<0.05,0.1397
chr2,60773343,0.1552716791480292,<0.0002,<0.05,0.1635
chr2,60773344,0.1552716791280102,<0.0002,<0.05,0.1753
chr2,60773345,0.15527167911236817,<0.0002,<0.05,0.2078
chr2,60773346,0.1552716790996096,<0.0002,<0.05,0.2614
chr2,60773347,0.1552716790887791,<0.0002,<0.05,0.3028
chr2,60773348,0.15527167907923226,<0.0002,<0.05,0.3356
chr2,60773349,0.15527167907051465,<0.0002,<0.05,0.3453
chr2,60773350,0.1552716790622941,<0.0002,<0.05,0.3311
chr2,60773351,0.15527167905432201,<0.0002,<0.05,0.2972
chr2,60773352,0.15527167904641045,<0.0002,<0.05,0.2471
chr2,60773353,0.15527167903841899,<0.0002,<0.05,0.1885
chr2,60773354,0.15527167903024572,<0.0002,<0.05,0.1549
chr2,60773355,0.15527167902182087,<0.0002,<0.05,0.1288
chr2,60773356,0.15527167901310035,<0.0002,<0.05,0.107
chr2,60773357,0.15527167900405855,<0.0002,<0.05,0.0868
chr2,60773358,0.15527167899468078,<0.0002,<0.05,0.0701
chr2,60773359,0.15527167898495478,<0.0002,<0.05,0.0597
chr2,60773360,0.15527167897486294,<0.0002,<0.05,0.0513
chr2,60773361,0.15527167896437497,<0.0002,<0.05,0.0496
chr2,60773362,0.1552716789534422,<0.0002,<0.05,0.0487
chr2,60773363,0.15527167894199398,<0.0002,<0.05,0.0507
chr2,60773364,0.155271678929936,<0.0002,<0.05,0.0525
chr2,60773365,0.15527167891715174,<0.0002,<0.05,0.0561
chr2,60773366,0.155271678903506,<0.0002,<0.05,0.0638
chr2,60773367,0.1552716788888508,<0.0002,<0.05,0.0734
chr2,60773368,0.15527167887303303,<0.0002,<0.05,0.0818
chr2,60773369,0.15527167885590273,<0.0002,<0.05,0.0873
chr2,60773370,0.15527167883732146,<0.0002,<0.05,0.0967
chr2,60773371,0.15527167881716922,<0.0002,<0.05,0.1092
chr2,60773372,0.15527167879534917,<0.0002,<0.05,0.1213
chr2,60773373,0.15527167877178805,<0.0002,<0.05,0.1426
chr2,60773374,0.15527167874643238,<0.0002,<0.05,0.1515
chr2,60773375,0.15527167871923703,<0.0002,<0.05,0.1757
chr2,60773376,0.155271678690146,<0.0002,<0.05,0.208
chr2,60773377,0.1552716786590616,<0.0002,<0.05,0.2296
chr2,60773378,0.15527167862579755,<0.0002,<0.05,0.254
chr2,60773379,0.15527167859000734,<0.0002,<0.05,0.2534
chr2,60773380,0.15527167855107285,<0.0002,<0.05,0.2856
chr2,60773381,0.15527167850792203,<0.0002,<0.05,0.3254
chr2,60773382,0.15527167845871523,<0.0002,<0.05,0.3858
chr2,60773383,0.15527167840026954,<0.0002,<0.05,0.4685
chr2,60773384,0.15527167832691835,<0.0002,<0.05,0.5395
chr2,60773385,0.1552716782280282,<0.0002,<0.05,0.492
chr2,60773386,0.15527167808181602,<0.0002,<0.05,0.5159
chr2,60773387,0.15527167783646234,<0.0002,<0.05,0.514
chr2,60773388,0.13433894511511826,<0.0002,<0.05,0.4938
chr2,60773389,0.13433894291424725,<0.0002,<0.05,0.4558
chr2,60773390,0.13433894285660283,<0.0002,<0.05,0.3914
chr2,60773391,0.13349185715252523,<0.0002,<0.05,0.3212
chr2,60773392,0.13349185452998452,<0.0002,<0.05,0.2671
chr2,60773393,0.1334918534040402,<0.0002,<0.05,0.2243
chr2,60773394,0.13349185267439265,<0.0002,<0.05,0.1887
chr2,60773395,0.13349185209214032,<0.0002,<0.05,0.1501
chr2,60773396,0.1334918515531428,<0.0002,<0.05,0.1164
chr2,60773397,0.1334918509859895,<0.0002,<0.05,0.094
chr2,60773398,0.1334918503069841,<0.0002,<0.05,0.0811
chr2,60773399,0.13349184936357839,<0.0002,<0.05,0.0686
chr2,60773400,0.13349184777063,<0.0002,<0.05,0.0581
chr2,60773401,0.1334918441323251,<0.0002,<0.05,0.0533
chr2,60773402,0.12373114519374435,<0.0002,<0.05,0.0487
chr2,60773403,0.12373114193296009,<0.0002,<0.05,0.0457
chr2,60773404,0.12373114085210205,<0.0002,<0.05,0.0417
chr2,60773405,0.12373114039808165,<0.0002,<0.05,0.0409
chr2,60773406,0.12373114016542738,<0.0002,<0.05,0.041
chr2,60773407,0.12373114002874665,<0.0002,<0.05,0.0415
chr2,60773408,0.12373113994088121,<0.0002,<0.05,0.0428
chr2,60773409,0.12373113988074835,<0.0002,<0.05,0.045
chr2,60773410,0.12373113983766987,<0.0002,<0.05,0.0479
chr2,60773411,0.12373113980573788,<0.0002,<0.05,0.0518
chr2,60773412,0.12373113978146341,<0.0002,<0.05,0.0554
chr2,60773413,0.12373113976267766,<0.0002,<0.05,0.06
chr2,60773414,0.12373113974797087,<0.0002,<0.05,0.0648
chr2,60773415,0.12373113973639077,<0.0002,<0.05,0.0685
chr2,60773416,0.12373113972726905,<0.0002,<0.05,0.0722
chr2,60773417,0.12373113972011818,<0.0002,<0.05,0.0753
chr2,60773418,0.12373113971456653,<0.0002,<0.05,0.0803
chr2,60773419,0.12373113971031736,<0.0002,<0.05,0.0853
chr2,60773420,0.12373113970712224,<0.0002,<0.05,0.0883
chr2,60773421,0.1237311397047642,<0.0002,<0.05,0.0921
chr2,60773422,0.12373113970304807,<0.0002,<0.05,0.0975
chr2,60773423,0.12373113970179506,<0.0002,<0.05,0.113
chr2,60773424,0.12373113970084111,<0.0002,<0.05,0.1385
chr2,60773425,0.12373113970003725,<0.0002,<0.05,0.1425
chr2,60773426,0.12373113969925072,<0.0002,<0.05,0.1478
chr2,60773427,0.1237311396983674,<0.0002,<0.05,0.1687
chr2,60773428,0.1237311396972941,<0.0002,<0.05,0.1917
chr2,60773429,0.12373113969596192,<0.0002,<0.05,0.2116
chr2,60773430,0.12373113969432975,<0.0002,<0.05,0.2164
chr2,60773431,0.1237311396923873,<0.0002,<0.05,0.2106
chr2,60773432,0.1237311396901568,<0.0002,<0.05,0.1927
chr2,60773433,0.12373113968769117,<0.0002,<0.05,0.1661
chr2,60773434,0.12373113968506803,<0.0002,<0.05,0.1299
chr2,60773435,0.12373113968237939,<0.0002,<0.05,0.134
chr2,60773436,0.12373113967971931,<0.0002,<0.05,0.1408
chr2,60777428,-0.0052519766772074206,0.7328,0.897402573175,0.3113
chr2,60777429,-0.005251976677397117,0.7328,0.897402573175,0.3543
chr2,60777430,-0.005251976677620553,0.7328,0.897402573175,0.392
chr2,60777431,-0.005251976677882376,0.7328,0.897402573175,0.4248
chr2,60777432,-0.005251976678188067,0.7328,0.897402573175,0.4595
chr2,60777433,-0.005251976678543868,0.7328,0.897402573175,0.4907
chr2,60777434,-0.005251976678956514,0.7338,0.897402573175,0.5258
chr2,60777435,-0.005251976679432751,0.7328,0.897402573175,0.5594
chr2,60777436,-0.005251976679978761,0.7294,0.897402573175,0.6067
chr2,60777437,-0.0052519766805995995,0.728,0.897402573175,0.6529
chr2,60777438,-0.005251976681298757,0.7264,0.897402573175,0.7073
chr2,60777439,-0.005251976682077862,0.7208,0.897402573175,0.7608
chr2,60777440,-0.0052519766829365435,0.7192,0.897402573175,0.8076
chr2,60777441,-0.0052519766838724025,0.7142,0.897402573175,0.8401
chr2,60777442,-0.005251976684881059,0.7126,0.897402573175,0.8646
chr2,60777443,-0.005251976685956302,0.7116,0.897402573175,0.8031
chr2,60777444,-0.0052519766870903085,0.7092,0.897402573175,0.7216
chr2,60777445,-0.0052519766882739615,0.7048,0.897402573175,0.6321
chr2,60777446,-0.005251976689497246,0.7052,0.897402573175,0.5934
chr2,60777447,-0.005251976690749672,0.7036,0.897402573175,0.559
chr2,60777448,-0.00525197669202068,0.7016,0.897402573175,0.5049
chr2,60777449,-0.005251976693300027,0.7008,0.897402573175,0.4302
chr2,60777450,-0.005251976694578123,0.7,0.897402573175,0.3731
chr2,60777451,-0.005251976695846347,0.6998,0.897402573175,0.3044
chr2,60777452,-0.005251976697097363,0.6992,0.897402573175,0.2426
chr2,60777453,-0.005251976698325413,0.6986,0.897402573175,0.188
chr2,60777454,-0.005251976699526578,0.699,0.897402573175,0.1389
chr2,60777455,-0.005251976700698905,0.699,0.897402573175,0.0958
chr2,60777456,-0.005251976701842362,0.6986,0.897402573175,0.0729
chr2,60777457,-0.005251976702958602,0.6992,0.897402573175,0.0582
chr2,60777458,-0.0052519767040505455,0.6986,0.897402573175,0.0472
chr2,60777459,-0.005251976705121871,0.6986,0.897402573175,0.0408
chr2,60777460,-0.005251976706176504,0.6974,0.897402573175,0.0347
chr2,60777461,-0.005251976707218206,0.699,0.897402573175,0.0316
chr2,60777462,-0.005251976708250293,0.699,0.897402573175,0.0288
chr2,60777463,-0.005251976709275496,0.6984,0.897402573175,0.0278
chr2,60777464,-0.005251976710295947,0.6976,0.897402573175,0.027
chr2,60777465,-0.005251976711313228,0.6984,0.897402573175,0.0261
chr2,60777466,-0.00525197671232846,0.6984,0.897402573175,0.0256
chr2,60777467,-0.0052519767133424105,0.6986,0.897402573175,0.0255
chr2,60777468,-0.005251976714355579,0.698,0.897402573175,0.0252
chr2,60777469,-0.0052519767153682805,0.6976,0.897402573175,0.0251
chr2,60777470,-0.0052519767163807145,0.6972,0.897402573175,0.0251
chr2,60777471,-0.005251976717392999,0.6948,0.897402573175,0.0251
chr2,60777472,-0.005251976718405212,0.6976,0.897402573175,0.0251
chr2,60777473,-0.005251976719417389,0.6928,0.897402573175,0.0252
chr2,60777474,-0.005251976720429553,0.6902,0.897402573175,0.0255
chr2,60777475,-0.005251976721441726,0.6894,0.897402573175,0.0253
chr2,60777476,-0.00525197672245393,0.6904,0.897402573175,0.0258
chr2,60777477,-0.005251976723466186,0.6908,0.897402573175,0.0259
chr2,60777478,-0.00958891865162305,0.4182,0.782704635056,0.027
chr2,60777479,-0.009588942424589875,0.4182,0.782704635056,0.0273
chr2,60777480,-0.009588947437237191,0.418,0.782704635056,0.0289
chr2,60777481,-0.009588949125358237,0.4174,0.7823744531,0.0327
chr2,60777482,-0.009588949822517605,0.4172,0.782333511263,0.0366
chr2,60777483,-0.0095889501479377,0.4164,0.782333511263,0.0419
chr2,60777484,-0.009588950315722572,0.4162,0.782333511263,0.0521
chr2,60777485,-0.00958895040937989,0.416,0.782333511263,0.0657
chr2,60777486,-0.009588950465052157,0.415,0.782333511263,0.0868
chr2,60777487,-0.009588950499681424,0.4148,0.782333511263,0.1183
chr2,60777488,-0.009588950521915243,0.4146,0.782333511263,0.1841
chr2,60777489,-0.009588950536536444,0.4148,0.782333511263,0.2559
chr2,60777490,-0.009588950546337606,0.4154,0.782333511263,0.2925
chr2,60777491,-0.009588950552995983,0.4142,0.782333511263,0.3861
chr2,60777492,-0.00958895055753591,0.4132,0.782333511263,0.5401
chr2,60777493,-0.009588950560592974,0.4136,0.782333511263,0.6702
chr2,60777494,-0.009588950562568756,0.4142,0.782333511263,0.7674
chr2,60777495,-0.00958895056372214,0.4142,0.782333511263,0.8057
chr2,60777496,-0.009588950564223807,0.4116,0.782333511263,0.7224
chr2,60777497,-0.009588950564189238,0.4122,0.782333511263,0.7162
chr2,60777498,-0.009588950563699062,0.4108,0.782333511263,0.6942
chr2,60777499,-0.009588950562811827,0.41,0.782333511263,0.7476
chr2,60777500,-0.009588950561572248,0.4086,0.782333511263,0.7947
chr2,60777501,-0.009588950560016896,0.4094,0.782333511263,0.8319
chr2,60777502,-0.009588950558178417,0.4068,0.782161378556,0.6325
chr2,60777503,-0.009588950556088839,0.4034,0.781869675289,0.5479
chr2,60777504,-0.009588950553781924,0.4048,0.781954470472,0.4516
chr2,60777505,-0.005609087760633371,0.6554,0.897402573175,0.3676
chr2,60777506,-0.005251976739369116,0.6834,0.897402573175,0.2926
chr2,60777507,-0.0052519767387046844,0.6844,0.897402573175,0.2255
chr2,60777508,-0.0052519767379641405,0.6814,0.897402573175,0.1774
chr2,60777509,-0.005251976737154794,0.678,0.897402573175,0.1411
chr2,60777510,-0.005251976736284395,0.6776,0.897402573175,0.1128
chr2,60777511,-0.005251976735360882,0.6778,0.897402573175,0.0938
chr2,60777512,-0.00525197673439211,0.6782,0.897402573175,0.0753
chr2,60777513,-0.005251976733385609,0.6794,0.897402573175,0.0609
chr2,60777514,-0.005251976732348369,0.6782,0.897402573175,0.0506
chr2,60777515,-0.005251976731286674,0.679,0.897402573175,0.0432
chr2,60777516,-0.005251976730205994,0.6786,0.897402573175,0.0358
chr2,60777517,-0.0052519767291109385,0.6786,0.897402573175,0.0331
chr2,60777518,-0.005251976728005266,0.6782,0.897402573175,0.0303
chr2,60777519,-0.00525197672689194,0.6786,0.897402573175,0.0289
chr2,60777520,-0.005251976725773206,0.6782,0.897402573175,0.0282
chr2,60777521,-0.005251976724650688,0.6776,0.897402573175,0.0271
chr2,60777522,-0.005251976723525478,0.6758,0.897402573175,0.0261
chr2,60777523,-0.0052519767223982005,0.676,0.897402573175,0.0259
chr2,60777524,-0.005251976721269073,0.6794,0.897402573175,0.026
chr2,60777525,-0.005251976720137898,0.6798,0.897402573175,0.0259
chr2,60777526,-0.0052519767190040405,0.6784,0.897402573175,0.0263
chr2,60777527,-0.005251976717866354,0.676,0.897402573175,0.0271
chr2,60777528,-0.005251976716723081,0.6746,0.897402573175,0.0271
chr2,60777529,-0.00525197671557173,0.6754,0.897402573175,0.0281
chr2,60777530,-0.005251976714408922,0.6756,0.897402573175,0.0296
chr2,60777531,-0.005251976713230279,0.6758,0.897402573175,0.0311
chr2,60777532,-0.005251976712030342,0.6758,0.897402573175,0.033
chr2,60777533,-0.005251976710802578,0.6754,0.897402573175,0.038
chr2,60777534,-0.00525197670953945,0.6744,0.897402573175,0.0426
chr2,60777535,-0.005251976708232625,0.6744,0.897402573175,0.0496
chr2,60777536,-0.005251976706873239,0.674,0.897402573175,0.0578
chr2,60777537,-0.005251976705452241,0.6744,0.897402573175,0.0624
chr2,60777538,-0.005251976703960722,0.6738,0.897402573175,0.0675
chr2,60777539,-0.005251976702390194,0.6732,0.897402573175,0.0769
chr2,60777540,-0.005251976700732744,0.6734,0.897402573175,0.0862
chr2,60777541,-0.005251976698980989,0.6748,0.897402573175,0.0897
chr2,60777542,-0.00525197669712774,0.6758,0.897402573175,0.0932
chr2,60777543,-0.005251976695165314,0.678,0.897402573175,0.1002
chr2,60777544,-0.005251976693084255,0.6768,0.897402573175,0.1051
chr2,60777545,-0.005251976690871348,0.6756,0.897402573175,0.1096
chr2,60777546,-0.005251976688506495,0.6742,0.897402573175,0.1199
chr2,60777547,-0.005251976685957932,0.6742,0.897402573175,0.1204
chr2,60777548,-0.005251976683174739,0.6756,0.897402573175,0.1467
chr2,60777549,-0.005251976680074787,0.6754,0.897402573175,0.1871
chr2,60777550,-0.005251976676524214,0.6742,0.897402573175,0.1563
chr2,60777551,-0.005251976672299917,0.6764,0.897402573175,0.1247
chr2,60777552,-0.005251976667015084,0.6742,0.897402573175,0.1154
chr2,60777553,-0.0052519766599546745,0.6756,0.897402573175,0.111
chr2,60777554,-0.00525197664965945,0.6736,0.897402573175,0.1056
chr2,60777555,-0.005251976632657673,0.6738,0.897402573175,0.0982
chr2,60777556,-0.005251976598301823,0.6742,0.897402573175,0.0906
chr2,60777557,-0.005251976492677477,0.6754,0.897402573175,0.0871
chr2,60777558,0.0029224379206662142,0.706,0.897402573175,0.0968
chr2,60777559,0.0029224379251545115,0.704,0.897402573175,0.0933
chr2,60777560,0.0029224379295627297,0.7066,0.897402573175,0.1031
chr2,60777561,0.0029224379337956592,0.7068,0.897402573175,0.1175
chr2,60777562,0.002922437937763797,0.7068,0.897402573175,0.1389
chr2,60777563,0.002922437941380516,0.7054,0.897402573175,0.1701
chr2,60777564,0.0029224379445524705,0.708,0.897402573175,0.203
chr2,60777565,0.0029224379471629,0.708,0.897402573175,0.2512
chr2,60777566,0.002922437949046586,0.7056,0.897402573175,0.3132
chr2,60777567,0.00292243794995558,0.7058,0.897402573175,0.41
chr2,60777568,0.0029224379495110917,0.705,0.897402573175,0.5058
chr2,60777569,0.0029224379471314613,0.7022,0.897402573175,0.5805
chr2,60777570,0.0029224379419162594,0.7042,0.897402573175,0.6259
chr2,60777571,0.002922437932442884,0.7054,0.897402573175,0.655
chr2,60777572,0.002922437916378645,0.7074,0.897402573175,0.6444
chr2,60777573,0.002922437889668977,0.7038,0.897402573175,0.6034
chr2,60777574,0.002922437844645304,0.7046,0.897402573175,0.545
chr2,60777575,0.002922437764912819,0.7058,0.897402573175,0.4652
chr2,60777576,0.0029224376084608017,0.7088,0.897402573175,0.4335
chr2,60777577,0.0029224372464604176,0.7126,0.897402573175,0.3974
chr2,60777578,0.00292243692147545,0.7144,0.897402573175,0.3678
chr2,60777579,-0.0064211675013947115,0.5916,0.897402573175,0.3467
chr2,60777580,-0.006421168039198711,0.5968,0.897402573175,0.332
chr2,60777581,-0.006421168540220656,0.5956,0.897402573175,0.326
chr2,60777582,-0.006421168805860095,0.5962,0.897402573175,0.3254
chr2,60777583,-0.006421168965647807,0.5926,0.897402573175,0.338
chr2,60777584,-0.006421169072547058,0.5906,0.897402573175,0.3587
chr2,60777585,-0.006421169149280085,0.5918,0.897402573175,0.4129
chr2,60777586,-0.0064211692069227515,0.5904,0.897402573175,0.5243
chr2,60777587,-0.006421169251485716,0.5936,0.897402573175,0.6362
chr2,60777588,-0.006421169286517543,0.5902,0.897402573175,0.719
chr2,60777589,-0.00642116931425693,0.5888,0.897402573175,0.7774
chr2,60777590,-0.006421169336197002,0.5874,0.897402573175,0.8223
chr2,60777591,-0.0064211693533849715,0.5866,0.897402573175,0.8376
chr2,60777592,-0.0064211693665920605,0.5884,0.897402573175,0.8399
chr2,60777593,-0.006421169376414937,0.5876,0.897402573175,0.8128
chr2,60777594,-0.006421169383337946,0.5874,0.897402573175,0.7715
chr2,60777595,-0.006421169387773453,0.5898,0.897402573175,0.6991
chr2,60777596,-0.006421169390084816,0.5906,0.897402573175,0.6125
chr2,60777597,-0.0064211693906012345,0.5866,0.897402573175,0.4752
chr2,60777598,-0.006421169389625336,0.5854,0.897402573175,0.3534
chr2,60777599,-0.006421169387437436,0.5832,0.897402573175,0.2523
chr2,60777600,-0.0064211693842984785,0.5848,0.897402573175,0.2093
chr2,60777601,-0.00642116938045165,0.5838,0.897402573175,0.1746
chr2,60777602,-0.006421169376125176,0.5846,0.897402573175,0.148
chr2,60777603,-0.006421169371535051,0.5864,0.897402573175,0.1269
chr2,60777604,-0.006421169366888177,0.587,0.897402573175,0.1014
chr2,60777605,-0.006421169362385593,0.5868,0.897402573175,0.1015
chr2,60777606,-0.00642116935822552,0.5858,0.897402573175,0.095
chr2,60777607,-0.006421169354606063,0.5872,0.897402573175,0.0844
chr2,60777608,-0.006421169351727324,0.5878,0.897402573175,0.0772
chr2,60777609,-0.0064211693497927555,0.5898,0.897402573175,0.0744
chr2,60777610,-0.00642116934900906,0.5894,0.897402573175,0.0692
chr2,60777611,-0.006421169349584314,0.5894,0.897402573175,0.066
chr2,60777612,-0.006421169351723081,0.5898,0.897402573175,0.0583
chr2,60777613,-0.006421169355617667,0.5886,0.897402573175,0.0538
chr2,60777614,-0.006421169361434978,0.588,0.897402573175,0.0497
chr2,60777615,-0.00642116936929916,0.5882,0.897402573175,0.0427
chr2,60777616,-0.006421169379274866,0.5884,0.897402573175,0.0392
chr2,60777617,-0.006421169391349707,0.5888,0.897402573175,0.0363
chr2,60777618,-0.0064211694054279135,0.5886,0.897402573175,0.034
chr2,60777619,-0.006421169421335418,0.5896,0.897402573175,0.0322
chr2,60777620,-0.00642116943883705,0.59,0.897402573175,0.03
chr2,60777621,-0.006421169457664559,0.59,0.897402573175,0.0292
chr2,60777622,-0.006421169477545022,0.5906,0.897402573175,0.0281
chr2,60777623,-0.006421169498225427,0.5904,0.897402573175,0.027
chr2,60777624,-0.0064211695194886596,0.5906,0.897402573175,0.0264
chr2,60777625,-0.006421169541160796,0.5908,0.897402573175,0.0259
chr2,60777626,-0.006421169563109041,0.5908,0.897402573175,0.0256
chr2,60777627,-0.006421169585237452,0.5908,0.897402573175,0.0256
chr2,60777628,-0.006421169607479671,0.5908,0.897402573175,0.0254
chr2,60777629,-0.006421169629791578,0.591,0.897402573175,0.0253
chr2,60777630,-0.006421169652144893,0.591,0.897402573175,0.0252
chr2,60777631,-0.006421169674522364,0.5902,0.897402573175,0.0251
chr2,60777632,-0.006421169696913761,0.5902,0.897402573175,0.0253
chr2,60777633,-0.006421169719313495,0.587,0.897402573175,0.0251
chr2,60777634,-0.006421169741720275,0.5938,0.897402573175,0.0252
chr2,60777635,-0.006421169764135095,0.5942,0.897402573175,0.0251
chr2,60777636,-0.006421169786562111,0.5956,0.897402573175,0.0252
chr2,60777637,-0.0064211698090093135,0.5966,0.897402573175,0.0255
chr2,60777638,-0.006421169831491967,0.597,0.897402573175,0.0256
chr2,60777639,-0.006421169854033868,0.5972,0.897402573175,0.0261
chr2,60777640,-0.006421169876674186,0.5966,0.897402573175,0.0266
chr2,60777641,-0.006421169899473917,0.5966,0.897402573175,0.0275
chr2,60777642,-0.006421169922524153,0.5954,0.897402573175,0.0282
chr2,60777643,-0.006421169945960859,0.595,0.897402573175,0.0297
chr2,60777644,-0.006421169969981329,0.5948,0.897402573175,0.0322
chr2,60777645,-0.006421169994867427,0.5952,0.897402573175,0.0356
chr2,60777646,-0.0064211700210180375,0.5952,0.897402573175,0.0394
chr2,60777647,-0.006421170048996628,0.5964,0.897402573175,0.0426
chr2,60777648,-0.0064211700796052975,0.599,0.897402573175,0.0505
chr2,60777649,-0.006421170114007605,0.6008,0.897402573175,0.0578
chr2,60777650,-0.006421170153946125,0.6002,0.897402573175,0.0785
chr2,60777651,-0.00642117020215585,0.6,0.897402573175,0.0959
chr2,60777652,-0.006421170263217935,0.5992,0.897402573175,0.1167
chr2,60777653,-0.006421170345522203,0.6,0.897402573175,0.1411
chr2,60777654,-0.006421170466503434,0.5996,0.897402573175,0.1727
chr2,60777655,-0.0064211706701709165,0.6006,0.897402573175,0.2553
chr2,60777656,-0.006421171115069636,0.6008,0.897402573175,0.3467
chr2,60777657,-0.006421173443758787,0.6006,0.897402573175,0.4243
chr2,60777658,-0.02121283258511045,0.0674,0.409081202488,0.4812
chr2,60777659,-0.021212832579603103,0.067,0.408063453537,0.5232
chr2,60777660,-0.021212832574209552,0.0664,0.40797705146,0.541
chr2,60777661,-0.02121283256893835,0.0668,0.40797705146,0.5324
chr2,60777662,-0.021212832563793513,0.0658,0.40797705146,0.717
chr2,60777663,-0.021212832558773945,0.0652,0.40683410302,0.6565
chr2,60777664,-0.021212832553873205,0.065,0.40683410302,0.5691
chr2,60777665,-0.0212128325490799,0.0662,0.40797705146,0.4497
chr2,60777666,-0.02121283254437872,0.0668,0.40797705146,0.3249
chr2,60777667,-0.02121283253975215,0.067,0.408063453537,0.2033
chr2,60777668,-0.021212832535182698,0.0676,0.409587443946,0.1407
chr2,60777669,-0.021212832530654983,0.0668,0.40797705146,0.12
chr2,60777670,-0.021212832526157584,0.0668,0.40797705146,0.1037
chr2,60777671,-0.021212832521684148,0.0674,0.409081202488,0.0918
chr2,60777672,-0.021212832517233878,0.0666,0.40797705146,0.0845
chr2,60777673,-0.02121283251281157,0.067,0.408063453537,0.0811
chr2,60777674,-0.02121283250842726,0.0682,0.411660824742,0.0803
chr2,60777675,-0.02121283250409566,0.0708,0.420419878296,0.0874
chr2,60777676,-0.021212832499835407,0.0726,0.425498498498,0.0989
chr2,60777677,-0.02121283249566812,0.071,0.421322635135,0.1119
chr2,60777678,-0.02121283249161714,0.0708,0.420419878296,0.1357
chr2,60777679,-0.021212832487705762,0.0712,0.421370619946,0.1718
chr2,60777680,-0.021212832483954645,0.0716,0.422173212487,0.2182
chr2,60777681,-0.021212832480378054,0.0712,0.421370619946,0.2795
chr2,60777682,-0.021212832476979256,0.0712,0.421370619946,0.3458
chr2,60777683,-0.02121283247374585,0.0724,0.424751503006,0.4136
chr2,60777684,-0.021212832470647598,0.073,0.427130246502,0.4776
chr2,60777685,-0.0212128324676396,0.0746,0.432173153034,0.5318
chr2,60777686,-0.021212832464671483,0.0744,0.432011900826,0.5963
chr2,60777687,-0.021212832461698927,0.0756,0.434100686499,0.6526
chr2,60777688,-0.021212832458692054,0.078,0.44167311412,0.6917
chr2,60777689,-0.021212832455637178,0.0806,0.450012396694,0.716
chr2,60777690,-0.02121283245253319,0.0826,0.456391632589,0.7147
chr2,60777691,-0.021212832449385915,0.0858,0.465003702561,0.7108
chr2,60777692,-0.021212832446203114,0.0898,0.480309683313,0.689
chr2,60777693,-0.021212832442991082,0.0916,0.484041516245,0.6541
chr2,60777694,-0.021212832439752815,0.0942,0.489678307191,0.6099
chr2,60777695,-0.021212832436487382,0.0948,0.490908608491,0.5659
chr2,60777696,-0.021212832433190044,0.0962,0.494948154657,0.5271
chr2,60777697,-0.021212832429852734,0.0998,0.504747192629,0.4614
chr2,60777698,-0.021212832426465038,0.1024,0.513901714286,0.3827
chr2,60777699,-0.021212832423015256,0.1044,0.521554607509,0.298
chr2,60777700,-0.021212832419491807,0.1072,0.528181767181,0.2227
chr2,60777701,-0.021212832415884692,0.1086,0.532243024554,0.1796
chr2,60777702,-0.021212832412187188,0.109,0.532568845619,0.1432
chr2,60777703,-0.02121283240839738,0.111,0.53534184514,0.1118
chr2,60777704,-0.021212832404519582,0.1126,0.53920910578,0.0882
chr2,60777705,-0.021212832400565373,0.1134,0.542448529412,0.073
chr2,60777706,-0.02121283239655397,0.116,0.549199625869,0.0607
chr2,60777707,-0.021212832392512142,0.117,0.549199625869,0.0559
chr2,60777708,-0.021212832388473334,0.121,0.553818418314,0.0486
chr2,60777709,-0.01329337557796783,0.3266,0.720513564431,0.0446
chr2,60777710,-0.013293374336679657,0.3324,0.727552149533,0.0438
chr2,60777711,-0.0132933739938341,0.337,0.727656082071,0.0425
chr2,60777712,-0.013293373841496316,0.3384,0.727656082071,0.0428
chr2,60777713,-0.013293373759498786,0.3384,0.727656082071,0.0437
chr2,60777714,-0.013293373710821411,0.3384,0.727656082071,0.0453
chr2,60777715,-0.01329337368028594,0.3384,0.727656082071,0.0507
chr2,60777716,-0.013293373660497074,0.3384,0.727656082071,0.053
chr2,60777717,-0.013293373647422802,0.3384,0.727656082071,0.055
chr2,60777718,-0.013293373638688526,0.3384,0.727656082071,0.0634
chr2,60777719,-0.013293373632814973,0.3384,0.727656082071,0.0641
chr2,60777781,0.0040491269735850165,0.6908,0.897402573175,0.2986
chr2,60777782,0.0040491269804357535,0.6908,0.897402573175,0.3838
chr2,60777783,0.004049126987956085,0.6908,0.897402573175,0.4596
chr2,60777784,0.0040491269960153155,0.6908,0.897402573175,0.5073
chr2,60777785,0.004049127004445351,0.6908,0.897402573175,0.5633
chr2,60777786,0.004049127013055576,0.6906,0.897402573175,0.6126
chr2,60777787,0.00404912702164771,0.6896,0.897402573175,0.6547
chr2,60777788,0.004049127030025233,0.6862,0.897402573175,0.69
chr2,60777789,0.004049127037997416,0.6844,0.897402573175,0.7337
chr2,60777790,0.0040491270453809,0.6844,0.897402573175,0.7472
chr2,60777791,0.004049127052001168,0.6806,0.897402573175,0.7484
chr2,60777792,0.0040491270576935735,0.6796,0.897402573175,0.7221
chr2,60777793,0.004049127062301499,0.6792,0.897402573175,0.6816
chr2,60777794,0.004049127065667099,0.6756,0.897402573175,0.6207
chr2,60777795,0.0040491270676056195,0.6716,0.897402573175,0.5346
chr2,60777796,0.004049127067842653,0.6688,0.897402573175,0.4316
chr2,60777797,0.004049127065859108,0.6664,0.897402573175,0.3675
chr2,60777798,0.0040491270604673365,0.6628,0.897402573175,0.3394
chr2,60777799,0.004049127048203518,0.6612,0.897402573175,0.3211
chr2,60777800,0.004049127007565837,0.6642,0.897402573175,0.3041
chr2,60777801,0.004049126579372336,0.6668,0.897402573175,0.3005
chr2,60777802,-0.0036715254053626056,0.837,0.917435569423,0.3092
chr2,60777803,-0.0036715254666698735,0.838,0.918245165315,0.3192
chr2,60777804,-0.003671525482335288,0.8348,0.916224818795,0.3414
chr2,60777805,-0.0036715254887133165,0.838,0.918245165315,0.3724
chr2,60777806,-0.0036715254907335342,0.8362,0.916844756554,0.4685
chr2,60777807,-0.003671525489901104,0.8392,0.918919351823,0.591
chr2,60777808,-0.003671525486888874,0.8386,0.918616089804,0.6959
chr2,60777809,-0.0036715254820768963,0.8396,0.918956329429,0.7868
chr2,60777810,-0.0036715254757388838,0.8418,0.920571348524,0.8292
chr2,60777811,-0.0036715254681178766,0.8408,0.919764090428,0.8652
chr2,60777812,-0.003671525459456697,0.8386,0.918616089804,0.8809
chr2,60777813,-0.0036715254500074347,0.8412,0.920087053988,0.8764
chr2,60777814,-0.0036715254400303122,0.842,0.920732739837,0.8669
chr2,60777815,-0.0036715254297871604,0.839,0.918919351823,0.8408
chr2,60777816,-0.0036715254195324324,0.8392,0.918919351823,0.8029
chr2,60777817,-0.003671525409503645,0.8392,0.918919351823,0.7343
chr2,60777818,-0.0036715253999124267,0.8398,0.918956329429,0.6133
chr2,60777819,-0.003671525390936921,0.8398,0.918956329429,0.4783
chr2,60777820,-0.0036715253827161766,0.8398,0.918956329429,0.3271
chr2,60780570,0.034466587022187,0.152,0.61931802366,0.1568
chr2,60780571,0.03446658702361208,0.152,0.61931802366,0.1578
chr2,60780572,0.034466587025120815,0.152,0.61931802366,0.1555
chr2,60780573,0.03446658702667472,0.152,0.61931802366,0.1498
chr2,60780574,0.03446658702822489,0.152,0.61931802366,0.1436
chr2,60780575,0.03446658702971168,0.152,0.61931802366,0.1368
chr2,60780576,0.034466587031064234,0.152,0.61931802366,0.1317
chr2,60780577,0.03446658703220027,0.152,0.61931802366,0.1287
chr2,60780578,0.03446658703302545,0.152,0.61931802366,0.1291
chr2,60780579,0.03446658703343223,0.1528,0.622000463499,0.1313
chr2,60780580,0.03446658703329731,0.1516,0.61931802366,0.1367
chr2,60780581,0.03446658703247645,0.1502,0.616704768583,0.1441
chr2,60780582,0.034466587030794714,0.1492,0.614322081575,0.1518
chr2,60780583,0.03446658702802911,0.1498,0.616070475299,0.1599
chr2,60780584,0.03446658702387823,0.149,0.613930330753,0.1627
chr2,60780585,0.03446658701790749,0.1492,0.614322081575,0.1638
chr2,60780586,0.034466587009446034,0.1494,0.614857310216,0.1614
chr2,60780587,0.034466586997377674,0.15,0.616171655753,0.1541
chr2,60780588,0.03446658697967185,0.15,0.616171655753,0.1445
chr2,60780589,0.034466586952183416,0.1492,0.614322081575,0.136
chr2,60780590,0.03446658690500089,0.15,0.616171655753,0.1255
chr2,60780591,0.034466586808318,0.15,0.616171655753,0.1205
chr2,60780592,0.0344665865208397,0.1508,0.618156826138,0.115
chr2,60780593,-0.0021537819485481346,0.9496,0.9701462223,0.1116
chr2,60780594,-0.0021537841496427736,0.9516,0.971016781836,0.1128
chr2,60780595,-0.002153784388389917,0.952,0.971016781836,0.1169
chr2,60780596,-0.002153784473459802,0.952,0.971016781836,0.1244
chr2,60780597,-0.002153784516202392,0.952,0.971016781836,0.1334
chr2,60780598,-0.002153784541924495,0.952,0.971016781836,0.1415
chr2,60780599,-0.0021537845590932944,0.952,0.971016781836,0.1482
chr2,60780600,-0.002153784571305344,0.952,0.971016781836,0.1522
chr2,60780601,-0.002153784580354092,0.952,0.971016781836,0.1521
chr2,60780700,0.04231354885336253,0.0088,0.112008695652,0.124
chr2,60780701,0.04231354885020269,0.0088,0.112008695652,0.1238
chr2,60780702,0.0423135488466556,0.0088,0.112008695652,0.1211
chr2,60780703,0.04231354884273457,0.0088,0.112008695652,0.0906
chr2,60780704,0.04231354883845968,0.0088,0.112008695652,0.0745
chr2,60780705,0.04231354883385507,0.0088,0.112008695652,0.072
chr2,60780706,0.04231354882894538,0.0088,0.112008695652,0.071
chr2,60780707,0.042313548823752524,0.0088,0.112008695652,0.072
chr2,60780708,0.042313548818292156,0.0088,0.112008695652,0.0766
chr2,60780709,0.042313548812571024,0.0086,0.110262043796,0.085
chr2,60780710,0.04231354880658496,0.0084,0.108092307692,0.0979
chr2,60780711,0.042313548800317964,0.0064,0.0864073789393,0.1277
chr2,60780712,0.042313548793742495,0.0054,0.0811385799829,0.1666
chr2,60780713,0.04231354878682095,0.0052,0.0804031690141,0.2135
chr2,60780714,0.04231354877950823,0.005,0.0786962365591,0.2676
chr2,60780715,0.042313548771755444,0.005,0.0786962365591,0.3297
chr2,60780716,0.0423135487635139,0.005,0.0786962365591,0.3908
chr2,60780717,0.04231354875473973,0.0048,0.0775639374425,0.4398
chr2,60780718,0.04231354874539791,0.0048,0.0775639374425,0.4753
chr2,60780719,0.04231354873546578,0.0048,0.0775639374425,0.4873
chr2,60780720,0.04231354872493549,0.0048,0.0775639374425,0.4824
chr2,60780721,0.04231354871381504,0.0048,0.0775639374425,0.4577
chr2,60780722,0.04231354870212792,0.0046,0.0758676056338,0.4205
chr2,60780723,0.04231354868991143,0.0046,0.0758676056338,0.3708
chr2,60780724,0.04231354867721393,0.0046,0.0758676056338,0.3209
chr2,60780725,0.04231354866409151,0.0046,0.0758676056338,0.2176
chr2,60780726,0.04231354865060428,0.0042,0.0752785714286,0.1843
chr2,60780727,0.04231354863681306,0.0046,0.0758676056338,0.1587
chr2,60780728,0.042313548622776434,0.0046,0.0758676056338,0.1362
chr2,60780729,0.04231354860854874,0.0048,0.0775639374425,0.1202
chr2,60780730,0.04231354859417898,0.0042,0.0752785714286,0.1135
chr2,60780731,0.04231354857971051,0.004,0.0738025210084,0.1073
chr2,60780732,0.042313548565181214,0.004,0.0738025210084,0.1035
chr2,60780733,0.04231354855062451,0.0038,0.0713108974359,0.0996
chr2,60780734,0.04231354853607012,0.0038,0.0713108974359,0.0962
chr2,60780735,0.04231354852154498,0.0038,0.0713108974359,0.0917
chr2,60780736,0.04231354850707391,0.0038,0.0713108974359,0.0858
chr2,60780737,0.042313548492679924,0.0036,0.0694116355653,0.0774
chr2,60780738,0.04231354847838453,0.0038,0.0713108974359,0.0718
chr2,60780739,0.04231354846420842,0.0036,0.0694116355653,0.0652
chr2,60780740,0.04231354845017242,0.0036,0.0694116355653,0.0603
chr2,60780741,0.04231354843629968,0.0034,0.0668020134228,0.0565
chr2,60780742,0.04231354842261851,0.0032,0.0636557191393,0.054
chr2,60780743,0.0423135484091661,0.0032,0.0636557191393,0.0536
chr2,60780744,0.04231354839599253,0.0026,0.054824729892,0.0553
chr2,60780745,0.0423135483831644,0.0024,0.0512846715328,0.0617
chr2,60780746,0.04231354837076776,0.0024,0.0512846715328,0.0685
chr2,60780747,0.04231354835890989,0.0016,0.0367853403141,0.0709
chr2,60780748,0.0423135483477196,0.0014,0.0327443408788,0.0846
chr2,60780749,0.042313548337346574,0.0014,0.0327443408788,0.1025
chr2,60780750,0.04231354832795957,0.0012,0.0282926174497,0.1235
chr2,60780751,0.04231354831974456,0.0012,0.0282926174497,0.1445
chr2,60780752,0.04231354831290313,0.0012,0.0282926174497,0.1987
chr2,60780753,0.042313548307652736,0.0012,0.0282926174497,0.2192
chr2,60780754,0.04231354830422937,0.0012,0.0282926174497,0.2281
chr2,60780755,0.04231354830289414,0.0012,0.0282926174497,0.2285
chr2,60780756,0.04231354830394443,0.0012,0.0282926174497,0.2196
chr2,60780757,0.04231354830772946,0.0012,0.0282926174497,0.2026
chr2,60780758,0.042313548314669255,0.0012,0.0282926174497,0.1768
chr2,60780759,0.04231354832527303,0.0012,0.0282926174497,0.1483
chr2,60780760,0.04231354834015019,0.0012,0.0282926174497,0.1031
chr2,60780761,0.04231354836000104,0.0012,0.0282926174497,0.0864
chr2,60780762,0.04231354838557658,0.0012,0.0282926174497,0.0726
chr2,60780763,0.0423135484175928,0.0012,0.0282926174497,0.0603
chr2,60780764,0.04231354845661245,0.0012,0.0282926174497,0.0518
chr2,60780765,0.04231354850293315,0.0012,0.0282926174497,0.0479
chr2,60780766,0.04231354855654233,0.0012,0.0282926174497,0.0456
chr2,60780767,0.042313548617181,0.0008,0.0196531468531,0.0466
chr2,60780768,0.04231354868450593,0.001,0.0244297635605,0.0478
chr2,60780769,0.04231354875829314,0.001,0.0244297635605,0.0456
chr2,60780770,0.04231354883862316,0.0008,0.0196531468531,0.0518
chr2,60780771,0.04231354892602408,0.0008,0.0196531468531,0.064
chr2,60780772,0.04231354902158779,0.0008,0.0196531468531,0.0823
chr2,60780773,0.042313549127099725,0.0008,0.0196531468531,0.0917
chr2,60780774,0.042313549245225394,0.0008,0.0196531468531,0.0978
chr2,60780775,0.04231354937984482,0.0006,0.0156597325409,0.1029
chr2,60780776,0.04231354953661425,0.0006,0.0156597325409,0.1039
chr2,60780777,0.042313549723970244,0.0006,0.0156597325409,0.1021
chr2,60780778,0.04231354995500153,0.0006,0.0156597325409,0.0958
chr2,60780779,0.04231355025123702,0.0006,0.0156597325409,0.0875
chr2,60780780,0.04231355065142573,0.0006,0.0156597325409,0.0781
chr2,60780781,0.04231355123629764,0.0006,0.0156597325409,0.0695
chr2,60780782,0.04231355222713795,0.0006,0.0156597325409,0.0604
chr2,60780783,0.04231355451889285,0.0006,0.0156597325409,0.0537
chr2,60780784,0.04231356421626678,0.0006,0.0156597325409,0.0482
chr2,60780785,0.05500319860226095,<0.0002,<0.05,0.045
chr2,60780786,0.05500320706038987,<0.0002,<0.05,0.0468
chr2,60780787,0.05500320895131919,<0.0002,<0.05,0.0463
chr2,60780788,0.055003209711544473,<0.0002,<0.05,0.0479
chr2,60780789,0.05500321015972375,<0.0002,<0.05,0.051
chr2,60780790,0.05500321044234699,<0.0002,<0.05,0.0559
chr2,60780791,0.05500321062874391,<0.0002,<0.05,0.0642
chr2,60780792,0.055003210757584776,<0.0002,<0.05,0.073
chr2,60780793,0.05500321085035959,<0.0002,<0.05,0.0852
chr2,60780794,0.05500321091928218,<0.0002,<0.05,0.1015
chr2,60780795,0.055003210971613,<0.0002,<0.05,0.117
chr2,60780796,0.0550032110118837,<0.0002,<0.05,0.1314
chr2,60780797,0.05500321104306547,<0.0002,<0.05,0.1439
chr2,60780798,0.0550032110671835,<0.0002,<0.05,0.1535
chr2,60780799,0.05500321108567316,<0.0002,<0.05,0.1258
chr2,60780800,0.055003211099594794,<0.0002,<0.05,0.1287
chr2,60780801,0.05500321110976716,<0.0002,<0.05,0.1289
chr2,60780802,0.05500321111685076,<0.0002,<0.05,0.1273
chr2,60780803,0.05500321112139839,<0.0002,<0.05,0.1086
chr2,60780804,0.055003211123883455,<0.0002,<0.05,0.1083
chr2,60780805,0.05500321112471539,<0.0002,<0.05,0.1097
chr2,60780806,0.055003211124247206,0.0002,0.00643406593407,0.1354
chr2,60780807,0.055003211122779866,0.0002,0.00643406593407,0.1821
chr2,60780808,0.04484685831886352,0.0004,0.0116710963455,0.1955
chr2,60780809,0.0448468578259749,0.0006,0.0156597325409,0.2107
chr2,60780810,0.04484685766561309,0.0006,0.0156597325409,0.2277
chr2,60780811,0.04484685757879601,0.0006,0.0156597325409,0.1885
chr2,60780812,0.044846857522882505,0.0006,0.0156597325409,0.157
chr2,60780813,0.0448468574832592,0.0006,0.0156597325409,0.1379
chr2,60780814,0.04484685745341321,0.0006,0.0156597325409,0.1418
chr2,60780815,0.04484685742995645,0.0006,0.0156597325409,0.1457
chr2,60780816,0.04484685741093157,0.0006,0.0156597325409,0.1464
chr2,60780817,0.044846857395116915,0.0006,0.0156597325409,0.1253
chr2,60780818,0.044846857381702764,0.0006,0.0156597325409,0.1211
chr2,60780819,0.04484685737012581,0.0006,0.0156597325409,0.1145
chr2,60780820,0.04484685735997849,0.0006,0.0156597325409,0.1073
chr2,60780821,0.044846857350956185,0.0006,0.0156597325409,0.0988
chr2,60780822,0.04484685734282538,0.0006,0.0156597325409,0.0882
chr2,60780823,0.0448468573354033,0.0006,0.0156597325409,0.0781
chr2,60780824,0.0448468573285446,0.0006,0.0156597325409,0.0681
chr2,60780825,0.04484685732213253,0.0006,0.0156597325409,0.0605
chr2,60780826,0.044846857316072575,0.0006,0.0156597325409,0.0528
chr2,60780827,0.04484685731028787,0.0006,0.0156597325409,0.0468
chr2,60780828,0.04484685730471625,0.0006,0.0156597325409,0.0436
chr2,60780829,0.044846857299307735,0.0006,0.0156597325409,0.0391
chr2,60780830,0.04484685729402255,0.0006,0.0156597325409,0.0361
chr2,60780831,0.04484685728883003,0.0006,0.0156597325409,0.034
chr2,60780832,0.044846857283707416,0.0006,0.0156597325409,0.0316
chr2,60780833,0.04484685727863903,0.0006,0.0156597325409,0.0297
chr2,60780834,0.044846857273615696,0.0006,0.0156597325409,0.0288
chr2,60780835,0.044846857268634355,0.0006,0.0156597325409,0.0286
chr2,60780836,0.04484685726369777,0.0004,0.0116710963455,0.0296
chr2,60780837,0.04484685725881433,0.0006,0.0156597325409,0.0302
chr2,60780838,0.0448468572539975,0.0006,0.0156597325409,0.0321
chr2,60780839,0.044846857249265154,0.0006,0.0156597325409,0.0346
chr2,60780840,0.044846857244638084,0.0006,0.0156597325409,0.0378
chr2,60780841,0.04484685724013737,0.0006,0.0156597325409,0.0444
chr2,60780842,0.04484685723578153,0.0006,0.0156597325409,0.0492
chr2,60780843,0.044846857231583125,0.0006,0.0156597325409,0.0577
chr2,60780844,0.04484685722754521,0.0006,0.0156597325409,0.0693
chr2,60780845,0.04484685722365942,0.0006,0.0156597325409,0.0837
chr2,60780846,0.04484685721990479,0.0006,0.0156597325409,0.1034
chr2,60780847,0.04484685721624824,0.0006,0.0156597325409,0.128
chr2,60780848,0.04484685721264687,0.0006,0.0156597325409,0.136
chr2,60780849,0.04484685720905161,0.0006,0.0156597325409,0.162
chr2,60780850,0.04484685720541216,0.0006,0.0156597325409,0.218
chr2,60780851,0.04484685720168291,0.0006,0.0156597325409,0.2548
chr2,60780852,0.044846857197829826,0.0006,0.0156597325409,0.2456
chr2,60780853,0.044846857193837235,0.0006,0.0156597325409,0.2829
chr2,60780854,0.044846857189713575,0.0004,0.0116710963455,0.3172
chr2,60780855,0.04484685718549335,0.0006,0.0156597325409,0.3467
chr2,60780856,0.0448468571812332,0.0006,0.0156597325409,0.3869
chr2,60780857,0.044846857177000876,0.0006,0.0156597325409,0.4274
chr2,60780858,0.044846857172859605,0.0004,0.0116710963455,0.4077
chr2,60780859,0.044846857168853275,0.0004,0.0116710963455,0.4179
chr2,60780860,0.04484685716499771,0.0004,0.0116710963455,0.4653
chr2,60780861,0.044846857161279986,0.0004,0.0116710963455,0.504
chr2,60780862,0.044846857157663955,0.0004,0.0116710963455,0.5317
chr2,60780863,0.044846857154097995,0.0002,0.00643406593407,0.6565
chr2,60780864,0.04484685715052255,0.0002,0.00643406593407,0.6445
chr2,60780865,0.04484685714687567,0.0002,0.00643406593407,0.5996
chr2,60780866,0.04484685714309694,0.0002,0.00643406593407,0.5365
chr2,60780867,0.04484685713912993,0.0002,0.00643406593407,0.4499
chr2,60780868,0.044846857134924034,0.0002,0.00643406593407,0.3458
chr2,60780869,0.04484685713043564,0.0002,0.00643406593407,0.2414
chr2,60780870,0.044846857125629115,0.0004,0.0116710963455,0.1658
chr2,60780871,0.0448468571204773,0.0004,0.0116710963455,0.1306
chr2,60780872,0.04484685711496209,0.0004,0.0116710963455,0.1137
chr2,60780873,0.044846857109075045,0.0004,0.0116710963455,0.0883
chr2,60780874,0.044846857102818084,0.0004,0.0116710963455,0.067
chr2,60780875,0.044846857096204326,0.0004,0.0116710963455,0.0554
chr2,60780876,0.044846857089258486,0.0004,0.0116710963455,0.0476
chr2,60780877,0.04484685708201649,0.0004,0.0116710963455,0.0416
chr2,60780878,0.044846857074524064,0.0004,0.0116710963455,0.0379
chr2,60780879,0.044846857066834465,0.0006,0.0156597325409,0.0345
chr2,60780880,0.04484685705900561,0.0006,0.0156597325409,0.0329
chr2,60780881,0.044846857051097595,0.0006,0.0156597325409,0.0319
chr2,60780882,0.04484685704317054,0.0006,0.0156597325409,0.0313
chr2,60780883,0.04484685703528326,0.0006,0.0156597325409,0.0318
chr2,60780884,0.04484685702749207,0.0006,0.0156597325409,0.0343
chr2,60780885,0.04484685701984961,0.0008,0.0196531468531,0.0372
chr2,60780886,0.04484685701240315,0.0008,0.0196531468531,0.0416
chr2,60780887,0.044846857005192683,0.0008,0.0196531468531,0.0468
chr2,60780888,0.04484685699824922,0.0008,0.0196531468531,0.0543
chr2,60780889,0.04484685699159349,0.0008,0.0196531468531,0.0614
chr2,60780890,0.04484685698523587,0.0008,0.0196531468531,0.0705
chr2,60780891,0.04484685697917714,0.0008,0.0196531468531,0.0807
chr2,60780892,0.044846856973410155,0.0008,0.0196531468531,0.0935
chr2,60780893,0.04484685696792171,0.0008,0.0196531468531,0.1068
chr2,60780894,0.04484685696269448,0.0008,0.0196531468531,0.1212
chr2,60780895,0.04484685695770886,0.0008,0.0196531468531,0.1359
chr2,60780896,0.04484685695294412,0.0008,0.0196531468531,0.1511
chr2,60780897,0.04484685694837942,0.0008,0.0196531468531,0.1681
chr2,60780898,0.04484685694399444,0.0008,0.0196531468531,0.1839
chr2,60780899,0.04484685693976949,0.0006,0.0156597325409,0.1997
chr2,60780900,0.04484685693568538,0.0004,0.0116710963455,0.2155
chr2,60780901,0.04484685693172315,0.0004,0.0116710963455,0.2371
chr2,60780902,0.04484685692786306,0.0004,0.0116710963455,0.2858
chr2,60780903,0.04484685692408378,0.0004,0.0116710963455,0.3109
chr2,60780904,0.044846856920361,0.0004,0.0116710963455,0.3394
chr2,60780905,0.04484685691666645,0.0004,0.0116710963455,0.3834
chr2,60780906,0.04484685691296687,0.0004,0.0116710963455,0.4546
chr2,60780907,0.044846856909223895,0.0004,0.0116710963455,0.5184
chr2,60780908,0.04484685690539439,0.0004,0.0116710963455,0.5854
chr2,60780909,0.04484685690143156,0.0004,0.0116710963455,0.6495
chr2,60780910,0.04484685689728621,0.0004,0.0116710963455,0.5905
chr2,60780911,0.044846856892907724,0.0006,0.0156597325409,0.6228
chr2,60780912,0.044846856888244,0.0008,0.0196531468531,0.6324
chr2,60780913,0.044846856883239826,0.0008,0.0196531468531,0.5225
chr2,60780914,0.04484685687783361,0.0008,0.0196531468531,0.4125
chr2,60780915,0.044846856871952175,0.0008,0.0196531468531,0.3848
chr2,60780916,0.04484685686550336,0.0008,0.0196531468531,0.3809
chr2,60780917,0.04484685685836612,0.0008,0.0196531468531,0.2925
chr2,60780918,0.044846856850376766,0.0008,0.0196531468531,0.2255
chr2,60780919,0.04484685684131022,0.0008,0.0196531468531,0.1919
chr2,60780920,0.04484685683085332,0.001,0.0244297635605,0.1773
chr2,60780921,0.04484685681856653,0.0006,0.0156597325409,0.1548
chr2,60780922,0.044846856803826995,0.0008,0.0196531468531,0.1318
chr2,60780923,0.04484685678574297,0.0008,0.0196531468531,0.118
chr2,60780924,0.04484685676302521,0.0008,0.0196531468531,0.1064
chr2,60780925,0.044846856733799456,0.0006,0.0156597325409,0.101
chr2,60780926,0.044846856695349414,0.0006,0.0156597325409,0.0948
chr2,60780927,0.04484685664376437,0.0006,0.0156597325409,0.0898
chr2,60780928,0.04484685657311718,0.0006,0.0156597325409,0.086
chr2,60780929,0.044846856471261215,0.0006,0.0156597325409,0.0813
chr2,60780930,0.044846856296653456,0.0008,0.0196531468531,0.0782
chr2,60780931,0.044846855881996085,0.0008,0.0196531468531,0.0746
chr2,60780932,0.0448468548027442,0.0008,0.0196531468531,0.0686
chr2,60780933,0.04484679302694756,0.0008,0.0196531468531,0.0642
chr2,60780934,0.039132051924036806,0.0026,0.054824729892,0.0595
chr2,60780935,0.039132046871563034,0.0026,0.054824729892,0.0541
chr2,60780936,0.03913204525999411,0.0026,0.054824729892,0.0495
chr2,60780937,0.039132044441199096,0.0028,0.0579293286219,0.0454
chr2,60780938,0.039132043915767446,0.0028,0.0579293286219,0.0408
chr2,60780939,0.03913204352942255,0.0028,0.0579293286219,0.0381
chr2,60780940,0.03913204321953935,0.0028,0.0579293286219,0.0349
chr2,60780941,0.0391320429562129,0.003,0.0609895833333,0.0329
chr2,60780942,0.039132042723771035,0.003,0.0609895833333,0.0315
chr2,60780943,0.039132042513692865,0.003,0.0609895833333,0.0294
chr2,60780944,0.03913204232172759,0.003,0.0609895833333,0.0289
chr2,60780945,0.0391320421463856,0.003,0.0609895833333,0.0276
chr2,60780946,0.03913204198800958,0.003,0.0609895833333,0.0277
chr2,60780947,0.03913204184775901,0.0032,0.0636557191393,0.0281
chr2,60780948,0.03913204172667512,0.0032,0.0636557191393,0.0296
chr2,60780949,0.03913204162489171,0.0024,0.0512846715328,0.0315
chr2,60780950,0.03913204154134664,0.003,0.0609895833333,0.0343
chr2,60780951,0.03913204147402398,0.003,0.0609895833333,0.0387
chr2,60780952,0.039132041420438954,0.0032,0.0636557191393,0.0444
chr2,60780953,0.039132041378064655,0.0032,0.0636557191393,0.0526
chr2,60780954,0.03913204134459986,0.0032,0.0636557191393,0.0639
chr2,60780955,0.03913204131809185,0.0032,0.0636557191393,0.0878
chr2,60780956,0.03913204129696345,0.003,0.0609895833333,0.1177
chr2,60780957,0.03913204127998337,0.0028,0.0579293286219,0.1539
chr2,60780958,0.03913204126621045,0.0028,0.0579293286219,0.2601
chr2,60780959,0.0391320412549332,0.003,0.0609895833333,0.4302
chr2,60780960,0.03913204124561564,0.0032,0.0636557191393,0.6095
chr2,60780961,0.03913204123785354,0.0032,0.0636557191393,0.7625
chr2,60780962,0.03913204123134057,0.0034,0.0668020134228,0.8564
chr2,60780963,0.03913204122584325,0.0036,0.0694116355653,0.9076
chr2,60780964,0.039132041221182266,0.0038,0.0713108974359,0.9342
chr2,60780965,0.03913204121721865,0.0038,0.0713108974359,0.9448
chr2,60780966,0.03913204121384369,0.0038,0.0713108974359,0.9437
chr2,60780967,0.03913204121097129,0.0038,0.0713108974359,0.9295
chr2,60780968,0.03913204120853224,0.0038,0.0713108974359,0.9061
chr2,60780969,0.039132041206469986,0.0038,0.0713108974359,0.8636
chr2,60781236,0.0395063098538314,0.0188,0.214708712614,0.1684
chr2,60781237,0.03950630985604864,0.0188,0.214708712614,0.1865
chr2,60781238,0.03950630985839132,0.0188,0.214708712614,0.145
chr2,60781239,0.03950630986080188,0.0188,0.214708712614,0.119
chr2,60781240,0.039506309863216335,0.0188,0.214708712614,0.1221
chr2,60781241,0.03950630986556901,0.0188,0.214708712614,0.1226
chr2,60781242,0.03950630986779682,0.0186,0.214708712614,0.1211
chr2,60781243,0.03950630986984244,0.018,0.210219414894,0.1171
chr2,60781244,0.03950630987165658,0.017,0.200675403226,0.1163
chr2,60781245,0.03950630987319908,0.0168,0.198849056604,0.111
chr2,60781246,0.03950630987444023,0.0162,0.19265605958,0.0908
chr2,60781247,0.039506309875362966,0.0162,0.19265605958,0.0865
chr2,60781248,0.03950630987596646,0.0156,0.187040273038,0.0803
chr2,60781249,0.039506309876271635,0.0156,0.187040273038,0.0679
chr2,60781250,0.0395063098763272,0.0152,0.183496907216,0.066
chr2,60781251,0.03950630987621428,0.015,0.18133172746,0.0659
chr2,60781252,0.039506309876046225,0.0134,0.164135983264,0.0672
chr2,60781253,0.039506309875960835,0.013,0.159793561931,0.0708
chr2,60781254,0.03950630987610599,0.012,0.150342368046,0.0773
chr2,60781255,0.039506309876622535,0.0104,0.131138549892,0.0844
chr2,60781256,0.03950630987763074,0.01,0.126457883369,0.0932
chr2,60781257,0.039506309879223975,0.0094,0.119213718412,0.1074
chr2,60781258,0.039506309881468894,0.0086,0.110262043796,0.1233
chr2,60781259,0.03950630988440987,0.0086,0.110262043796,0.1368
chr2,60781260,0.039506309888073805,0.0082,0.105596041056,0.1252
chr2,60781261,0.03950630989247389,0.0078,0.101336538462,0.1123
chr2,60781262,0.03950630989761135,0.0074,0.0967840655249,0.0997
chr2,60781263,0.03950630990347493,0.0074,0.0967840655249,0.0971
chr2,60781264,0.03950630991003828,0.007,0.0923779113449,0.0944
chr2,60781265,0.03950630991725542,0.0068,0.0902811791383,0.0877
chr2,60781266,0.03950630992505517,0.0068,0.0902811791383,0.0814
chr2,60781267,0.039506309933336786,0.0064,0.0864073789393,0.0762
chr2,60781268,0.039506309941969416,0.0058,0.0835742411813,0.0692
chr2,60781269,0.03950630995079799,0.0056,0.0823129707113,0.06
chr2,60781270,0.03950630995965631,0.0052,0.0804031690141,0.0539
chr2,60781271,0.03950630996838346,0.0046,0.0758676056338,0.0505
chr2,60781272,0.03950630997683817,0.0034,0.0668020134228,0.0497
chr2,60781273,0.03950630998490618,0.0034,0.0668020134228,0.0525
chr2,60781274,0.03950630999249948,0.0034,0.0668020134228,0.0534
chr2,60781275,0.039506309999549426,0.0034,0.0668020134228,0.0547
chr2,60781276,0.03950631000599734,0.0034,0.0668020134228,0.0563
chr2,60781277,0.039506310011784534,0.0032,0.0636557191393,0.0586
chr2,60781278,0.03950631001684336,0.0032,0.0636557191393,0.0614
chr2,60781279,0.03950631002108921,0.0032,0.0636557191393,0.0633
chr2,60781280,0.03950631002441283,0.0032,0.0636557191393,0.0653
chr2,60781281,0.03950631002667252,0.003,0.0609895833333,0.0698
chr2,60781282,0.03950631002768477,0.0034,0.0668020134228,0.0756
chr2,60781283,0.03950631002721105,0.0028,0.0579293286219,0.0848
chr2,60781284,0.03950631002493736,0.0024,0.0512846715328,0.0944
chr2,60781285,0.03950631002043814,0.0022,0.04830375,0.1071
chr2,60781286,0.03950631001310974,0.0022,0.04830375,0.1234
chr2,60781287,0.03950631000204075,0.0022,0.04830375,0.1355
chr2,60781288,0.03950630998574681,0.0022,0.04830375,0.1647
chr2,60781289,0.03950630996156226,0.002,0.0458018252934,0.1814
chr2,60781290,0.03950630992395542,0.002,0.0458018252934,0.192
chr2,60781291,0.03950630985885353,0.0022,0.04830375,0.201
chr2,60781292,0.03859913294554895,0.0022,0.04830375,0.2124
chr2,60781293,0.027292241363598115,0.0202,0.227882466281,0.219
chr2,60781294,0.02359925029759056,0.0376,0.308042910448,0.1945
chr2,60781295,0.023599250117725065,0.0362,0.301587735849,0.1952
chr2,60781296,0.023599250042242056,0.036,0.301587735849,0.1742
chr2,60781297,0.023599249999590143,0.0358,0.301451102589,0.1699
chr2,60781298,0.023599249971402357,0.034,0.289767103348,0.1677
chr2,60781299,0.023599249951171047,0.0334,0.286320644217,0.1614
chr2,60781300,0.02359924993604536,0.0322,0.281389552239,0.1574
chr2,60781301,0.023599249924593564,0.03,0.277148902821,0.1424
chr2,60781302,0.02359924991603748,0.0306,0.277721765914,0.1279
chr2,60781303,0.023599249909938756,0.0304,0.27739012987,0.1295
chr2,60781304,0.02359924990605374,0.029,0.274979233227,0.133
chr2,60781305,0.02359924990425966,0.029,0.274979233227,0.1387
chr2,60781306,0.023599249904514168,0.0302,0.277148902821,0.1509
chr2,60781307,0.023599249906829513,0.029,0.274979233227,0.1539
chr2,60781308,0.02359924991125299,0.0286,0.274979233227,0.1669
chr2,60781309,0.023599249917849775,0.0288,0.274979233227,0.1843
chr2,60781310,0.02359924992668682,0.0288,0.274979233227,0.2041
chr2,60781311,0.023599249937817823,0.0288,0.274979233227,0.2225
chr2,60781312,0.023599249951270093,0.0286,0.274979233227,0.2691
chr2,60781313,0.023599249967034528,0.0276,0.274979233227,0.2975
chr2,60781314,0.023599249985059505,0.0272,0.274979233227,0.3254
chr2,60781315,0.023599250005249175,0.0278,0.274979233227,0.3931
chr2,60781316,0.02359925002746596,0.0278,0.274979233227,0.4007
chr2,60781317,0.023599250051536787,0.0288,0.274979233227,0.394
chr2,60781318,0.02359925007726144,0.0292,0.274979233227,0.3805
chr2,60781319,0.02359925010442258,0.0278,0.274979233227,0.3619
chr2,60781320,0.023599250132795714,0.0278,0.274979233227,0.3276
chr2,60781321,0.02359925016215829,0.0276,0.274979233227,0.2817
chr2,60781322,0.023599250192297493,0.0284,0.274979233227,0.2461
chr2,60781323,0.02359925022301663,0.0288,0.274979233227,0.1947
chr2,60781324,0.023599250254139663,0.0296,0.275821750663,0.1631
chr2,60781325,0.02359925028551512,0.0292,0.274979233227,0.139
chr2,60781326,0.023599250317018615,0.03,0.277148902821,0.114
chr2,60781327,0.02359925034855457,0.0306,0.277721765914,0.0851
chr2,60781328,0.023599250380056908,0.031,0.278952356557,0.0662
chr2,60781329,0.02359925041148937,0.0314,0.279119939271,0.06
chr2,60781330,0.023599250442844152,0.0322,0.281389552239,0.0503
chr2,60781331,0.02359925047413986,0.0328,0.284369200395,0.0451
chr2,60781332,0.023599250505418196,0.0338,0.288482507289,0.0393
chr2,60781333,0.023599250536738992,0.0352,0.298257597685,0.0366
chr2,60781334,0.023599250568172754,0.0364,0.301587735849,0.0355
chr2,60781335,0.023599250599789415,0.0372,0.305764155358,0.037
chr2,60781336,0.023599250631643663,0.0376,0.308042910448,0.0402
chr2,60781337,0.023599250663758422,0.036,0.301587735849,0.0467
chr2,60781338,0.023599250696110272,0.0362,0.301587735849,0.0529
chr2,60781339,0.023599250728621166,0.0362,0.301587735849,0.0628
chr2,60781340,0.023599250761158853,0.036,0.301587735849,0.0767
chr2,60781341,0.023599250793545523,0.036,0.301587735849,0.1008
chr2,60781342,0.023599250825571943,0.0358,0.301451102589,0.1359
chr2,60781343,0.023599250857014024,0.0358,0.301451102589,0.1782
chr2,60781344,0.02359925088764925,0.036,0.301587735849,0.2536
chr2,60781345,0.02359925091727167,0.036,0.301587735849,0.3423
chr2,60781346,0.023599250945704846,0.0376,0.308042910448,0.4196
chr2,60781347,0.023599250972812843,0.0388,0.315665585919,0.4926
chr2,60781348,0.02359925099850906,0.0396,0.320393367112,0.5412
chr2,60781349,0.0235992510227629,0.0392,0.318182994455,0.5727
chr2,60781350,0.023599251045604622,0.0404,0.32492032967,0.5746
chr2,60781351,0.023599251067129286,0.0404,0.32492032967,0.5628
chr2,60781352,0.023599251087501077,0.0408,0.326939781022,0.528
chr2,60781353,0.02359925110696005,0.0426,0.337666516245,0.4671
chr2,60781354,0.023599251125834674,0.0436,0.342501788909,0.402
chr2,60781355,0.023599251144565497,0.0454,0.348384010485,0.3192
chr2,60781356,0.02359925116375097,0.0472,0.352794893617,0.2452
chr2,60781357,0.0235992511842383,0.0482,0.356027333894,0.1962
chr2,60781358,0.023599251207313623,0.0488,0.357006247397,0.1623
chr2,60781359,0.02359925123513415,0.0488,0.357006247397,0.1342
chr2,60781360,0.023599251271837488,0.0494,0.357593648208,0.11
chr2,60781361,0.023599251326868555,0.0512,0.364100404858,0.0905
chr2,60781362,0.023599251426852427,0.0522,0.369417002417,0.0788
chr2,60781363,0.02359925166516921,0.053,0.372676140913,0.0729
chr2,60781364,0.02953152982050612,0.0212,0.236881679389,0.0668
chr2,60781365,0.029531530037225775,0.0234,0.258016949153,0.0677
chr2,60781366,0.029531530192689934,0.0254,0.267637072585,0.0661
chr2,60781367,0.029531530259038898,0.0272,0.274979233227,0.0659
chr2,60781368,0.02953153029489629,0.03,0.277148902821,0.0699
chr2,60781369,0.029531530317512253,0.0332,0.286001961746,0.0749
chr2,60781370,0.02953153033318343,0.0344,0.292325108853,0.0822
chr2,60781371,0.029531530344699814,0.0346,0.293456784162,0.0937
chr2,60781372,0.029531530353485165,0.0356,0.3001987518,0.1421
chr2,60781373,0.029531530360341774,0.036,0.301587735849,0.2426
chr2,60781374,0.0295315303657572,0.0364,0.301587735849,0.3664
chr2,60781375,0.02953153037004813,0.0362,0.301587735849,0.4812
chr2,60781376,0.029531530373433847,0.0364,0.301587735849,0.5575
chr2,60781377,0.0295315303760764,0.0364,0.301587735849,0.587
chr2,60781378,0.029531530378103507,0.0364,0.301587735849,0.5694
chr2,60781379,0.02953153037962169,0.0364,0.301587735849,0.5119
chr2,60781440,-0.011280966302164366,0.4468,0.802130212592,0.6506
chr2,60781441,-0.011280966304879536,0.4468,0.802130212592,0.7353
chr2,60781442,-0.011280966307938876,0.4468,0.802130212592,0.7795
chr2,60781443,-0.011280966311326756,0.4468,0.802130212592,0.8036
chr2,60781444,-0.011280966315017264,0.4466,0.802130212592,0.7913
chr2,60781445,-0.011280966318975572,0.4468,0.802130212592,0.7465
chr2,60781446,-0.011280966323159915,0.4468,0.802130212592,0.6808
chr2,60781447,-0.01128096632752384,0.4442,0.799423463115,0.5844
chr2,60781448,-0.01128096633201852,0.441,0.7960296989,0.4747
chr2,60781449,-0.011280966336594889,0.4406,0.795634728076,0.3625
chr2,60781450,-0.011280966341205427,0.4384,0.792884678748,0.3088
chr2,60781451,-0.011280966345805554,0.4364,0.790406888018,0.2699
chr2,60781452,-0.011280966350354606,0.4328,0.787540868124,0.2384
chr2,60781453,-0.011280966354816617,0.4296,0.785735404114,0.1734
chr2,60781454,-0.01128096635916077,0.424,0.785735404114,0.1532
chr2,60781455,-0.011280966363361747,0.421,0.785100859964,0.1318
chr2,60781456,-0.01128096636739993,0.4206,0.785021676761,0.115
chr2,60781457,-0.01128096637126149,0.4172,0.782333511263,0.1038
chr2,60781458,-0.011280966374938266,0.4158,0.782333511263,0.0952
chr2,60781459,-0.011280966378427414,0.4162,0.782333511263,0.0778
chr2,60781460,-0.011280966381730744,0.417,0.782333511263,0.0731
chr2,60781461,-0.011280966384853717,0.4162,0.782333511263,0.0668
chr2,60781462,-0.011280966387804136,0.4136,0.782333511263,0.0609
chr2,60781463,-0.01128096639059056,0.4122,0.782333511263,0.055
chr2,60781464,-0.011280966393220545,0.4126,0.782333511263,0.0519
chr2,60781465,-0.011280966395698894,0.4112,0.782333511263,0.0503
chr2,60781466,-0.011280966398026072,0.411,0.782333511263,0.0471
chr2,60781467,-0.011280966400196909,0.408,0.782333511263,0.0465
chr2,60781468,-0.011280966402199803,0.4036,0.781869675289,0.0478
chr2,60781469,-0.011280966404016457,0.3968,0.780623146393,0.0484
chr2,60781470,-0.01128096640562224,0.3956,0.780623146393,0.049
chr2,60781471,-0.011280966406987026,0.3954,0.780623146393,0.0533
chr2,60781472,-0.011280966408076442,0.3944,0.780623146393,0.0568
chr2,60781473,-0.01128096640885319,0.393,0.780623146393,0.0604
chr2,60781474,-0.01128096640927808,0.3912,0.780578255946,0.0643
chr2,60781475,-0.011280966409310218,0.3898,0.780222095672,0.0668
chr2,60781476,-0.011280966408905486,0.389,0.779820246519,0.068
chr2,60781477,-0.011280966408012178,0.3882,0.779463172319,0.0682
chr2,60781478,-0.011280966406561498,0.3888,0.779686265555,0.0683
chr2,60781479,-0.01128096640444823,0.3882,0.779463172319,0.0681
chr2,60781480,-0.011280966401490448,0.3884,0.779463172319,0.0683
chr2,60781481,-0.011280966397339056,0.3886,0.779463172319,0.0699
chr2,60781482,-0.01128096639124355,0.388,0.779463172319,0.0721
chr2,60781483,-0.01128096638130835,0.3884,0.779463172319,0.071
chr2,60781484,-0.01128096636116965,0.3848,0.776630127542,0.0752
chr2,60781485,-0.0028221806829527,0.883,0.950827305051,0.0844
chr2,60781486,0.002866747481512516,0.7376,0.897402573175,0.0947
chr2,60781487,0.0028667477598536477,0.7366,0.897402573175,0.1121
chr2,60781488,0.002866747903336229,0.736,0.897402573175,0.1252
chr2,60781489,0.0028667479929503303,0.7342,0.897402573175,0.1423
chr2,60781490,0.002866748055550885,0.7318,0.897402573175,0.1613
chr2,60781491,0.0028667481026922515,0.7334,0.897402573175,0.1782
chr2,60781492,0.0028667481402406,0.733,0.897402573175,0.2266
chr2,60781493,0.002866748171571355,0.7332,0.897402573175,0.2812
chr2,60781494,0.002866748198854738,0.732,0.897402573175,0.3417
chr2,60781495,0.0028667482236485347,0.732,0.897402573175,0.3494
chr2,60781496,0.002866748247204834,0.7276,0.897402573175,0.2954
chr2,60781497,0.0028667482706479373,0.7244,0.897402573175,0.2898
chr2,60781498,0.002866748295092721,0.7236,0.897402573175,0.3259
chr2,60781499,0.0028667483217378695,0.7206,0.897402573175,0.3101
chr2,60781500,0.002866748351953654,0.7224,0.897402573175,0.3547
chr2,60781501,0.002866748387378234,0.722,0.897402573175,0.3364
chr2,60781502,0.0028667484300361405,0.7214,0.897402573175,0.312
chr2,60781503,0.0028667484824952986,0.7232,0.897402573175,0.2985
chr2,60781504,0.00286674854810776,0.7216,0.897402573175,0.292
chr2,60781505,0.0028667486313881693,0.7236,0.897402573175,0.2444
chr2,60781506,0.002866748738694458,0.7244,0.897402573175,0.2373
chr2,60781507,0.002866748879559537,0.7214,0.897402573175,0.2297
chr2,60781508,0.002866749069547194,0.719,0.897402573175,0.2238
chr2,60781509,0.0028667493370319016,0.7196,0.897402573175,0.2202
chr2,60781510,0.0028667497411129375,0.7212,0.897402573175,0.2505
chr2,60781511,0.00286675042473089,0.7228,0.897402573175,0.2428
chr2,60781512,0.002866751801287354,0.7216,0.897402573175,0.2296
chr2,60781513,0.0028667562200902245,0.7226,0.897402573175,0.1848
chr2,60781514,0.002866824731349916,0.7206,0.897402573175,0.1524
chr2,60781515,0.005054151688589686,0.5738,0.897402573175,0.1252
chr2,60781516,0.005054160025097134,0.572,0.897402573175,0.1152
chr2,60781517,0.005054161957859667,0.5716,0.897402573175,0.1039
chr2,60781518,0.005054162877350556,0.5724,0.897402573175,0.0955
chr2,60781519,0.005054163419052387,0.5716,0.897402573175,0.0861
chr2,60781520,0.005054163783006239,0.5716,0.897402573175,0.0717
chr2,60781521,0.005054164050210077,0.5716,0.897402573175,0.0654
chr2,60781522,0.005054164257995266,0.5738,0.897402573175,0.0594
chr2,60781523,0.005054164425629599,0.572,0.897402573175,0.0556
chr2,60781524,0.005054164564052963,0.5718,0.897402573175,0.0505
chr2,60781525,0.00505416468003071,0.572,0.897402573175,0.0486
chr2,60781526,0.005054164778079552,0.5734,0.897402573175,0.0477
chr2,60781527,0.0050541648614620465,0.5712,0.897402573175,0.0469
chr2,60781528,0.005054164932703208,0.5734,0.897402573175,0.0509
chr2,60781529,0.005054164993855609,0.5704,0.897402573175,0.0525
chr2,60781530,0.00505416504663148,0.5698,0.897402573175,0.0556
chr2,60781531,0.005054165092469374,0.5692,0.897402573175,0.0583
chr2,60781532,0.005054165132571913,0.5714,0.897402573175,0.0612
chr2,60781533,0.005054165167936411,0.572,0.897402573175,0.0635
chr2,60781534,0.0050541651993814005,0.5726,0.897402573175,0.0663
chr2,60781535,0.005054165227572918,0.5728,0.897402573175,0.0665
chr2,60781536,0.005054165253049214,0.5744,0.897402573175,0.0666
chr2,60781537,0.005054165276242615,0.5732,0.897402573175,0.0629
chr2,60781538,0.0050541652974983925,0.574,0.897402573175,0.0592
chr2,60781539,0.005054165317089759,0.5744,0.897402573175,0.0585
chr2,60781540,0.00505416533523022,0.5714,0.897402573175,0.0594
chr2,60781541,0.005054165352083093,0.5712,0.897402573175,0.0615
chr2,60781542,0.005054165367769565,0.571,0.897402573175,0.0672
chr2,60781543,0.0050541653823757806,0.5694,0.897402573175,0.0692
chr2,60781544,0.005054165395959154,0.5686,0.897402573175,0.0709
chr2,60781545,0.005054165408554297,0.567,0.897402573175,0.0732
chr2,60781546,0.005054165420178357,0.567,0.897402573175,0.0812
chr2,60781547,0.005054165430835898,0.5674,0.897402573175,0.0849
chr2,60781548,0.005054165440523073,0.566,0.897402573175,0.0909
chr2,60781549,0.005054165449231587,0.5716,0.897402573175,0.1036
chr2,60781550,0.005054165456952644,0.5716,0.897402573175,0.1015
chr2,60781551,0.005054165463681446,0.5718,0.897402573175,0.0957
chr2,60781552,0.005054165469423268,0.571,0.897402573175,0.1015
chr2,60781553,0.005054165474201322,0.572,0.897402573175,0.1065
chr2,60781554,0.005054165478066812,0.5714,0.897402573175,0.1173
chr2,60781555,0.005054165481110292,0.5702,0.897402573175,0.1293
chr2,60781556,0.0050541654834718045,0.5704,0.897402573175,0.1579
chr2,60781557,0.005054165485345567,0.5692,0.897402573175,0.1759
chr2,60781558,0.005054165486974494,0.57,0.897402573175,0.2055
chr2,60781559,0.005054165488632321,0.5724,0.897402573175,0.2315
chr2,60781560,0.005054165490596759,0.576,0.897402573175,0.2567
chr2,60781561,0.005054165493122421,0.5784,0.897402573175,0.2884
chr2,60781562,0.005054165496422535,0.5824,0.897402573175,0.366
chr2,60781563,0.005054165500665144,0.5844,0.897402573175,0.3953
chr2,60781564,0.005054165505981842,0.589,0.897402573175,0.4224
chr2,60781565,0.0050541655124834075,0.5902,0.897402573175,0.4403
chr2,60781566,0.005054165520275953,0.5958,0.897402573175,0.4488
chr2,60781567,0.005054165529471888,0.596,0.897402573175,0.4447
chr2,60781568,0.0050541655401918646,0.5998,0.897402573175,0.4321
chr2,60781569,0.00505416555255483,0.6002,0.897402573175,0.4731
chr2,60781570,0.005054165566654955,0.6012,0.897402573175,0.433
chr2,60781571,0.005054165582527238,0.6024,0.897402573175,0.3913
chr2,60781572,0.005054165600109542,0.604,0.897402573175,0.3489
chr2,60781573,0.00505416561921586,0.6072,0.897402573175,0.3058
chr2,60781574,0.005054165639538061,0.6108,0.897402573175,0.2646
chr2,60781575,0.005054165660684412,0.6116,0.897402573175,0.2239
chr2,60781576,0.005054165682246433,0.6098,0.897402573175,0.1875
chr2,60781577,0.005054165703868402,0.6128,0.897402573175,0.1614
chr2,60781578,0.005054165725297528,0.6144,0.897402573175,0.1433
chr2,60781579,0.005054165746402327,0.6192,0.897402573175,0.128
chr2,60781580,0.005054165767165506,0.6196,0.897402573175,0.1184
chr2,60781581,0.005054165787662916,0.6222,0.897402573175,0.1139
chr2,60781582,0.005054165808038933,0.6264,0.897402573175,0.107
chr2,60781583,0.004666128096174685,0.6462,0.897402573175,0.1072
chr2,60781584,0.0046661280735473525,0.6456,0.897402573175,0.1112
chr2,60781585,0.004666128062256576,0.6478,0.897402573175,0.1195
chr2,60781586,0.004666128055937143,0.6496,0.897402573175,0.145
chr2,60781587,0.004666128051746489,0.6516,0.897402573175,0.1499
chr2,60781588,0.004666128048735209,0.6508,0.897402573175,0.1566
chr2,60781589,0.004666128046510918,0.6502,0.897402573175,0.1592
chr2,60781590,0.004666128044878934,0.6524,0.897402573175,0.1605
chr2,60781591,0.004666128043724576,0.6516,0.897402573175,0.1535
chr2,60781592,0.004666128042967922,0.6542,0.897402573175,0.1497
chr2,60781593,0.004666128042544704,0.6562,0.897402573175,0.1459
chr2,60781594,0.004666128042398072,0.6582,0.897402573175,0.1382
chr2,60781595,0.004666128042475372,0.6636,0.897402573175,0.13
chr2,60781596,0.004666128042727286,0.6666,0.897402573175,0.1239
chr2,60781597,0.00466612804310806,0.669,0.897402573175,0.1226
chr2,60781598,0.004666128043576172,0.6696,0.897402573175,0.1353
chr2,60781599,0.004666128044094949,0.6696,0.897402573175,0.1473
chr2,60781600,0.004666128044633152,0.6696,0.897402573175,0.1714
chr2,60781601,0.004666128045165258,0.6696,0.897402573175,0.1827
chr2,60781602,0.004666128045671508,0.6696,0.897402573175,0.1708
chr2,60782141,0.018701299699505416,0.2506,0.676967756585,0.0715
chr2,60782142,0.018701299699736617,0.2506,0.676967756585,0.073
chr2,60782143,0.01870129969999004,0.2506,0.676967756585,0.0738
chr2,60782144,0.018701299700261916,0.2506,0.676967756585,0.0743
chr2,60782145,0.018701299700547163,0.2506,0.676967756585,0.0749
chr2,60782146,0.01870129970083948,0.2506,0.676967756585,0.0763
chr2,60782147,0.018701299701131453,0.2506,0.676967756585,0.0787
chr2,60782148,0.018701299701414795,0.2506,0.676967756585,0.0835
chr2,60782149,0.01870129970168066,0.2492,0.676967756585,0.092
chr2,60782150,0.018701299701919968,0.2478,0.676967756585,0.1018
chr2,60782151,0.018701299702123853,0.244,0.676967756585,0.1143
chr2,60782152,0.018701299702284135,0.2402,0.676967756585,0.1277
chr2,60782153,0.0187012997023937,0.2376,0.676967756585,0.1449
chr2,60782154,0.018701299702447022,0.238,0.676967756585,0.166
chr2,60782155,0.018701299702440482,0.2374,0.676967756585,0.1822
chr2,60782156,0.018701299702372654,0.2368,0.676967756585,0.1961
chr2,60782157,0.018701299702244465,0.2352,0.676967756585,0.2064
chr2,60782158,0.018701299702059235,0.2338,0.676967756585,0.2185
chr2,60782159,0.018701299701822497,0.2318,0.676967756585,0.22
chr2,60782160,0.018701299701541756,0.2298,0.676967756585,0.2149
chr2,60782161,0.018701299701226,0.229,0.676967756585,0.2044
chr2,60782162,0.018701299700885167,0.2286,0.676967756585,0.1948
chr2,60782163,0.018701299700529524,0.2276,0.676967756585,0.1806
chr2,60782164,0.0187012997001691,0.227,0.676967756585,0.1679
chr2,60782165,0.01870129969981313,0.2254,0.676967756585,0.1593
chr2,60782166,0.018701299699469688,0.2246,0.676967756585,0.1474
chr2,60782167,0.018701299699145506,0.2244,0.676967756585,0.1387
chr2,60782168,0.018701299698845864,0.2244,0.676967756585,0.1387
chr2,60782169,0.01870129969857471,0.2246,0.676967756585,0.1409
chr2,60782170,0.01870129969833481,0.224,0.676967756585,0.1465
chr2,60782171,0.018701299698127876,0.2252,0.676967756585,0.1615
chr2,60782172,0.018701299697954775,0.224,0.676967756585,0.1778
chr2,60782173,0.018701299697815633,0.2254,0.676967756585,0.2033
chr2,60782174,0.018701299697709884,0.2254,0.676967756585,0.2348
chr2,60782175,0.018701299697636325,0.2278,0.676967756585,0.2747
chr2,60782176,0.018701299697593102,0.228,0.676967756585,0.3108
chr2,60782177,0.018701299697577695,0.2304,0.676967756585,0.3545
chr2,60782178,0.018701299697586986,0.2304,0.676967756585,0.4106
chr2,60782179,0.018701299697617323,0.2304,0.676967756585,0.4955
chr2,60782180,0.018701299697664646,0.2308,0.676967756585,0.5502
chr2,60782181,0.018701299697724702,0.2306,0.676967756585,0.582
chr2,60782182,0.018701299697793213,0.2306,0.676967756585,0.5723
chr2,60782183,0.018701299697866103,0.2306,0.676967756585,0.5323
chr2,60782184,0.018701299697939686,0.2306,0.676967756585,0.4546
chr2,60782266,-0.0024257534720424317,0.9244,0.965256898471,0.2613
chr2,60782267,-0.0024257534667872656,0.9244,0.965256898471,0.2909
chr2,60782268,-0.0024257534608546744,0.9244,0.965256898471,0.3225
chr2,60782269,-0.00242575345425059,0.9244,0.965256898471,0.3505
chr2,60782270,-0.0024257534469940617,0.9244,0.965256898471,0.3862
chr2,60782271,-0.002425753439116447,0.9244,0.965256898471,0.4306
chr2,60782272,-0.0024257534306599796,0.9242,0.965256898471,0.4818
chr2,60782273,0.008722165178992254,0.4962,0.850101509985,0.5434
chr2,60782274,0.008722165309032534,0.496,0.850101509985,0.6145
chr2,60782275,0.008722165342894245,0.4946,0.850101509985,0.6955
chr2,60782276,0.008722165358955623,0.493,0.848808566948,0.7686
chr2,60782277,0.00872216536939283,0.4914,0.846717775162,0.8202
chr2,60782278,0.008722165377884275,0.489,0.843658285041,0.8619
chr2,60782279,0.008722165385949486,0.4866,0.840095242776,0.8862
chr2,60782280,0.008722165394337794,0.485,0.837827006294,0.7347
chr2,60782281,0.008722165403454852,0.4838,0.836988771792,0.7356
chr2,60782282,0.008722165413524914,0.4828,0.835423308048,0.7172
chr2,60782283,0.008722165424663478,0.482,0.83420336979,0.5211
chr2,60782284,0.008722165436915003,0.4802,0.831415771316,0.4713
chr2,60782285,0.008722165450275456,0.4798,0.830887015676,0.4121
chr2,60782286,0.008722165464707558,0.4802,0.831415771316,0.3336
chr2,60782287,0.008722165480151867,0.4784,0.828871177747,0.2648
chr2,60782288,0.008722165496534907,0.4786,0.829135910839,0.2022
chr2,60782289,0.008722165513774771,0.4784,0.828871177747,0.1497
chr2,60782290,0.00872216553178458,0.4778,0.827994968429,0.1107
chr2,60782291,0.008722165550474377,0.477,0.826690182536,0.0828
chr2,60782292,0.008722165569752409,0.4762,0.825466594296,0.0624
chr2,60782293,0.008722165589526383,0.4762,0.825466594296,0.052
chr2,60782294,0.008722165609706381,0.4756,0.824752097937,0.0427
chr2,60782295,0.008722165630207791,0.4754,0.824752097937,0.0365
chr2,60782296,0.00872216565095462,0.4744,0.823891239866,0.0325
chr2,60782297,0.008722165671882018,0.474,0.823891239866,0.0296
chr2,60782298,0.008722165692937451,0.4736,0.823723536984,0.0279
chr2,60782299,0.008722165714080464,0.474,0.823891239866,0.0269
chr2,60782300,0.008722165735281336,0.4738,0.823891239866,0.0262
chr2,60782301,0.008722165756519183,0.4736,0.823723536984,0.0256
chr2,60782302,0.008722165777779907,0.4736,0.823723536984,0.0253
chr2,60782303,0.008722165799054358,0.4732,0.823723536984,0.0251
chr2,60782304,0.008722165820336927,0.473,0.823723536984,0.0251
chr2,60782305,0.008722165841624071,0.4734,0.823723536984,0.0251
chr2,60782306,0.008722165862913718,0.4734,0.823723536984,0.0251
chr2,60782307,0.008722165884204552,0.4754,0.824752097937,0.0252
chr2,60782308,0.008722165905495781,0.4686,0.822109368757,0.0251
chr2,60782309,0.008722165926786844,0.458,0.814990375848,0.0252
chr2,60782310,0.008722165948076298,0.454,0.810088378708,0.0251
chr2,60782311,0.00872216596936271,0.4542,0.810198334518,0.0254
chr2,60782312,0.008722165990643519,0.454,0.810088378708,0.0256
chr2,60782313,0.008722166011914289,0.4544,0.81030822335,0.0259
chr2,60782314,0.008722166033167559,0.4542,0.810198334518,0.0262
chr2,60782315,0.00872216605439117,0.4538,0.810088378708,0.0263
chr2,60782316,0.00872216607556595,0.4536,0.810088378708,0.0272
chr2,60782317,0.008722166096662754,0.4534,0.810088378708,0.0282
chr2,60782318,0.008722166117639039,0.4532,0.810088378708,0.0301
chr2,60782319,0.008722166138435508,0.4538,0.810088378708,0.0331
chr2,60782320,0.008722166158973841,0.4538,0.810088378708,0.0351
chr2,60782321,0.008722166179156884,0.453,0.810088378708,0.0405
chr2,60782322,0.008722166198872486,0.4524,0.80953606357,0.0468
chr2,60782323,0.008722166218001114,0.4502,0.80674994899,0.0562
chr2,60782324,0.008722166236425553,0.4496,0.806085944677,0.0626
chr2,60782325,0.008722166254039519,0.4478,0.803350730262,0.076
chr2,60782326,0.008722166270752387,0.4472,0.802602227445,0.0939
chr2,60782327,0.008722166286489287,0.4466,0.802130212592,0.1172
chr2,60782328,0.008722166301188276,0.4462,0.80187262124,0.1434
chr2,60782329,0.008722166314797103,0.4468,0.802130212592,0.2128
chr2,60782330,0.008722166327271574,0.445,0.799961621124,0.2438
chr2,60782331,0.008722166338575801,0.4448,0.799847665848,0.2691
chr2,60782332,0.00872216634868371,0.4444,0.799701465014,0.2855
chr2,60782333,0.008722166357580616,0.4428,0.797803056724,0.2856
chr2,60782334,0.008722166365263523,0.4416,0.79653974122,0.3604
chr2,60782335,0.008722166371739237,0.441,0.7960296989,0.4576
chr2,60782336,0.008722166377019593,0.4402,0.795157651172,0.3999
chr2,60782337,0.008722166381113254,0.44,0.79504166238,0.333
chr2,60782338,0.008722166384013755,0.441,0.7960296989,0.2635
chr2,60782339,0.008722166385683213,0.4414,0.796342543139,0.2018
chr2,60782340,0.008722166386030817,0.4412,0.796227062571,0.151
chr2,60782341,0.008722166384885011,0.4414,0.796342543139,0.1096
chr2,60782342,0.008722166381957804,0.4414,0.796342543139,0.0823
chr2,60782343,0.008722166376801368,0.442,0.796852098943,0.0636
chr2,60782344,0.008722166368760907,0.4418,0.796736858316,0.0498
chr2,60782345,0.008722166356938578,0.4412,0.796227062571,0.0423
chr2,60782346,0.008722166340202288,0.4408,0.7959140625,0.0375
chr2,60782347,0.008722166317294382,0.4406,0.795634728076,0.0337
chr2,60782348,0.008722166287093448,0.4392,0.793759440272,0.031
chr2,60782349,0.008722166249003155,0.4402,0.795157651172,0.0299
chr2,60782350,0.00872216620329693,0.442,0.796852098943,0.0304
chr2,60782351,0.00872216615120602,0.4336,0.788203304078,0.0298
chr2,60782352,0.00872216609460057,0.4266,0.785735404114,0.0307
chr2,60782353,0.008722166035544762,0.424,0.785735404114,0.0331
chr2,60782354,0.008722165975948304,0.423,0.785735404114,0.036
chr2,60782355,0.008722165917420812,0.4232,0.785735404114,0.0407
chr2,60782356,0.008722165861269993,0.4236,0.785735404114,0.0435
chr2,60782357,0.008722165808550614,0.4246,0.785735404114,0.0502
chr2,60782358,0.008722165760110354,0.4252,0.785735404114,0.0615
chr2,60782359,0.00872216571660134,0.4248,0.785735404114,0.0752
chr2,60782360,0.008722165678486785,0.425,0.785735404114,0.0803
chr2,60782361,0.008722165646038251,0.4246,0.785735404114,0.0991
chr2,60782362,0.008722165619298972,0.4244,0.785735404114,0.1262
chr2,60782363,0.008722165598105952,0.4232,0.785735404114,0.1539
chr2,60782364,0.008722165582107986,0.4218,0.785735404114,0.187
chr2,60782365,0.008722165570810488,0.4232,0.785735404114,0.2214
chr2,60782366,0.008722165563638147,0.4248,0.785735404114,0.2553
chr2,60782367,0.008722165559999058,0.4228,0.785735404114,0.2867
chr2,60782368,0.008722165559335035,0.4202,0.784858889834,0.3154
chr2,60782369,0.00872216556115115,0.4184,0.782828717512,0.334
chr2,60782370,0.008722165565026028,0.4172,0.782333511263,0.352
chr2,60782371,0.008722165570609093,0.4176,0.782498826541,0.3559
chr2,60782372,0.008722165577611334,0.4162,0.782333511263,0.3509
chr2,60782373,0.00872216558579439,0.4162,0.782333511263,0.3319
chr2,60782374,0.008722165594960423,0.416,0.782333511263,0.3074
chr2,60782375,0.00872216560494397,0.4152,0.782333511263,0.2782
chr2,60782376,0.008722165615605626,0.4154,0.782333511263,0.2419
chr2,60782377,0.008722165626827426,0.414,0.782333511263,0.2028
chr2,60782378,0.008722165638509267,0.4132,0.782333511263,0.1668
chr2,60782379,0.00872216565056628,0.4126,0.782333511263,0.1322
chr2,60782380,0.008722165662926593,0.4122,0.782333511263,0.1028
chr2,60782381,0.008722165675529433,0.412,0.782333511263,0.0799
chr2,60782382,0.008722165688323527,0.4108,0.782333511263,0.0653
chr2,60782383,0.008722165701265648,0.4108,0.782333511263,0.0595
chr2,60782384,0.008722165714319415,0.4092,0.782333511263,0.0489
chr2,60782385,0.008722165727454066,0.4098,0.782333511263,0.0404
chr2,60782386,0.008722165740643266,0.4092,0.782333511263,0.0366
chr2,60782387,0.0087221657538637,0.4104,0.782333511263,0.0339
chr2,60782388,0.008722165767093639,0.4076,0.782333511263,0.0324
chr2,60782389,0.008722165780311252,0.4038,0.781869675289,0.0321
chr2,60782390,0.008722165793492795,0.4,0.780969317678,0.0332
chr2,60782391,0.0087221658066108,0.3994,0.78062323356,0.035
chr2,60782392,0.008722165819632281,0.401,0.780969317678,0.0377
chr2,60782393,0.008722165832517307,0.3986,0.780623146393,0.0412
chr2,60782394,0.008722165845217832,0.3972,0.780623146393,0.0471
chr2,60782395,0.008722165857677117,0.3978,0.780623146393,0.055
chr2,60782396,0.008722165869829893,0.3972,0.780623146393,0.0659
chr2,60782397,0.008722165881603287,0.3972,0.780623146393,0.0802
chr2,60782398,0.00872216589291857,0.397,0.780623146393,0.0995
chr2,60782399,0.008722165903693702,0.3958,0.780623146393,0.122
chr2,60782400,0.008722165913846414,0.3948,0.780623146393,0.1478
chr2,60782401,0.008722165923297697,0.3948,0.780623146393,0.1762
chr2,60782402,0.008722165931975348,0.394,0.780623146393,0.2043
chr2,60782403,0.008722165939817336,0.393,0.780623146393,0.2379
chr2,60782404,0.008722165946774711,0.39,0.780222095672,0.2613
chr2,60782405,0.008722165952813776,0.3898,0.780222095672,0.2794
chr2,60782406,0.008722165957917498,0.3886,0.779463172319,0.2883
chr2,60782407,0.008722165962085998,0.3886,0.779463172319,0.2914
chr2,60782408,0.008722165965336164,0.3882,0.779463172319,0.2411
chr2,60782409,0.008722165967700434,0.3874,0.778924107143,0.2269
chr2,60782410,0.008722165969224838,0.386,0.777622433765,0.204
chr2,60782411,0.008722165969966531,0.3852,0.777080280234,0.1839
chr2,60782412,0.00872216596999089,0.3852,0.777080280234,0.1614
chr2,60782413,0.008722165969368615,0.3828,0.774908608966,0.1211
chr2,60782414,0.008722165968172883,0.3812,0.774902630365,0.0936
chr2,60782415,0.008722165966476837,0.3802,0.774902630365,0.0806
chr2,60782416,0.00872216596435152,0.3824,0.774902630365,0.0666
chr2,60782417,0.008722165961864169,0.3818,0.774902630365,0.0558
chr2,60782418,0.008722165959076909,0.3828,0.774908608966,0.0486
chr2,60782419,0.008722165956045655,0.3832,0.775360903122,0.0435
chr2,60782420,0.008722165952819301,0.3842,0.776268797425,0.0391
chr2,60782421,0.008722165949439021,0.3862,0.777668577324,0.0368
chr2,60782422,0.008722165945937766,0.3854,0.777215958668,0.035
chr2,60782423,0.008722165942340005,0.3864,0.777982118294,0.0352
chr2,60782424,0.00872216593866156,0.3882,0.779463172319,0.0341
chr2,60782425,0.008722165934909508,0.3848,0.776630127542,0.0371
chr2,60782426,0.008722165931081882,0.3854,0.777215958668,0.04
chr2,60782427,0.008722165927166958,0.3826,0.774908608966,0.049
chr2,60782428,0.008722165923141756,0.3814,0.774902630365,0.0586
chr2,60782429,0.008722165918969396,0.3812,0.774902630365,0.0723
chr2,60782430,0.008722165914594479,0.381,0.774902630365,0.0913
chr2,60782431,0.008722165909935855,0.3816,0.774902630365,0.1175
chr2,60782432,0.008722165904874731,0.381,0.774902630365,0.1517
chr2,60782433,0.008722165899235135,0.3818,0.774902630365,0.1954
chr2,60782434,0.008722165892750551,0.3808,0.774902630365,0.2467
chr2,60782435,0.008722165885004922,0.3822,0.774902630365,0.2965
chr2,60782436,0.008722165875324804,0.3804,0.774902630365,0.3428
chr2,60782437,0.008722165862581756,0.3806,0.774902630365,0.3821
chr2,60782438,0.00872216584486692,0.382,0.774902630365,0.4161
chr2,60782439,0.008722165819222031,0.3816,0.774902630365,0.4305
chr2,60782440,0.008722165782882662,0.383,0.775224129984,0.4122
chr2,60782441,0.008722165738910315,0.3828,0.774908608966,0.3714
chr2,60782442,0.008722165697834553,0.3826,0.774908608966,0.3419
chr2,60782443,0.008722165665510406,0.3844,0.776268797425,0.3
chr2,60782444,0.00872216564078801,0.3846,0.776494137931,0.2508
chr2,60782445,0.008722165621105822,0.3858,0.777487035337,0.206
chr2,60782446,0.008722165604572403,0.3846,0.776494137931,0.1677
chr2,60782447,0.008722165590011308,0.3824,0.774902630365,0.136
chr2,60782448,0.008722165576710487,0.3826,0.774908608966,0.1125
chr2,60782449,0.008722165564236788,0.3816,0.774902630365,0.0991
chr2,60782450,0.008722165552326253,0.3842,0.776268797425,0.0905
chr2,60782451,0.008722165540823452,0.3828,0.774908608966,0.087
chr2,60782452,0.008722165529646726,0.3844,0.776268797425,0.0863
chr2,60782453,0.008722165518768272,0.3854,0.777215958668,0.0842
chr2,60782454,0.008722165508200977,0.3874,0.778924107143,0.0912
chr2,60782455,0.008722165497986612,0.39,0.780222095672,0.1052
chr2,60782456,0.008722165488182436,0.3896,0.780222095672,0.1246
chr2,60782457,0.008722165478846237,0.3876,0.779058702369,0.1465
chr2,60782458,0.008722165470022998,0.3862,0.777668577324,0.1623
chr2,60782459,0.008722165461737213,0.3852,0.777080280234,0.2106
chr2,60782460,0.008722165453992846,0.3866,0.778117222413,0.2522
chr2,60782461,0.00872216544677933,0.3886,0.779463172319,0.293
chr2,60782462,0.00872216544007994,0.388,0.779463172319,0.2861
chr2,60782463,0.00872216543387935,0.3896,0.780222095672,0.3527
chr2,60782464,0.008722165428168555,0.3916,0.780578255946,0.3726
chr2,60782465,0.008722165422946999,0.3944,0.780623146393,0.3833
chr2,60782466,0.008722165418222202,0.3956,0.780623146393,0.3802
chr2,60782467,0.008722165414007372,0.3968,0.780623146393,0.3682
chr2,60782468,0.008722165410317572,0.3988,0.78062323356,0.3474
chr2,60782469,0.008722165407165104,0.3964,0.780623146393,0.314
chr2,60782470,0.008722165404555202,0.3974,0.780623146393,0.2852
chr2,60782471,0.008722165402483153,0.4,0.780969317678,0.2474
chr2,60782472,0.0087221654009339,0.4008,0.780969317678,0.1899
chr2,60782473,0.0087221653998837,0.4034,0.781869675289,0.164
chr2,60782474,0.008722165399302559,0.4052,0.781994185409,0.1379
chr2,60782475,0.008722165399156025,0.4068,0.782161378556,0.1147
chr2,60782476,0.008722165399405934,0.4072,0.782288964235,0.0935
chr2,60782477,0.008722165400010603,0.407,0.782161378556,0.0784
chr2,60782478,0.008722165400925307,0.4072,0.782288964235,0.0658
chr2,60782479,0.008722165402103533,0.408,0.782333511263,0.055
chr2,60782480,0.008722165403498917,0.4084,0.782333511263,0.0458
chr2,60782481,0.008722165405067482,0.4104,0.782333511263,0.0408
chr2,60782482,0.008722165406769677,0.4104,0.782333511263,0.0371
chr2,60782483,0.00872216540857173,0.4114,0.782333511263,0.0331
chr2,60782484,0.008722165410446151,0.4128,0.782333511263,0.0308
chr2,60782485,0.008722165412371457,0.4146,0.782333511263,0.0292
chr2,60782486,0.008722165414331334,0.4146,0.782333511263,0.0274
chr2,60782487,0.00872216541631354,0.4164,0.782333511263,0.0268
chr2,60782488,0.008722165418308728,0.4178,0.782539667306,0.0268
chr2,60782489,0.008722165420309376,0.4184,0.782828717512,0.0269
chr2,60782490,0.00872216542230877,0.4238,0.785735404114,0.0276
chr2,60782491,0.00872216542430013,0.428,0.785735404114,0.0292
chr2,60782492,0.008722165426275769,0.432,0.786492537313,0.0318
chr2,60782493,0.008722165428226415,0.4356,0.789364902507,0.0349
chr2,60782494,0.008722165430140493,0.4364,0.790406888018,0.0387
chr2,60782495,0.008722165432003513,0.437,0.791248840326,0.0485
chr2,60782496,0.008722165433797629,0.4376,0.79184547234,0.0595
chr2,60782497,0.0087221654355012,0.4374,0.791646676971,0.0754
chr2,60782498,0.008722165437088463,0.4386,0.793083075973,0.0957
chr2,60782499,0.008722165438529179,0.4376,0.79184547234,0.1204
chr2,60782500,0.008722165439787887,0.4374,0.791646676971,0.1544
chr2,60782501,0.008722165440822691,0.4392,0.793759440272,0.1926
chr2,60782502,0.008722165441582655,0.4406,0.795634728076,0.2332
chr2,60782503,0.008722165442003035,0.4402,0.795157651172,0.2868
chr2,60782504,0.008722165441996528,0.4424,0.797409543356,0.3761
chr2,60782505,0.008722165441437453,0.4452,0.800239255014,0.4503
chr2,60782506,0.008722165440132674,0.447,0.802407256004,0.5021
chr2,60782507,0.008722165437765423,0.45,0.806638432493,0.5226
chr2,60782508,0.008722165433778253,0.4522,0.809343081312,0.5256
chr2,60782509,0.008722165427101207,0.4538,0.810088378708,0.504
chr2,60782510,0.00872216541541604,0.4556,0.811624137931,0.4537
chr2,60782511,0.008722165392664108,0.4574,0.814087648191,0.3849
chr2,60782512,0.008722165336808377,0.4596,0.816514008294,0.3291
chr2,60782513,0.008722165074097288,0.4588,0.816083240506,0.2919
chr2,60782514,-0.004678293903729335,0.796,0.898223050238,0.2537
chr2,60782515,-0.004678293899726226,0.7972,0.898506919528,0.2173
chr2,60782516,-0.004678293896358356,0.7974,0.898506919528,0.2264
chr2,60782517,-0.004678293893626899,0.798,0.898506919528,0.2408
chr2,60782518,-0.004678293891492394,0.8004,0.899950454487,0.1998
chr2,60782519,-0.004678293889884878,0.8004,0.899950454487,0.1759
chr2,60782520,-0.00467829388871849,0.8004,0.899950454487,0.2033
chr2,60782521,-0.004678293887904582,0.8004,0.899950454487,0.1816
chr2,60782522,-0.004678293887360764,0.8004,0.899950454487,0.1614
chr2,60782523,-0.004678293887015813,0.8004,0.899950454487,0.1416
chr2,60784217,0.020481902417735443,0.4744,0.823891239866,0.4731
chr2,60784218,0.020481902416917785,0.4744,0.823891239866,0.5103
chr2,60784219,0.02048190241610365,0.4744,0.823891239866,0.532
chr2,60784220,0.020481902415314265,0.4744,0.823891239866,0.532
chr2,60784221,0.020481902414568945,0.4744,0.823891239866,0.5103
chr2,60784222,0.020481902413883694,0.4744,0.823891239866,0.4731
chr2,60784278,0.004146997293269591,0.7038,0.897402573175,0.1752
chr2,60784279,0.00414699729422419,0.7038,0.897402573175,0.2029
chr2,60784280,0.00414699729538121,0.7038,0.897402573175,0.2359
chr2,60784281,0.004146997296765014,0.7038,0.897402573175,0.2826
chr2,60784282,0.004146997298398492,0.7038,0.897402573175,0.3324
chr2,60784283,0.0041469973003019885,0.7038,0.897402573175,0.386
chr2,60784284,0.004146997302492314,0.7032,0.897402573175,0.4482
chr2,60784285,0.004146997304981898,0.7016,0.897402573175,0.5159
chr2,60784286,0.0041469973077780265,0.7018,0.897402573175,0.5878
chr2,60784287,0.004146997310882137,0.7024,0.897402573175,0.6392
chr2,60784288,0.004146997314289161,0.701,0.897402573175,0.5399
chr2,60784289,0.004146997317986953,0.7014,0.897402573175,0.5471
chr2,60784290,0.004146997321955991,0.7016,0.897402573175,0.5423
chr2,60784291,0.00414699732616956,0.7012,0.897402573175,0.5068
chr2,60784292,0.004146997330594622,0.6994,0.897402573175,0.4346
chr2,60784293,0.004146997335193511,0.696,0.897402573175,0.3513
chr2,60784294,0.00414699733992627,0.6956,0.897402573175,0.2951
chr2,60784295,0.00414699734475344,0.695,0.897402573175,0.2312
chr2,60784296,0.004146997349638751,0.695,0.897402573175,0.1844
chr2,60784297,0.004146997354551181,0.6952,0.897402573175,0.1405
chr2,60784298,0.004146997359466913,0.6948,0.897402573175,0.107
chr2,60784299,0.0041469973643691455,0.6934,0.897402573175,0.0807
chr2,60784300,0.0041469973692479754,0.694,0.897402573175,0.0639
chr2,60784301,0.0041469973740995165,0.6934,0.897402573175,0.0518
chr2,60784302,0.004146997378924833,0.6922,0.897402573175,0.0431
chr2,60784303,0.00414699738372903,0.6922,0.897402573175,0.0379
chr2,60784304,0.0041469973885207775,0.6922,0.897402573175,0.0344
chr2,60784305,0.004146997393312443,0.6952,0.897402573175,0.0326
chr2,60784306,0.0041469973981212134,0.691,0.897402573175,0.0306
chr2,60784307,0.004146997402970916,0.6846,0.897402573175,0.0297
chr2,60784308,0.004146997407894889,0.6762,0.897402573175,0.0303
chr2,60784309,0.004146997412939797,0.6728,0.897402573175,0.0315
chr2,60784310,0.0041469974181703294,0.6702,0.897402573175,0.0353
chr2,60784311,0.004146997423674683,0.6698,0.897402573175,0.0381
chr2,60784312,0.004146997429570702,0.668,0.897402573175,0.0406
chr2,60784313,0.004146997436012667,0.6666,0.897402573175,0.0468
chr2,60784314,0.004146997443198928,0.6656,0.897402573175,0.0559
chr2,60784315,0.0041469974513804195,0.6652,0.897402573175,0.0664
chr2,60784316,0.0041469974608728715,0.664,0.897402573175,0.0791
chr2,60784317,0.004146997472073932,0.663,0.897402573175,0.0915
chr2,60784318,0.004146997485491048,0.662,0.897402573175,0.1047
chr2,60784319,0.004146997501787177,0.663,0.897402573175,0.1195
chr2,60784320,0.004146997521862154,0.6642,0.897402573175,0.1275
chr2,60784321,0.004146997546999809,0.6634,0.897402573175,0.1333
chr2,60784322,0.004146997579146691,0.6626,0.897402573175,0.1346
chr2,60784323,0.00414699762147262,0.6618,0.897402573175,0.1334
chr2,60784324,0.004146997679593015,0.6618,0.897402573175,0.1262
chr2,60784325,0.004146997764527196,0.6612,0.897402573175,0.116
chr2,60784326,0.004146997900827136,0.6606,0.897402573175,0.1035
chr2,60784327,0.004146998152693551,0.661,0.897402573175,0.0945
chr2,60784328,0.00414699841498201,0.6592,0.897402573175,0.0862
chr2,60784329,0.017468734488911546,0.13,0.573299020839,0.0806
chr2,60784330,0.017468734973912443,0.1276,0.56943445122,0.0838
chr2,60784331,0.017468735218829006,0.1254,0.562331120756,0.0832
chr2,60784332,0.017468735336335285,0.1226,0.557027677186,0.0888
chr2,60784333,0.017468735403168775,0.1206,0.553669367486,0.0951
chr2,60784334,0.01746873544586696,0.1158,0.549199625869,0.0971
chr2,60784335,0.01746873547537895,0.1154,0.549025189599,0.1062
chr2,60784336,0.017468735496935534,0.1138,0.54391755102,0.1209
chr2,60784337,0.017468735513294534,0.112,0.537361376673,0.1349
chr2,60784338,0.017468735525999892,0.1118,0.536841716785,0.1448
chr2,60784339,0.017468735535933838,0.1108,0.535259075908,0.1492
chr2,60784340,0.01746873554357846,0.111,0.53534184514,0.1328
chr2,60784341,0.01746873554914541,0.111,0.53534184514,0.1455
chr2,60784342,0.017468735552638105,0.1116,0.536841716785,0.1563
chr2,60784343,0.017468735553875615,0.1112,0.535718047175,0.1648
chr2,60784344,0.01746873555249098,0.1118,0.536841716785,0.1491
chr2,60784345,0.017468735547907902,0.112,0.537361376673,0.1195
chr2,60784346,0.017468735539293224,0.112,0.537361376673,0.1115
chr2,60784347,0.01746873552547432,0.1118,0.536841716785,0.1077
chr2,60784348,0.017468735504795333,0.1098,0.533657166574,0.1096
chr2,60784349,0.017468735474852046,0.1112,0.535718047175,0.118
chr2,60784350,0.017468735431978487,0.1088,0.532480356645,0.1337
chr2,60784351,0.01746873537016193,0.1062,0.524726582278,0.1621
chr2,60784352,0.01746873527852814,0.1056,0.524328358209,0.1952
chr2,60784353,0.017468735134675117,0.1048,0.522957954545,0.2431
chr2,60784354,0.017468734885518786,0.1054,0.524328358209,0.2945
chr2,60784355,0.017468734420022124,0.1054,0.524328358209,0.3476
chr2,60784356,-0.003533503884164138,0.8284,0.913366769192,0.4069
chr2,60784357,-0.003533503885042007,0.8278,0.91322114056,0.4535
chr2,60784358,-0.0035335038858532253,0.8248,0.912668428005,0.4807
chr2,60784359,-0.003533503886599599,0.8264,0.912708501006,0.4979
chr2,60784360,-0.003533503887284668,0.8284,0.913366769192,0.4854
chr2,60784361,-0.0035335038879134853,0.8288,0.913521084337,0.4613
chr2,60784362,-0.0035335038884922614,0.8302,0.91437565839,0.4204
chr2,60784363,-0.0035335038890279458,0.8316,0.915105035701,0.3163
chr2,60784364,-0.0035335038895277704,0.8296,0.914058712834,0.2644
chr2,60784365,-0.0035335038899988536,0.8288,0.913521084337,0.2086
chr2,60784366,-0.003533503890447836,0.83,0.914270036373,0.1648
chr2,60784367,-0.003533503890880624,0.83,0.914270036373,0.1277
chr2,60784368,-0.0035335038913022077,0.83,0.914270036373,0.0993
chr2,60784369,-0.0035335038917165907,0.829,0.913684194014,0.0793
chr2,60784370,-0.003533503892126818,0.8284,0.913366769192,0.0642
chr2,60784371,-0.0035335038925350783,0.8262,0.912708501006,0.0503
chr2,60784372,-0.003533503892942858,0.8264,0.912708501006,0.0447
chr2,60784373,-0.00353350389335113,0.8244,0.912668428005,0.0428
chr2,60784374,-0.003533503893760546,0.827,0.912903242021,0.0403
chr2,60784375,-0.0035335038941716216,0.8284,0.913366769192,0.0403
chr2,60784376,-0.0035335038945849074,0.8266,0.912814598265,0.0411
chr2,60784377,-0.0035335038950011395,0.8276,0.913057848125,0.0433
chr2,60784378,-0.003533503895421388,0.828,0.913327053504,0.0469
chr2,60784379,-0.0035335038958471893,0.8266,0.912814598265,0.054
chr2,60784380,-0.0035335038962806776,0.8248,0.912668428005,0.0621
chr2,60784381,-0.003533503896724713,0.8254,0.912668428005,0.0727
chr2,60784382,-0.003533503897183006,0.827,0.912903242021,0.0836
chr2,60784383,-0.0035335038976602173,0.8272,0.912903242021,0.0996
chr2,60784384,-0.0035335038981620793,0.8282,0.913366769192,0.1141
chr2,60784385,-0.003533503898695484,0.8314,0.915066169559,0.1301
chr2,60784386,-0.003533503899268631,0.8306,0.914586822969,0.1441
chr2,60784387,-0.0035335038998912495,0.8308,0.914692365551,0.157
chr2,60784388,-0.0035335039005749596,0.8306,0.914586822969,0.1684
chr2,60784389,-0.003533503901333881,0.8336,0.915766089186,0.1761
chr2,60784390,-0.003533503902185639,0.8342,0.915852428277,0.1791
chr2,60784391,-0.003533503903153032,0.8326,0.915526417929,0.2091
chr2,60784392,-0.003533503904266726,0.8314,0.915066169559,0.2402
chr2,60784393,-0.0035335039055697983,0.8348,0.916224818795,0.2294
chr2,60784394,-0.003533503907125593,0.8334,0.915766089186,0.2149
chr2,60784395,-0.003533503909032189,0.834,0.915804576144,0.1934
chr2,60784396,-0.003533503911450929,0.8322,0.915430423347,0.1707
chr2,60784397,-0.0035335039146682547,0.8318,0.915105035701,0.1516
chr2,60784398,-0.003533503919246877,0.83,0.914270036373,0.1315
chr2,60784399,-0.0035335039264691665,0.8308,0.914692365551,0.1096
chr2,60784400,-0.0035335039400465687,0.8304,0.914481253918,0.0937
chr2,60784401,-0.0035335039774631216,0.8326,0.915526417929,0.0731
chr2,60784402,-0.01092005598999849,0.39,0.780222095672,0.0639
chr2,60784403,-0.010920055999452146,0.3906,0.780578255946,0.0579
chr2,60784404,-0.010920056008290043,0.3912,0.780578255946,0.0538
chr2,60784405,-0.01092005601626779,0.3956,0.780623146393,0.0494
chr2,60784406,-0.01092005602315655,0.399,0.78062323356,0.0481
chr2,60784407,-0.010920056028769528,0.4014,0.780969317678,0.0453
chr2,60784408,-0.010920056032975377,0.404,0.781869675289,0.049
chr2,60784409,-0.010920056035694984,0.4048,0.781954470472,0.0572
chr2,60784410,-0.010920056036883756,0.4064,0.782161378556,0.0685
chr2,60784411,-0.010920056036504415,0.4072,0.782288964235,0.0852
chr2,60784412,-0.010920056034494939,0.4082,0.782333511263,0.0963
chr2,60784413,-0.010920056030732837,0.4102,0.782333511263,0.1098
chr2,60784414,-0.010920056024993338,0.4106,0.782333511263,0.1211
chr2,60784415,-0.010920056016892924,0.4118,0.782333511263,0.1625
chr2,60784416,-0.010920056005802162,0.4136,0.782333511263,0.1819
chr2,60784417,-0.01092005599069564,0.4154,0.782333511263,0.2005
chr2,60784418,-0.010920055969872096,0.417,0.782333511263,0.2181
chr2,60784419,-0.010920055940395789,0.4186,0.78295272069,0.2293
chr2,60784420,-0.010920055896899521,0.4198,0.784361982768,0.2417
chr2,60784421,-0.01092005582879026,0.424,0.785735404114,0.2371
chr2,60784422,-0.010920055712643375,0.4244,0.785735404114,0.2362
chr2,60784423,-0.010920055485171944,0.4268,0.785735404114,0.2292
chr2,60784424,-0.010920054914366832,0.4312,0.786095277634,0.2119
chr2,60784425,0.011807725799170925,0.3114,0.710698873203,0.1918
chr2,60784426,0.01876387102739419,0.13,0.573299020839,0.1694
chr2,60784427,0.0187638710274843,0.1308,0.575526553106,0.1436
chr2,60784428,0.01876387102745965,0.132,0.578632393312,0.1188
chr2,60784429,0.018763871027323284,0.1332,0.581150074294,0.0988
chr2,60784430,0.018763871027081908,0.134,0.582313211282,0.0816
chr2,60784431,0.018763871026744913,0.135,0.583770310192,0.0677
chr2,60784432,0.018763871026323528,0.135,0.583770310192,0.0563
chr2,60784433,0.018763871025829902,0.1356,0.585932103321,0.0489
chr2,60784434,0.01876387102527632,0.1364,0.587798331698,0.042
chr2,60784435,0.01876387102467454,0.1376,0.589642351793,0.0371
chr2,60784436,0.018763871024035293,0.1384,0.589748911466,0.034
chr2,60784437,0.018763871023367937,0.1396,0.591280279316,0.0327
chr2,60784438,0.018763871022680397,0.1434,0.601581323143,0.0316
chr2,60784439,0.01876387102197919,0.1518,0.61931802366,0.0318
chr2,60784440,0.018763871021269623,0.1582,0.635397552131,0.0332
chr2,60784441,0.018763871020556037,0.163,0.640869215292,0.0342
chr2,60784442,0.018763871019842115,0.1632,0.640869215292,0.0373
chr2,60784443,0.018763871019131156,0.1658,0.641439490446,0.0448
chr2,60784444,0.01876387101842632,0.1666,0.641439490446,0.0545
chr2,60784445,0.018763871017730808,0.167,0.641439490446,0.0667
chr2,60784446,0.018763871017047982,0.1668,0.641439490446,0.0806
chr2,60784447,0.01876387101638143,0.168,0.641439490446,0.1037
chr2,60784448,0.018763871015734932,0.1672,0.641439490446,0.1686
chr2,60784449,0.018763871015112392,0.1698,0.641439490446,0.2172
chr2,60784450,0.018763871014517694,0.172,0.641439490446,0.2772
chr2,60784451,0.018763871013954558,0.1726,0.641735818145,0.3371
chr2,60784452,0.018763871013426366,0.1734,0.641735818145,0.3961
chr2,60784453,0.01876387101293596,0.1736,0.641735818145,0.4462
chr2,60784454,0.018763871012485514,0.174,0.641735818145,0.4867
chr2,60784455,0.018763871012076435,0.174,0.641735818145,0.5183
chr2,60784456,0.01876387101170931,0.174,0.641735818145,0.516
chr2,60784457,0.01876387101138387,0.174,0.641735818145,0.4816
chr2,60784458,0.018763871011099092,0.174,0.641735818145,0.4365
chr2,60784514,0.01724646272520928,0.6508,0.897402573175,0.3244
chr2,60784579,0.029852478190727616,0.2188,0.676967756585,0.1339
chr2,60784580,0.029852478191090107,0.2188,0.676967756585,0.1332
chr2,60784581,0.02985247819149525,0.2188,0.676967756585,0.1276
chr2,60784582,0.02985247819194084,0.2188,0.676967756585,0.1187
chr2,60784583,0.02985247819242368,0.2188,0.676967756585,0.1094
chr2,60784584,0.029852478192939815,0.2188,0.676967756585,0.0976
chr2,60784585,0.0298524781934847,0.2188,0.676967756585,0.0902
chr2,60784586,0.029852478194053515,0.2188,0.676967756585,0.085
chr2,60784587,0.029852478194641346,0.2188,0.676967756585,0.0833
chr2,60784588,0.02985247819524332,0.2188,0.676967756585,0.0861
chr2,60784589,0.0298524781958547,0.2166,0.676967756585,0.0936
chr2,60784590,0.029852478196470907,0.2138,0.676967756585,0.1086
chr2,60784591,0.029852478197087477,0.2148,0.676967756585,0.1306
chr2,60784592,0.029852478197699976,0.2164,0.676967756585,0.1574
chr2,60784593,0.029852478198303934,0.2164,0.676967756585,0.1906
chr2,60784594,0.029852478198894826,0.2162,0.676967756585,0.2306
chr2,60784595,0.02985247819946797,0.2164,0.676967756585,0.2758
chr2,60784596,0.029852478200018684,0.2164,0.676967756585,0.3162
chr2,60784597,0.029852478200542293,0.2164,0.676967756585,0.3519
chr2,60784598,0.029852478201034354,0.2164,0.676967756585,0.3713
chr2,60784599,0.02985247820149086,0.2164,0.676967756585,0.3784
chr2,60784600,0.029852478201908447,0.2164,0.676967756585,0.3701
chr2,60784601,0.029852478202284673,0.2164,0.676967756585,0.3481
chr2,60787896,0.007698908063572124,0.552,0.893206464018,0.1842
chr2,60787897,0.007698908063287495,0.552,0.893206464018,0.202
chr2,60787898,0.007698908062947733,0.552,0.893206464018,0.2146
chr2,60787899,0.00769890806254848,0.552,0.893206464018,0.2207
chr2,60787900,0.00769890806208633,0.552,0.893206464018,0.2185
chr2,60787901,0.007698908061559012,0.552,0.893206464018,0.2101
chr2,60787902,0.00769890806096543,0.552,0.893206464018,0.1515
chr2,60787903,0.007698908060305669,0.5518,0.893206464018,0.1419
chr2,60787904,0.007698908059580876,0.5522,0.893206464018,0.132
chr2,60787905,0.00769890805879304,0.5512,0.893206464018,0.1216
chr2,60787906,0.007698908057944648,0.5502,0.893206464018,0.1156
chr2,60787907,0.007698908057038279,0.5464,0.893206464018,0.1109
chr2,60787908,0.007698908056076092,0.5464,0.893206464018,0.1114
chr2,60787909,0.007698908055059333,0.5452,0.893206464018,0.115
chr2,60787910,0.007698908053987788,0.5394,0.888795590994,0.1215
chr2,60787911,0.007698908052859298,0.5342,0.884458761429,0.1148
chr2,60787912,0.007698908051669339,0.5318,0.882564909297,0.1342
chr2,60787913,0.007698908050410675,0.5314,0.8823997354,0.153
chr2,60787914,0.0076989080490731275,0.5314,0.8823997354,0.1705
chr2,60787915,0.007698908047643486,0.5298,0.881828579551,0.1581
chr2,60787916,0.007698908046105671,0.5288,0.880831863442,0.1712
chr2,60787917,0.007698908044441282,0.5276,0.879750142342,0.182
chr2,60787918,0.007698908042630835,0.5268,0.879167537278,0.1874
chr2,60787919,0.0076989080406559595,0.5248,0.877915428571,0.1892
chr2,60787920,0.007698908038502866,0.5206,0.873051269811,0.1867
chr2,60787921,0.007698908036167048,0.519,0.871199827982,0.1529
chr2,60787922,0.007698908033658634,0.5166,0.8680006696,0.1424
chr2,60787923,0.007698908031006896,0.5156,0.86715419219,0.1343
chr2,60787924,0.007698908028261592,0.5146,0.866879159873,0.126
chr2,60787925,0.007698908025489326,0.5128,0.865423904689,0.1171
chr2,60787926,0.0076989080227649045,0.51,0.863352929838,0.1105
chr2,60787927,-0.0023631007231787217,0.9114,0.965254205607,0.1055
chr2,60787928,-0.0023631006719599485,0.9102,0.96409955979,0.1
chr2,60787929,-0.0023631006212703853,0.9074,0.962178146695,0.0989
chr2,60787930,-0.0023631005711945213,0.909,0.963176992218,0.0939
chr2,60787931,-0.0023631005218093817,0.9084,0.962657375566,0.0926
chr2,60787932,-0.0023631004731850752,0.909,0.963176992218,0.0906
chr2,60787933,-0.002363100425385349,0.91,0.963945844892,0.0898
chr2,60787934,-0.002363100378467937,0.9082,0.962561576057,0.0889
chr2,60787935,-0.0023631003324845945,0.9074,0.962178146695,0.0923
chr2,60787936,-0.0023631002874807704,0.906,0.961582170683,0.0942
chr2,60787937,-0.0023631002434949017,0.9078,0.962427993723,0.094
chr2,60787938,-0.002363100200557693,0.903,0.961240108893,0.0934
chr2,60787939,-0.0023631001586906096,0.9016,0.961240108893,0.0927
chr2,60787940,-0.0023631001179051396,0.902,0.961240108893,0.0911
chr2,60787941,-0.002363100078202593,0.902,0.961240108893,0.0877
chr2,60787942,-0.0023631000395748906,0.8998,0.960672684172,0.0861
chr2,60787943,-0.002363100002007052,0.8984,0.959644612017,0.0825
chr2,60787944,-0.002363099965480817,0.8976,0.959198393867,0.0801
chr2,60787945,-0.002363099929979414,0.8958,0.958149251005,0.0789
chr2,60787946,-0.0023630998954927,0.8944,0.957293035159,0.0779
chr2,60787947,-0.00236309986202223,0.8976,0.959198393867,0.0793
chr2,60787948,-0.0023630998295855682,0.8958,0.958149251005,0.0898
chr2,60787949,-0.002363099798218961,0.8962,0.958168665165,0.0918
chr2,60787950,-0.00236309976797881,0.895,0.957701797137,0.0988
chr2,60787951,-0.002363099738941652,0.8952,0.95785745614,0.0922
chr2,60787952,-0.0023630997112031008,0.8946,0.957448757007,0.0992
chr2,60787953,-0.002363099684876232,0.8958,0.958149251005,0.1077
chr2,60787954,-0.002363099660090072,0.8964,0.958324163116,0.1221
chr2,60787955,-0.0023630996369888523,0.8994,0.960420755061,0.1331
chr2,60787956,-0.022636239605378066,0.088,0.474001839926,0.1454
chr2,60787957,-0.02263623961564686,0.0884,0.47542743417,0.1577
chr2,60787958,-0.022636239623568553,0.0882,0.474787925222,0.1724
chr2,60787959,-0.022636239629103834,0.0864,0.467390206344,0.1853
chr2,60787960,-0.022636239632311334,0.0872,0.470703134604,0.1991
chr2,60787961,-0.022636239633307745,0.0842,0.460309056956,0.2132
chr2,60787962,-0.02263623963223166,0.0826,0.456391632589,0.2296
chr2,60787963,-0.02263623962921703,0.0808,0.450556190476,0.2418
chr2,60787964,-0.02263623962437492,0.0794,0.446148752399,0.2523
chr2,60787965,-0.022636239617778733,0.0796,0.446700958466,0.2553
chr2,60787966,-0.022636239609447405,0.079,0.444612303749,0.2547
chr2,60787967,-0.022636239599320405,0.078,0.44167311412,0.2489
chr2,60787968,-0.022636239587217954,0.0776,0.440259689922,0.2376
chr2,60787969,-0.022636239572775458,0.0768,0.436991253644,0.2664
chr2,60787970,-0.022636239555333806,0.0758,0.434113791979,0.3014
chr2,60787971,-0.02263623953374898,0.0754,0.434100686499,0.2659
chr2,60787972,-0.02263623950604461,0.0758,0.434113791979,0.23
chr2,60787973,-0.022636239468736084,0.0756,0.434100686499,0.1989
chr2,60787974,-0.022636239415410153,0.0762,0.435269268293,0.1651
chr2,60787975,-0.022636239333451734,0.0752,0.434100686499,0.1115
chr2,60787976,-0.022636239195534882,0.0748,0.432903459638,0.0903
chr2,60787977,-0.022636238932920327,0.075,0.433632323897,0.0746
chr2,60787978,-0.02263623830203197,0.0742,0.431563907285,0.0568
chr2,60787979,-0.022636234899700795,0.0742,0.431563907285,0.0471
chr2,60787980,-0.0023631004167670375,0.8972,0.958945965681,0.0412
chr2,60787981,-0.0023631006694259113,0.8978,0.959295395097,0.038
chr2,60787982,-0.002363101030272462,0.8972,0.958945965681,0.0348
chr2,60787983,-0.002363101570564117,0.8966,0.95847964214,0.0318
chr2,60787984,-0.0023631024340451676,0.897,0.958848892405,0.0294
chr2,60787985,-0.0023631039593451286,0.8988,0.959838399805,0.0278
chr2,60787986,-0.002363107180337828,0.8978,0.959295395097,0.0269
chr2,60787987,-0.002363117484823789,0.8986,0.959799878382,0.0269
chr2,60787988,-0.024185988805888004,0.0572,0.395869976359,0.0277
chr2,60787989,-0.02418602515062966,0.0566,0.392181065089,0.0279
chr2,60787990,-0.0241860300879506,0.0556,0.387391511305,0.0296
chr2,60787991,-0.02418603183726011,0.0548,0.382880668258,0.0317
chr2,60787992,-0.024186032655369328,0.0544,0.380540023895,0.036
chr2,60787993,-0.024186033094420505,0.054,0.377892430279,0.0415
chr2,60787994,-0.024186033349847997,0.0536,0.37554208217,0.0488
chr2,60787995,-0.024186033506513018,0.053,0.372676140913,0.0598
chr2,60787996,-0.024186033606242743,0.053,0.372676140913,0.0734
chr2,60787997,-0.02418603367148256,0.053,0.372676140913,0.0918
chr2,60787998,-0.02418603371502438,0.0532,0.373633746501,0.1136
chr2,60787999,-0.02418603374449725,0.0534,0.374738713544,0.1378
chr2,60788000,-0.024186033764617008,0.0526,0.371200883889,0.1636
chr2,60788001,-0.02418603377837728,0.0526,0.371200883889,0.1897
chr2,60788002,-0.02418603378770992,0.0524,0.370235720032,0.2078
chr2,60788003,-0.024186033793861084,0.0518,0.367623030303,0.2172
chr2,60788004,-0.024186033797608416,0.0516,0.366499797816,0.2166
chr2,60788005,-0.024186033799383867,0.0516,0.366499797816,0.2495
chr2,60788006,-0.02418603379933487,0.052,0.368298387097,0.2276
chr2,60788007,-0.024186033797339725,0.0524,0.370235720032,0.2002
chr2,60788008,-0.024186033792976354,0.0528,0.372163723917,0.1419
chr2,60788009,-0.024186033785427902,0.053,0.372676140913,0.1008
chr2,60788010,-0.024186033773278135,0.053,0.372676140913,0.0726
chr2,60788011,-0.02418603375408033,0.0526,0.371200883889,0.0616
chr2,60788012,-0.024186033723396606,0.0532,0.373633746501,0.0546
chr2,60788013,-0.02418603367240732,0.0536,0.37554208217,0.0472
chr2,60788014,-0.02418603358085952,0.0546,0.381635097493,0.0428
chr2,60788015,-0.009020992561972876,0.4866,0.840095242776,0.041
chr2,60788016,-0.009020906484725498,0.4878,0.842084226044,0.0413
chr2,60788017,-0.009020906069365398,0.4812,0.833065050266,0.0425
chr2,60788018,0.011904398745759735,0.2684,0.690154589372,0.0517
chr2,60788019,0.011904398717990915,0.2688,0.690677589233,0.0622
chr2,60788020,0.01190439869354675,0.2666,0.688288540445,0.0778
chr2,60788021,0.01190439867365657,0.2654,0.687878264719,0.0909
chr2,60788022,0.011904398659757833,0.266,0.688214759169,0.1159
chr2,60788023,0.011904398653375366,0.265,0.687562804428,0.1404
chr2,60788024,0.011904398655682666,0.266,0.688214759169,0.2037
chr2,60788025,0.011904398666521813,0.2668,0.688288540445,0.234
chr2,60788026,0.011904398683161023,0.266,0.688214759169,0.2734
chr2,60788027,0.01190439870035787,0.268,0.689529808115,0.2979
chr2,60788028,0.011904398712976582,0.2676,0.688702417582,0.3216
chr2,60788029,0.011904398718715077,0.267,0.688288540445,0.3328
chr2,60788030,0.011904398718092346,0.2686,0.690567769321,0.3306
chr2,60788031,0.011904398712872575,0.2692,0.691300877193,0.3261
chr2,60788032,0.011904398704887515,0.2684,0.690154589372,0.3081
chr2,60788033,0.011904398695592948,0.2702,0.692653677758,0.285
chr2,60788034,0.011904398686015746,0.2726,0.694991670137,0.2471
chr2,60788035,0.011904398676825835,0.275,0.694991670137,0.214
chr2,60788036,0.011904398668424153,0.2744,0.694991670137,0.1712
chr2,60788037,0.011904398661018565,0.275,0.694991670137,0.1407
chr2,60788038,0.011904398654682243,0.2744,0.694991670137,0.1147
chr2,60788039,0.01190439864939775,0.2738,0.694991670137,0.0926
chr2,60788040,0.01190439864509047,0.2752,0.694991670137,0.0761
chr2,60788041,0.011904398641653914,0.275,0.694991670137,0.0608
chr2,60788042,0.011904398638969464,0.2748,0.694991670137,0.0538
chr2,60788043,0.011904398636921037,0.2762,0.694991670137,0.0429
chr2,60788044,0.011904398635406117,0.2758,0.694991670137,0.0392
chr2,60788045,0.011904398634343914,0.2748,0.694991670137,0.0385
chr2,60788046,0.011904398633681241,0.2768,0.694991670137,0.0389
chr2,60788047,0.011904398633396774,0.2784,0.694991670137,0.0385
chr2,60788048,0.011904398633504107,0.2798,0.694991670137,0.0428
chr2,60788049,0.011904398634053922,0.2764,0.694991670137,0.0508
chr2,60788050,0.011904398635135552,0.275,0.694991670137,0.0637
chr2,60788051,0.011904398636878154,0.2744,0.694991670137,0.076
chr2,60788052,0.011904398639451976,0.2748,0.694991670137,0.0866
chr2,60788053,0.011904398643070493,0.2752,0.694991670137,0.1166
chr2,60788054,0.01190439864799562,0.2742,0.694991670137,0.1874
chr2,60788055,-0.0008719157178845385,0.999,0.999569068641,0.2087
chr2,60788056,-0.0008719206408052202,0.9978,0.998823559583,0.2686
chr2,60788057,-0.0008719221380614154,0.9972,0.998507467792,0.3797
chr2,60788058,-0.0008719228113895469,0.9972,0.998507467792,0.4479
chr2,60788059,-0.0008719231763927381,0.9974,0.998536962097,0.5035
chr2,60788060,-0.0008719233977923099,0.9994,0.999570720875,0.538
chr2,60788061,-0.000871923542642353,0.999,0.999569068641,0.5479
chr2,60788062,-0.000871923642712111,0.9996,0.999656911865,0.54
chr2,60788063,-0.0008719237147226692,0.9994,0.999570720875,0.5072
chr2,60788064,-0.0008719237681868737,0.9982,0.998939323154,0.4483
chr2,60788065,-0.0008719238088581216,0.9968,0.998507467792,0.3878
chr2,60788066,-0.0008719238403962326,0.9968,0.998507467792,0.3214
chr2,60788067,-0.0008719238652329895,0.9968,0.998507467792,0.2576
chr2,60788068,-0.0008719238850483313,0.9994,0.999570720875,0.1966
chr2,60788069,-0.0008719239010443659,0.9994,0.999570720875,0.1484
chr2,60788070,-0.0008719239141086229,1.0,1.0,0.1099
chr2,60788071,-0.0008719239249139601,0.9996,0.999656911865,0.0792
chr2,60788072,-0.000871923933981064,0.9992,0.999570720875,0.0604
chr2,60788073,-0.0008719239417183947,0.997,0.998507467792,0.0474
chr2,60788074,-0.0008719239484484232,0.9976,0.998680269007,0.0396
chr2,60788075,-0.0008719239544255618,0.9972,0.998507467792,0.0354
chr2,60788076,-0.0008719239598491127,0.9974,0.998536962097,0.0325
chr2,60788077,-0.0008719239648732539,0.9966,0.998507467792,0.0301
chr2,60788078,-0.0008719239696151723,0.9974,0.998536962097,0.0286
chr2,60788079,-0.0008719239741615731,0.9972,0.998507467792,0.0262
chr2,60788080,-0.0008719239785753156,0.997,0.998507467792,0.026
chr2,60788081,-0.0008719239829001892,0.998,0.998939323154,0.0256
chr2,60788082,-0.0008719239871647516,0.9972,0.998507467792,0.0256
chr2,60788083,-0.000871923991385593,0.997,0.998507467792,0.0259
chr2,60788084,-0.0008719239955689738,0.9914,0.995487119438,0.0261
chr2,60788085,-0.000871923999711251,0.9894,0.995122022446,0.0257
chr2,60788086,-0.0008719240037978202,0.9916,0.995487119438,0.0268
chr2,60788087,-0.0008719240078005868,0.9912,0.995487119438,0.0284
chr2,60788088,-0.000871924011674084,0.9904,0.995246182005,0.0298
chr2,60788089,-0.0008719240153494987,0.9904,0.995246182005,0.0319
chr2,60788090,-0.0008719240187283075,0.9906,0.995246182005,0.0355
chr2,60788091,-0.0008719240216754965,0.9898,0.995246182005,0.0404
chr2,60788092,-0.0008719240240140648,0.9898,0.995246182005,0.0466
chr2,60788093,-0.0008719240255219889,0.9904,0.995246182005,0.055
chr2,60788094,-0.0008719240259345265,0.99,0.995246182005,0.0706
chr2,60788095,-0.0008719240249522861,0.9894,0.995122022446,0.0907
chr2,60788096,-0.0008719240222552236,0.9904,0.995246182005,0.1215
chr2,60788097,-0.000871924017520684,0.9896,0.995246182005,0.1594
chr2,60788098,-0.0008719240104422463,0.9886,0.994659124757,0.2045
chr2,60788099,-0.0008719240007459845,0.9902,0.995246182005,0.2621
chr2,60788100,-0.0008719239882019228,0.9902,0.995246182005,0.3173
chr2,60788101,-0.0008719239726302725,0.9912,0.995487119438,0.3677
chr2,60788102,-0.0008719239539034197,0.9904,0.995246182005,0.4305
chr2,60788103,-0.0008719239319451344,0.99,0.995246182005,0.4698
chr2,60788104,-0.0008719239067282195,0.9892,0.995034818463,0.4711
chr2,60788105,-0.0008719238782716192,0.989,0.994947594502,0.4318
chr2,60788106,-0.0008719238466368024,0.9908,0.995390185312,0.3634
chr2,60788107,-0.0008719238119243654,0.9912,0.995487119438,0.3151
chr2,60788108,-0.0008719237742715618,0.9902,0.995246182005,0.2597
chr2,60788109,-0.000871923733850886,0.99,0.995246182005,0.2017
chr2,60788110,-0.0008719236908697734,0.99,0.995246182005,0.1566
chr2,60788111,-0.0008719236455705966,0.9916,0.995487119438,0.1448
chr2,60788112,-0.0008719235982295202,0.9922,0.995487119438,0.1365
chr2,60788113,-0.0008719235491528538,0.9926,0.995604100046,0.1268
chr2,60788114,-0.000871923498670541,0.992,0.995487119438,0.0905
chr2,60788115,-0.0008719234471279824,0.9934,0.996178979219,0.0676
chr2,60788116,-0.0008719233948785213,0.9926,0.995604100046,0.0579
chr2,60788117,-0.0008719233422788773,0.9928,0.995690990065,0.061
chr2,60788118,-0.0008719232896885278,0.9922,0.995487119438,0.0581
chr2,60788119,-0.0008719232374722454,0.9886,0.994659124757,0.0575
chr2,60788120,-0.0008719231860035638,0.988,0.99422629619,0.06
chr2,60788121,-0.0008719231356664601,0.988,0.99422629619,0.0658
chr2,60788122,-0.0008719230868530644,0.988,0.99422629619,0.0746
chr2,60788123,-0.0008719230399564298,0.988,0.99422629619,0.0898
chr2,60788124,-0.0008719229953587909,0.988,0.99422629619,0.1067
chr2,60788125,-0.0008719229534168008,0.988,0.99422629619,0.1287
chr2,60788126,-0.0008719229144456671,0.988,0.99422629619,0.1468
chr2,60788127,-0.0008719228787039707,0.988,0.99422629619,0.1639
chr2,60788128,-0.0008719228463805835,0.988,0.99422629619,0.1764
chr2,60788129,-0.0008719228175847665,0.988,0.99422629619,0.1804
chr2,60788194,-0.0008569068981683581,0.9918,0.995487119438,0.3706
chr2,60788195,-0.0008569068985790883,0.9918,0.995487119438,0.4448
chr2,60788196,-0.0008569068990443937,0.9918,0.995487119438,0.5199
chr2,60788197,-0.0008569068995605778,0.9918,0.995487119438,0.5899
chr2,60788198,-0.0008569069001213335,0.9918,0.995487119438,0.6426
chr2,60788199,-0.0008569069007178872,0.9918,0.995487119438,0.6862
chr2,60788200,-0.0008569069013393604,0.9912,0.995487119438,0.7194
chr2,60788201,-0.0008569069019733366,0.9912,0.995487119438,0.7372
chr2,60788202,-0.0008569069026065823,0.9924,0.995604100046,0.7455
chr2,60788203,-0.000856906903225858,0.9926,0.995604100046,0.7432
chr2,60788204,-0.0008569069038187379,0.9928,0.995690990065,0.7267
chr2,60788205,-0.0008569069043743519,0.9922,0.995487119438,0.6958
chr2,60788206,-0.0008569069048839773,0.992,0.995487119438,0.6508
chr2,60788207,-0.0008569069053414271,0.992,0.995487119438,0.5949
chr2,60788208,-0.0008569069057432062,0.992,0.995487119438,0.5172
chr2,60788267,-0.01507939567566497,0.4278,0.785735404114,0.2343
chr2,60788268,-0.015079395684343308,0.4278,0.785735404114,0.2795
chr2,60788269,-0.015079395694053874,0.4278,0.785735404114,0.3291
chr2,60788270,-0.015079395704760308,0.4278,0.785735404114,0.3809
chr2,60788271,-0.015079395716406539,0.4278,0.785735404114,0.4269
chr2,60788272,-0.015079395728921174,0.4276,0.785735404114,0.4689
chr2,60788273,-0.01507939574222228,0.427,0.785735404114,0.5009
chr2,60788274,-0.015079395756222299,0.4272,0.785735404114,0.5238
chr2,60788275,-0.015079395770832428,0.4274,0.785735404114,0.5369
chr2,60788276,-0.015079395785966348,0.4266,0.785735404114,0.5429
chr2,60788277,-0.015079395801542965,0.4262,0.785735404114,0.5352
chr2,60788278,-0.015079395817487965,0.4252,0.785735404114,0.5168
chr2,60788279,-0.01507939583373447,0.4256,0.785735404114,0.4871
chr2,60788280,-0.01507939585022285,0.4252,0.785735404114,0.453
chr2,60788281,-0.015079395866900026,0.4214,0.785596582467,0.4045
chr2,60788282,-0.01507939588371834,0.4214,0.785596582467,0.3641
chr2,60788283,-0.015079395900634208,0.4206,0.785021676761,0.3214
chr2,60788284,-0.015079395917606497,0.4226,0.785735404114,0.2816
chr2,60788285,-0.015079395934594664,0.422,0.785735404114,0.2451
chr2,60788286,-0.01507939595155675,0.4228,0.785735404114,0.2139
chr2,60788287,-0.015079395968447056,0.4234,0.785735404114,0.1852
chr2,60788288,-0.015079395985213821,0.4244,0.785735404114,0.1628
chr2,60788289,-0.015079396001797005,0.4256,0.785735404114,0.1475
chr2,60788290,-0.015079396018126445,0.426,0.785735404114,0.1339
chr2,60788291,-0.01507939603412074,0.428,0.785735404114,0.1238
chr2,60788292,-0.017145388816409552,0.365,0.759410204806,0.117
chr2,60788293,-0.017145388807608023,0.366,0.760803550296,0.112
chr2,60788294,-0.017145388799254674,0.3652,0.759410204806,0.1091
chr2,60788295,-0.017145388791400006,0.3652,0.759410204806,0.1064
chr2,60788296,-0.0171453887840926,0.3652,0.759410204806,0.1048
chr2,60788297,-0.01714538877737593,0.3652,0.759410204806,0.1023
chr2,60788298,-0.017145388771284926,0.3652,0.759410204806,0.0988
chr2,60788299,-0.017145388765842675,0.3652,0.759410204806,0.0949
chr2,60792553,0.02136857162198862,0.1682,0.641439490446,0.1492
chr2,60792554,0.021368571621316515,0.1682,0.641439490446,0.1453
chr2,60792555,0.02136857162052923,0.1682,0.641439490446,0.1365
chr2,60792556,0.02136857161962567,0.1682,0.641439490446,0.1222
chr2,60792557,0.021368571618608157,0.1682,0.641439490446,0.1066
chr2,60792558,0.02136857161748239,0.1682,0.641439490446,0.0908
chr2,60792559,0.02136857161625694,0.1682,0.641439490446,0.0757
chr2,60792560,0.02136857161494266,0.1682,0.641439490446,0.0632
chr2,60792561,0.021368571613551914,0.1682,0.641439490446,0.0543
chr2,60792562,0.0213685716120978,0.1682,0.641439490446,0.048
chr2,60792563,0.021368571610593527,0.1682,0.641439490446,0.0429
chr2,60792564,0.021368571609051937,0.1682,0.641439490446,0.0357
chr2,60792565,0.021368571607485315,0.1682,0.641439490446,0.0337
chr2,60792566,0.021368571605905443,0.1682,0.641439490446,0.0335
chr2,60792567,0.021368571604323806,0.169,0.641439490446,0.0353
chr2,60792568,0.021368571602751952,0.1626,0.640869215292,0.0385
chr2,60792569,0.021368571601201803,0.154,0.625291262136,0.0428
chr2,60792570,0.021368571599685825,0.1512,0.619218465843,0.0506
chr2,60792571,0.021368571598216986,0.1494,0.614857310216,0.0639
chr2,60792572,0.021368571596808366,0.1478,0.609701033349,0.0855
chr2,60792573,0.021368571595472525,0.1464,0.606632696391,0.1111
chr2,60792574,0.021368571594220703,0.1462,0.606233002833,0.1463
chr2,60792575,0.021368571593062033,0.146,0.605689655172,0.1879
chr2,60792576,0.02136857159200311,0.1456,0.60460141844,0.2385
chr2,60792577,0.021368571591047925,0.1456,0.60460141844,0.2906
chr2,60792578,0.02136857159019824,0.1456,0.60460141844,0.3331
chr2,60792579,0.021368571589454263,0.145,0.603393745558,0.3681
chr2,60792580,0.02136857158881557,0.1442,0.602491198858,0.388
chr2,60792581,0.02136857158828161,0.1438,0.601822015726,0.3912
chr2,60792582,0.021368571587851985,0.1436,0.601822015726,0.3754
chr2,60792583,0.021368571587525892,0.143,0.600764171251,0.3442
chr2,60792584,0.021368571587300843,0.1436,0.601822015726,0.3028
chr2,60792585,0.02136857158717071,0.1436,0.601822015726,0.2568
chr2,60792586,0.021368571587123356,0.1432,0.601029390681,0.2111
chr2,60792587,0.021368571587138417,0.1432,0.601029390681,0.1722
chr2,60792588,0.021368571587185928,0.1416,0.596308798849,0.1442
chr2,60792589,0.02136857158722621,0.1408,0.593793997599,0.1256
chr2,60792590,0.021368571587211355,0.1394,0.591011585807,0.1083
chr2,60792591,0.02136857158708814,0.1346,0.583621081215,0.1004
chr2,60792592,0.021368571586801593,0.1304,0.574486079759,0.1
chr2,60792593,0.021368571586298745,0.127,0.567477741033,0.1065
chr2,60792594,0.021368571585531897,0.125,0.562115975422,0.1136
chr2,60792595,0.02136857158446099,0.1248,0.561935913868,0.1197
chr2,60792596,0.021368571583055187,0.1242,0.560527492292,0.1318
chr2,60792597,0.021368571581293693,0.1232,0.558495490853,0.1397
chr2,60792598,0.021368571579166263,0.1226,0.557027677186,0.1461
chr2,60792599,0.021368571576673445,0.1222,0.555929292929,0.1486
chr2,60792600,0.021368571573826812,0.1218,0.554828060166,0.147
chr2,60792601,0.021368571570649142,0.121,0.553818418314,0.1435
chr2,60792602,0.02136857156717449,0.1206,0.553669367486,0.1359
chr2,60792603,0.021368571563448117,0.1202,0.553134136757,0.1262
chr2,60792604,0.021368571559526102,0.1212,0.553818418314,0.1176
chr2,60792605,0.021368571555474603,0.12,0.552793076318,0.1509
chr2,60792606,0.02136857155136869,0.1182,0.549836599576,0.1459
chr2,60792607,0.021368571547290625,0.1166,0.549199625869,0.1423
chr2,60792608,0.021368571543327698,0.1168,0.549199625869,0.1455
chr2,60792609,0.021368571539569333,0.115,0.547567091353,0.1563
chr2,60792610,0.02136857153610376,0.1128,0.539872479564,0.1684
chr2,60792611,0.021368571533014212,0.1104,0.534355469826,0.1828
chr2,60792612,0.02136857153037483,0.1084,0.532005029338,0.1978
chr2,60792613,0.021368571528246637,0.1086,0.532243024554,0.2069
chr2,60792614,0.021368571526674,0.1074,0.528574110395,0.2185
chr2,60792615,0.021368571525682035,0.107,0.527640370578,0.1509
chr2,60792616,0.021368571525275323,0.107,0.527640370578,0.145
chr2,60792617,0.02136857152543837,0.1064,0.525419173461,0.1362
chr2,60792618,0.02136857152613768,0.1062,0.524726582278,0.1233
chr2,60792619,0.021368571527325398,0.106,0.524328358209,0.1076
chr2,60792620,0.021368571528943912,0.1062,0.524726582278,0.0749
chr2,60792621,0.021368571530930802,0.1058,0.524328358209,0.0636
chr2,60792622,0.021368571533223468,0.1058,0.524328358209,0.0542
chr2,60792623,0.0213685715357629,0.106,0.524328358209,0.0461
chr2,60792624,0.021368571538496205,0.106,0.524328358209,0.0413
chr2,60792625,0.021368571541378004,0.106,0.524328358209,0.0367
chr2,60792626,0.021368571544370815,0.1058,0.524328358209,0.0337
chr2,60792627,0.021368571547444593,0.1058,0.524328358209,0.0308
chr2,60792628,0.021368571550576015,0.1058,0.524328358209,0.0294
chr2,60792629,0.02136857155374747,0.1058,0.524328358209,0.0284
chr2,60792630,0.021368571556946048,0.1058,0.524328358209,0.0271
chr2,60792631,0.021368571560162516,0.1058,0.524328358209,0.026
chr2,60792632,0.021368571563390486,0.1058,0.524328358209,0.0255
chr2,60792633,0.021368571566625652,0.1058,0.524328358209,0.0254
chr2,60792634,0.021368571569865196,0.1058,0.524328358209,0.0253
chr2,60792635,0.021368571573107332,0.1058,0.524328358209,0.0253
chr2,60792636,0.021368571576350963,0.1058,0.524328358209,0.0251
chr2,60792637,0.021368571579595427,0.1058,0.524328358209,0.0251
chr2,60792638,0.02136857158284035,0.1058,0.524328358209,0.0251
chr2,60792639,0.021368571586085506,0.1058,0.524328358209,0.0251
chr2,60792640,0.02136857158933079,0.1058,0.524328358209,0.0251
chr2,60792641,0.020225876782816125,0.124,0.560056569812,0.0251
chr2,60792642,0.0202251380978772,0.1176,0.549519553073,0.0251
chr2,60792643,0.02022496165161638,0.1176,0.549519553073,0.0252
chr2,60792644,0.020224918673625338,0.1176,0.549519553073,0.0252
chr2,60792645,0.02022490477426969,0.1176,0.549519553073,0.0252
chr2,60792646,0.020224897932874176,0.1176,0.549519553073,0.0253
chr2,60792647,0.020224893258602952,0.1174,0.549519553073,0.0253
chr2,60792648,0.02022489005221496,0.1172,0.549519553073,0.0256
chr2,60792649,0.020224888054925786,0.1174,0.549519553073,0.0258
chr2,60792650,0.020224886872761097,0.1176,0.549519553073,0.0262
chr2,60792651,0.020224886164368603,0.1176,0.549519553073,0.0271
chr2,60792652,0.02022488572403094,0.1174,0.549519553073,0.0279
chr2,60792653,0.02022488544079909,0.1182,0.549836599576,0.0291
chr2,60792654,0.0202248852532,0.1182,0.549836599576,0.0318
chr2,60792655,0.02022488512547476,0.1184,0.550038614123,0.0359
chr2,60792656,0.020224885036180203,0.1186,0.550530919662,0.0403
chr2,60792657,0.020224884972179717,0.1186,0.550530919662,0.0462
chr2,60792658,0.020224884925240313,0.1182,0.549836599576,0.0563
chr2,60792659,0.020224884890074114,0.118,0.549836599576,0.0706
chr2,60792660,0.02022488486318403,0.1174,0.549519553073,0.0881
chr2,60792661,0.020224884842208447,0.1178,0.54957689243,0.1135
chr2,60792662,0.02022488482552265,0.1178,0.54957689243,0.1412
chr2,60792663,0.020224884811992132,0.1174,0.549519553073,0.1751
chr2,60792664,0.020224884800814302,0.1176,0.549519553073,0.214
chr2,60792665,0.020224884791414214,0.118,0.549836599576,0.2528
chr2,60792666,0.020224884783374676,0.116,0.549199625869,0.2886
chr2,60792667,0.02022488477638913,0.1158,0.549199625869,0.4297
chr2,60792668,0.02022488477023008,0.1144,0.54589405053,0.4582
chr2,60792669,0.020224884764728383,0.1136,0.543109417529,0.4677
chr2,60792670,0.020224884759760167,0.1126,0.53920910578,0.4647
chr2,60792671,0.020224884755239484,0.1118,0.536841716785,0.4487
chr2,60792672,0.02022488475111441,0.1126,0.53920910578,0.413
chr2,60792673,0.020224884747364755,0.1132,0.541639335331,0.3853
chr2,60792674,0.020224884743998313,0.1136,0.543109417529,0.3525
chr2,60792675,0.020224884741043735,0.115,0.547567091353,0.3192
chr2,60792676,0.02022488473853914,0.1168,0.549199625869,0.2962
chr2,60792677,0.020224884736518477,0.1168,0.549199625869,0.2794
chr2,60792678,0.020224884734999886,0.1166,0.549199625869,0.2693
chr2,60792679,0.020224884733979702,0.117,0.549199625869,0.261
chr2,60792680,0.020224884733433195,0.119,0.551076983918,0.2614
chr2,60792681,0.020224884733319685,0.1194,0.551910789474,0.2704
chr2,60792682,0.020224884733589257,0.1218,0.554828060166,0.2789
chr2,60792683,0.020224884734188472,0.1206,0.553669367486,0.2942
chr2,60792684,0.020224884735064237,0.1216,0.554492211838,0.3075
chr2,60792685,0.020224884736165853,0.1236,0.559112541849,0.3278
chr2,60792686,0.020224884737445728,0.1254,0.562331120756,0.3527
chr2,60792687,0.020224884738859375,0.126,0.564157532501,0.381
chr2,60792688,0.02022488474036516,0.131,0.575685514136,0.4002
chr2,60792689,0.020224884741924038,0.133,0.581150074294,0.4291
chr2,60792690,0.020224884743499563,0.1406,0.593520547945,0.4449
chr2,60792691,0.020224884745058052,0.1438,0.601822015726,0.4437
chr2,60792692,0.020224884746569055,0.1446,0.602990042674,0.4603
chr2,60792693,0.020224884748005913,0.145,0.603393745558,0.4685
chr2,60792694,0.02022488474934636,0.1448,0.602990042674,0.4633
chr2,60792695,0.02022488475057313,0.1448,0.602990042674,0.4433
chr2,60792696,0.020224884751674263,0.1448,0.602990042674,0.4088
chr2,60792756,0.011956555638050554,0.3484,0.734210677864,0.3841
chr2,60792757,0.011956555639453127,0.3484,0.734210677864,0.4334
chr2,60792758,0.01195655564098631,0.3484,0.734210677864,0.4721
chr2,60792759,0.01195655564263127,0.3484,0.734210677864,0.4935
chr2,60792760,0.01195655564436385,0.3484,0.734210677864,0.5021
chr2,60792761,0.011956555646155043,0.3484,0.734210677864,0.4292
chr2,60792762,0.01195655564797136,0.348,0.734160461206,0.3712
chr2,60792763,0.01195655564977509,0.3474,0.733246935833,0.3503
chr2,60792764,0.011956555651524283,0.3472,0.733000961538,0.2544
chr2,60792765,0.011956555653172395,0.3442,0.730619093656,0.2354
chr2,60792766,0.01195655565466757,0.3436,0.730404695631,0.218
chr2,60792767,0.011956555655951481,0.34,0.728482556721,0.2023
chr2,60792768,0.011956555656957699,0.333,0.727656082071,0.1875
chr2,60792769,0.011956555657609625,0.3286,0.722475779196,0.1712
chr2,60792770,0.011956555657817518,0.3248,0.719594104308,0.162
chr2,60792771,0.011956555657474655,0.3224,0.719594104308,0.1559
chr2,60792772,0.011956555656451534,0.321,0.718354567461,0.1494
chr2,60792773,0.011956555654587368,0.3168,0.713219546561,0.1458
chr2,60792774,0.01195655565167603,0.3144,0.711642471042,0.1346
chr2,60792775,0.011956555647442559,0.3116,0.710698873203,0.128
chr2,60792776,0.011956555641502274,0.3088,0.710698873203,0.1204
chr2,60792777,0.01195655563328636,0.3056,0.710698873203,0.0985
chr2,60792778,0.011956555621897649,0.3034,0.708951608615,0.0905
chr2,60792779,0.011956555605801975,0.303,0.708865699454,0.074
chr2,60792780,0.011956555582064488,0.3006,0.707773092369,0.064
chr2,60792781,0.011956555544104033,0.3,0.707315436242,0.0607
chr2,60792782,0.011956555474175875,0.297,0.70554571274,0.0579
chr2,60792783,0.011956555315644003,0.2956,0.70355203252,0.0575
chr2,60792784,0.011956540678077693,0.2954,0.703171296924,0.0575
chr2,60792785,0.008850509803829072,0.4154,0.782333511263,0.0599
chr2,60792786,0.008850509803662738,0.4118,0.782333511263,0.0583
chr2,60792787,0.008850509803291969,0.409,0.782333511263,0.0608
chr2,60792788,0.008850509802757553,0.4106,0.782333511263,0.0667
chr2,60792789,0.008850509802071794,0.4094,0.782333511263,0.0758
chr2,60792790,0.008850509801214308,0.4074,0.782333511263,0.0859
chr2,60792791,0.008850509800129984,0.404,0.781869675289,0.0936
chr2,60792792,0.008850509798728373,0.4034,0.781869675289,0.103
chr2,60792793,0.008850509796883033,0.4036,0.781869675289,0.1097
chr2,60792794,0.008850509794429345,0.4032,0.781869675289,0.1135
chr2,60792795,0.008850509791158817,0.4016,0.781012400354,0.1128
chr2,60792796,0.008850509786807707,0.4006,0.780969317678,0.1087
chr2,60792797,0.008850509781037503,0.3998,0.780969317678,0.1026
chr2,60792798,0.008850509773404113,0.3986,0.780623146393,0.0955
chr2,60792799,0.008850509763311074,0.398,0.780623146393,0.0868
chr2,60792800,0.008850509749939294,0.399,0.78062323356,0.0724
chr2,60792801,0.008850509732140834,0.3984,0.780623146393,0.0609
chr2,60792802,0.008850509708275356,0.3976,0.780623146393,0.0559
chr2,60792803,0.008850509675952491,0.3978,0.780623146393,0.0534
chr2,60792804,0.008850509631618963,0.3962,0.780623146393,0.0526
chr2,60792805,0.008850509569856979,0.3954,0.780623146393,0.0529
chr2,60792806,0.008850509482164898,0.3936,0.780623146393,0.0567
chr2,60792807,0.008850509354709699,0.3912,0.780578255946,0.0612
chr2,60792808,0.008850509163731335,0.3884,0.779463172319,0.0732
chr2,60792809,0.008850508865181532,0.3876,0.779058702369,0.0812
chr2,60792810,0.008850508367678016,0.3842,0.776268797425,0.0894
chr2,60792811,0.008850507447679658,0.384,0.776268797425,0.1069
chr2,60792812,0.00885050534041197,0.3842,0.776268797425,0.1156
chr2,60792813,-0.007796202706874396,0.5582,0.896478284722,0.1373
chr2,60792814,-0.00779620326627065,0.5564,0.893914387634,0.1418
chr2,60792815,-0.015535413283412824,0.2104,0.676967756585,0.1423
chr2,60792816,-0.015535414250170852,0.2104,0.676967756585,0.1393
chr2,60792817,-0.015535414667663203,0.2088,0.676967756585,0.1373
chr2,60792818,-0.015535414888979695,0.2104,0.676967756585,0.1334
chr2,60792819,-0.015535415019055115,0.21,0.676967756585,0.1311
chr2,60792820,-0.015535415100849933,0.2106,0.676967756585,0.132
chr2,60792821,-0.015535415155030406,0.2104,0.676967756585,0.153
chr2,60792822,-0.015535415192425657,0.2108,0.676967756585,0.1668
chr2,60792823,-0.015535415219070592,0.2124,0.676967756585,0.1852
chr2,60792824,-0.015535415238495429,0.2094,0.676967756585,0.2131
chr2,60792825,-0.015535415252836134,0.2096,0.676967756585,0.2522
chr2,60792826,-0.0155354152634118,0.2078,0.676967756585,0.2941
chr2,60792827,-0.015535415271037984,0.2046,0.676967756585,0.3404
chr2,60792828,-0.015535415276202181,0.2052,0.676967756585,0.3875
chr2,60792829,-0.01553541527916225,0.204,0.676967756585,0.4848
chr2,60792830,-0.01553541527999878,0.203,0.675961137441,0.512
chr2,60792831,-0.015535415278637475,0.2048,0.676967756585,0.4311
chr2,60792832,-0.015535415274851,0.2046,0.676967756585,0.4231
chr2,60792833,-0.015535415268248623,0.2064,0.676967756585,0.4014
chr2,60792834,-0.015535415258267867,0.2038,0.676572859573,0.3657
chr2,60792835,-0.015535415244199102,0.2032,0.676242516105,0.323
chr2,60792836,-0.01553541522530078,0.2024,0.675371580547,0.2881
chr2,60792837,-0.015535415201074588,0.2028,0.675679438543,0.2415
chr2,60792838,-0.015535415171684046,0.2014,0.674726492466,0.2087
chr2,60792839,-0.015535415138257949,0.2002,0.673274554854,0.1774
chr2,60792840,-0.015535415102679716,0.2018,0.675165142857,0.1524
chr2,60792841,-0.01553541506687769,0.2014,0.674726492466,0.1354
chr2,60792842,-0.015535415032192345,0.2022,0.675345693098,0.1218
chr2,60792843,-0.01553541499922416,0.2024,0.675371580547,0.1099
chr2,60792844,-0.015535414968024873,0.2034,0.676395494131,0.1109
chr2,60792845,-0.015535414938349798,0.2032,0.676242516105,0.1386
chr2,60792846,-0.015535414909837095,0.2026,0.675525626424,0.1492
chr2,60792847,-0.015535414882105502,0.1996,0.672444337996,0.1659
chr2,60792848,-0.015535414854799166,0.199,0.672444337996,0.2074
chr2,60792849,-0.015535414827605072,0.1996,0.672444337996,0.2233
chr2,60792850,-0.015535414800258314,0.1998,0.672444337996,0.2328
chr2,60792851,-0.015535414772542637,0.1978,0.672444337996,0.2369
chr2,60792852,-0.015535414744289546,0.1982,0.672444337996,0.2335
chr2,60792853,-0.015535414715377002,0.199,0.672444337996,0.223
chr2,60792854,-0.01553541468572764,0.1988,0.672444337996,0.2029
chr2,60792855,-0.015535414655306754,0.1992,0.672444337996,0.1762
chr2,60792856,-0.015535414624116922,0.1986,0.672444337996,0.1487
chr2,60792857,-0.015535414592193597,0.1996,0.672444337996,0.1229
chr2,60792858,-0.015535414559599003,0.1994,0.672444337996,0.098
chr2,60792859,-0.015535414526411292,0.2,0.672988505747,0.075
chr2,60792860,-0.0155354144927183,0.2006,0.673716826004,0.0595
chr2,60792861,-0.015535414458609818,0.201,0.674415472779,0.0458
chr2,60792862,-0.01553541442417134,0.201,0.674415472779,0.0381
chr2,60792863,-0.015535414389479711,0.201,0.674415472779,0.0342
chr2,60792864,-0.015535414354600144,0.2014,0.674726492466,0.0325
chr2,60792865,-0.015535414319587217,0.2018,0.675165142857,0.0304
chr2,60792866,-0.015535414284484565,0.2026,0.675525626424,0.0291
chr2,60792867,-0.015535414249326742,0.2038,0.676572859573,0.0288
chr2,60792868,-0.015535414214141466,0.2048,0.676967756585,0.0281
chr2,60792869,-0.015535414178952073,0.1982,0.672444337996,0.0283
chr2,60792870,-0.01553541414377982,0.195,0.667059922179,0.0287
chr2,60792871,-0.015535414108645921,0.1916,0.661449292453,0.0298
chr2,60792872,-0.015535414073573154,0.1912,0.661107874016,0.0312
chr2,60792873,-0.01553541403858695,0.1908,0.660244680851,0.0331
chr2,60792874,-0.015535414003715865,0.191,0.660546367395,0.0351
chr2,60792875,-0.015535413968991389,0.1904,0.659900552486,0.0404
chr2,60792876,-0.01553541393444704,0.191,0.660546367395,0.0425
chr2,60792877,-0.015535413900116873,0.1902,0.659728080569,0.0468
chr2,60792878,-0.01553541386603352,0.1906,0.660244680851,0.0506
chr2,60792879,-0.015535413832225953,0.1894,0.659035459588,0.0552
chr2,60792880,-0.015535413798717259,0.1892,0.659035459588,0.0626
chr2,60792881,-0.015535413765523,0.1886,0.658207629644,0.0653
chr2,60792882,-0.015535413732649998,0.1882,0.657988256369,0.0705
chr2,60792883,-0.015535413700095936,0.1882,0.657988256369,0.0767
chr2,60792884,-0.015535413667849766,0.188,0.657943813509,0.0732
chr2,60792885,-0.015535413635892751,0.188,0.657943813509,0.0673
chr2,60792886,-0.015535413604200056,0.1886,0.658207629644,0.0569
chr2,60792887,-0.015535413572742643,0.189,0.6588182179,0.0521
chr2,60792888,-0.015535413541489365,0.1894,0.659035459588,0.0468
chr2,60792889,-0.015535413510409341,0.1898,0.659382318038,0.0441
chr2,60792890,-0.01553541347947298,0.19,0.659728080569,0.04
chr2,60792891,-0.015535413448653864,0.1898,0.659382318038,0.0337
chr2,60792892,-0.015535413417930207,0.1898,0.659382318038,0.0316
chr2,60792893,-0.015535413387286253,0.19,0.659728080569,0.03
chr2,60792894,-0.015535413356713901,0.1902,0.659728080569,0.0289
chr2,60792895,-0.015535413326214366,0.1908,0.660244680851,0.0283
chr2,60792896,-0.01553541329580197,0.1902,0.659728080569,0.0278
chr2,60792897,-0.015535413265506039,0.1908,0.660244680851,0.028
chr2,60792898,-0.015535413235376919,0.1902,0.659728080569,0.029
chr2,60792899,-0.015535413205490468,0.1882,0.657988256369,0.0305
chr2,60792900,-0.015535413175952499,0.1902,0.659728080569,0.0326
chr2,60792901,-0.015535413146901163,0.1884,0.658032610857,0.0357
chr2,60792902,-0.015535413118505145,0.1894,0.659035459588,0.041
chr2,60792903,-0.015535413090956365,0.1892,0.659035459588,0.0507
chr2,60792904,-0.015535413064454374,0.1886,0.658207629644,0.068
chr2,60792905,-0.015535413039186506,0.1894,0.659035459588,0.087
chr2,60792906,-0.015535413015306249,0.1896,0.659339536725,0.1179
chr2,60792907,-0.015535412992915285,0.1896,0.659339536725,0.1629
chr2,60792908,-0.015535412972053771,0.1892,0.659035459588,0.217
chr2,60792909,-0.015535412952700254,0.1886,0.658207629644,0.2384
chr2,60792910,-0.015535412934779703,0.1874,0.656236244019,0.2588
chr2,60792911,-0.015535412918176082,0.1874,0.656236244019,0.3271
chr2,60792912,-0.015535412902745672,0.189,0.6588182179,0.407
chr2,60792913,-0.015535412888328971,0.1904,0.659900552486,0.4749
chr2,60792914,-0.01553541287475914,0.192,0.662309505106,0.5679
chr2,60792915,-0.015535412861868613,0.1938,0.664343676815,0.6487
chr2,60792916,-0.01553541284949397,0.1936,0.6641765625,0.6982
chr2,60792917,-0.01553541283748056,0.1908,0.660244680851,0.7344
chr2,60792918,-0.015535412825688174,0.1922,0.66234902884,0.7424
chr2,60792919,-0.01553541281399819,0.1922,0.66234902884,0.7323
chr2,60792920,-0.015535412802323392,0.193,0.663322517592,0.7078
chr2,60792921,-0.015535412790619768,0.1932,0.663322517592,0.6624
chr2,60792922,-0.015535412778898415,0.1952,0.667059922179,0.5841
chr2,60792923,-0.015535412767233737,0.1956,0.667907076205,0.4907
chr2,60792924,-0.015535412755762496,0.1976,0.672444337996,0.4235
chr2,60792925,-0.01553541274466965,0.199,0.672444337996,0.319
chr2,60792926,-0.015535412734161825,0.1984,0.672444337996,0.2757
chr2,60792927,-0.015535412724435581,0.1988,0.672444337996,0.235
chr2,60792928,-0.015535412715651002,0.2004,0.673431413813,0.1981
chr2,60792929,-0.0155354127079184,0.204,0.676967756585,0.1698
chr2,60792930,-0.015535412701299114,0.2092,0.676967756585,0.1475
chr2,60792931,-0.01553541269581651,0.2102,0.676967756585,0.1309
chr2,60792932,-0.01553541269147128,0.2124,0.676967756585,0.1238
chr2,60792933,-0.01553541268825694,0.214,0.676967756585,0.1205
chr2,60792934,-0.015535412686173672,0.2154,0.676967756585,0.1363
chr2,60792935,-0.015535412685240573,0.2168,0.676967756585,0.1367
chr2,60792936,-0.015535412685507543,0.2194,0.676967756585,0.1365
chr2,60792937,-0.015535412687068843,0.2204,0.676967756585,0.1393
chr2,60792938,-0.015535412690080954,0.2212,0.676967756585,0.1344
chr2,60792939,-0.015535412694788645,0.2234,0.676967756585,0.1346
chr2,60792940,-0.015535412701565917,0.2244,0.676967756585,0.1317
chr2,60792941,-0.015535412710984317,0.2248,0.676967756585,0.1237
chr2,60792942,-0.015535412723932579,0.2248,0.676967756585,0.1165
chr2,60792943,-0.015535412741840376,0.2252,0.676967756585,0.1044
chr2,60792944,-0.01553541276712853,0.2266,0.676967756585,0.0908
chr2,60792945,-0.015535412804212103,0.2272,0.676967756585,0.081
chr2,60792946,-0.01553541286204361,0.2262,0.676967756585,0.0674
chr2,60792947,-0.015535412961895641,0.2278,0.676967756585,0.0613
chr2,60792948,-0.01553541316940638,0.229,0.676967756585,0.0556
chr2,60792949,-0.015535413825493687,0.2314,0.676967756585,0.0522
chr2,60792950,-0.030356685140061835,0.0236,0.259733082707,0.0523
chr2,60792951,-0.030356685137700994,0.0252,0.26761668682,0.0538
chr2,60792952,-0.030356685135358184,0.0272,0.274979233227,0.0572
chr2,60792953,-0.030356685133035972,0.029,0.274979233227,0.0602
chr2,60792954,-0.03035668513073726,0.0304,0.27739012987,0.0679
chr2,60792955,-0.030356685128464865,0.0308,0.277721765914,0.0754
chr2,60792956,-0.03035668512622113,0.0318,0.279983458647,0.0839
chr2,60792957,-0.030356685124007396,0.0314,0.279119939271,0.0967
chr2,60792958,-0.030356685121823733,0.0318,0.279983458647,0.1109
chr2,60792959,-0.03035668511966889,0.033,0.285398818316,0.1254
chr2,60792960,-0.030356685117540555,0.0336,0.287054474708,0.1528
chr2,60792961,-0.030356685115436117,0.0344,0.292325108853,0.1807
chr2,60792962,-0.030356685113353814,0.0354,0.29966313253,0.1966
chr2,60792963,-0.03035668511129395,0.0368,0.303612963833,0.1988
chr2,60792964,-0.030356685109259946,0.0368,0.303612963833,0.1937
chr2,60792965,-0.03035668510725859,0.0386,0.314329624478,0.1814
chr2,60792966,-0.030356685105299465,0.0394,0.319069156293,0.1731
chr2,60792967,-0.03035668510339359,0.0404,0.32492032967,0.1548
chr2,60792968,-0.030356685101551515,0.0422,0.335859990938,0.1398
chr2,60792969,-0.030356685099781774,0.0434,0.341541666667,0.1287
chr2,60792970,-0.03035668509808981,0.0442,0.344442324756,0.1176
chr2,60792971,-0.030356685096477716,0.0456,0.348548302872,0.1241
chr2,60792972,-0.030356685094944512,0.0472,0.352794893617,0.1341
chr2,60792973,-0.030356685093486914,0.0492,0.357593648208,0.1438
chr2,60792974,-0.03035668509209999,0.0508,0.361988640974,0.1303
chr2,60792975,-0.030356685090777873,0.052,0.368298387097,0.1167
chr2,60792976,-0.0303566850895143,0.0524,0.370235720032,0.1049
chr2,60792977,-0.03035668508830291,0.0522,0.369417002417,0.0948
chr2,60792978,-0.030356685087137517,0.052,0.368298387097,0.0833
chr2,60792979,-0.03035668508601224,0.0518,0.367623030303,0.0848
chr2,60792980,-0.030356685084921637,0.0524,0.370235720032,0.0733
chr2,60792981,-0.0303566850838608,0.0536,0.37554208217,0.0639
chr2,60792982,-0.03035668508282546,0.055,0.383667593328,0.0561
chr2,60792983,-0.030356685081812093,0.055,0.383667593328,0.0507
chr2,60792984,-0.03035668508081808,0.0558,0.388476813317,0.0465
chr2,60792985,-0.030356685079841808,0.0576,0.397698113208,0.0434
chr2,60792986,-0.030356685078882797,0.0596,0.402953810624,0.0417
chr2,60792987,-0.0303566850779418,0.0618,0.405980498375,0.0381
chr2,60792988,-0.030356685077020856,0.0652,0.40683410302,0.0391
chr2,60792989,-0.03035668507612323,0.0664,0.40797705146,0.0455
chr2,60792990,-0.030356685075253343,0.0664,0.40797705146,0.0487
chr2,60792991,-0.03035668507441656,0.0664,0.40797705146,0.0531
chr2,60792992,-0.030356685073618835,0.0664,0.40797705146,0.0585
chr2,60792993,-0.03035668507286638,0.0664,0.40797705146,0.0632
chr2,60792994,-0.03035668507216512,0.0664,0.40797705146,0.0843
chr2,60792995,-0.030356685071520274,0.0664,0.40797705146,0.0912
chr2,60792996,-0.030356685070935925,0.0664,0.40797705146,0.0965
chr2,60792997,-0.03035668507041469,0.0664,0.40797705146,0.0992
chr2,60808896,-0.013322007278837963,0.3924,0.780578255946,0.1875
chr2,60808897,-0.01332200728121448,0.3924,0.780578255946,0.2033
chr2,60808898,-0.01332200728461864,0.3924,0.780578255946,0.1872
chr2,60808899,-0.013322007289500332,0.3924,0.780578255946,0.1691
chr2,60808900,-0.013322007296525959,0.3924,0.780578255946,0.152
chr2,60808901,-0.013322007306712907,0.3924,0.780578255946,0.1312
chr2,60808902,-0.013322007321684114,0.3924,0.780578255946,0.1094
chr2,60808903,-0.013322007344187222,0.3924,0.780578255946,0.0914
chr2,60808904,-0.013322007379268168,0.3924,0.780578255946,0.0762
chr2,60808905,-0.013322007437299744,0.3924,0.780578255946,0.0562
chr2,60808906,-0.013322007543340054,0.3924,0.780578255946,0.0499
chr2,60808907,-0.013322007773526387,0.3926,0.780623146393,0.0464
chr2,60808908,-0.01332200841339902,0.3906,0.780578255946,0.0435
chr2,60808909,-0.013322009668768033,0.384,0.776268797425,0.0437
chr2,60808910,-0.013322010308080353,0.3714,0.768119745673,0.0436
chr2,60808911,-0.013322010543530586,0.3652,0.759410204806,0.0468
chr2,60808912,-0.013322010654427924,0.3582,0.750093347639,0.0496
chr2,60808913,-0.01332201071648684,0.355,0.744724113221,0.0557
chr2,60808914,-0.01332201075494174,0.3522,0.739556843993,0.0638
chr2,60808915,-0.013322010780321844,0.3524,0.739888357638,0.0732
chr2,60808916,-0.01332201079777971,0.351,0.737389666308,0.0832
chr2,60808917,-0.013322010810139676,0.3484,0.734210677864,0.0938
chr2,60808918,-0.013322010819087482,0.3474,0.733246935833,0.1055
chr2,60808919,-0.013322010825699735,0.3478,0.733826666667,0.1177
chr2,60808920,-0.013322010830705342,0.3464,0.732192057762,0.1295
chr2,60808921,-0.013322010834624688,0.3454,0.731222249006,0.1363
chr2,60808922,-0.01332201083784826,0.344,0.730459381044,0.1404
chr2,60808923,-0.013322010840683159,0.3394,0.727907326007,0.1454
chr2,60808924,-0.013322010843381433,0.3372,0.727656082071,0.1469
chr2,60808925,-0.013322010846157537,0.3364,0.727656082071,0.1472
chr2,60808926,-0.013322010849199595,0.3364,0.727656082071,0.1443
chr2,60808927,-0.01332201085267639,0.3358,0.727656082071,0.1379
chr2,60808928,-0.013322010856742039,0.335,0.727656082071,0.1319
chr2,60808929,-0.013322010861539044,0.334,0.727656082071,0.1305
chr2,60808930,-0.01332201086720047,0.332,0.727039022566,0.1324
chr2,60808931,-0.013322010873852102,0.3324,0.727552149533,0.1424
chr2,60808932,-0.013322010881615528,0.3264,0.720343761779,0.1541
chr2,60808933,-0.013322010890614308,0.326,0.720184882405,0.1707
chr2,60808934,-0.013322010900984302,0.3192,0.715602807913,0.2057
chr2,60808935,-0.01332201091288999,0.315,0.711728196553,0.2519
chr2,60808936,-0.01332201092654806,0.3138,0.711642471042,0.3007
chr2,60808937,-0.013322010942260052,0.31,0.710698873203,0.2883
chr2,60808938,-0.013322010960458468,0.3092,0.710698873203,0.2786
chr2,60808939,-0.013322010981775385,0.307,0.710698873203,0.3151
chr2,60808940,-0.01332201100715334,0.3062,0.710698873203,0.3374
chr2,60808941,-0.013322011038039186,0.3058,0.710698873203,0.3498
chr2,60808942,-0.013322011076749903,0.3056,0.710698873203,0.3499
chr2,60808943,-0.013322011127223383,0.3048,0.710698873203,0.336
chr2,60808944,-0.013322011196728044,0.3036,0.708951608615,0.3141
chr2,60808945,-0.01332201130032688,0.3044,0.710064541833,0.2394
chr2,60808946,-0.013322011474868268,0.3036,0.708951608615,0.1832
chr2,60808947,-0.01332201183484694,0.3018,0.708232064128,0.1396
chr2,60808948,-0.01332201294980836,0.2986,0.706575373838,0.1395
chr2,60808949,-0.014936380773869794,0.2346,0.676967756585,0.1239
chr2,60808950,-0.014936382431675638,0.2302,0.676967756585,0.1241
chr2,60808951,-0.014936382883811473,0.2286,0.676967756585,0.1131
chr2,60808952,-0.014936383083601347,0.2256,0.676967756585,0.1034
chr2,60808953,-0.014936383195246991,0.2184,0.676967756585,0.0956
chr2,60808954,-0.014936383267333764,0.218,0.676967756585,0.0892
chr2,60808955,-0.014936383318386476,0.2172,0.676967756585,0.0853
chr2,60808956,-0.014936383356939835,0.2166,0.676967756585,0.0736
chr2,60808957,-0.01493638338748424,0.2146,0.676967756585,0.0687
chr2,60808958,-0.014936383412615032,0.215,0.676967756585,0.0648
chr2,60808959,-0.014936383433941944,0.2138,0.676967756585,0.0587
chr2,60808960,-0.014936383452520692,0.2144,0.676967756585,0.0546
chr2,60808961,-0.014936383469075793,0.214,0.676967756585,0.0477
chr2,60808962,-0.014936383484123114,0.213,0.676967756585,0.0431
chr2,60808963,-0.01493638349804084,0.213,0.676967756585,0.0396
chr2,60808964,-0.014936383511112667,0.2126,0.676967756585,0.0359
chr2,60808965,-0.014936383523554232,0.213,0.676967756585,0.0326
chr2,60808966,-0.014936383535530874,0.2124,0.676967756585,0.0309
chr2,60808967,-0.014936383547169713,0.2124,0.676967756585,0.0295
chr2,60808968,-0.014936383558568467,0.212,0.676967756585,0.0289
chr2,60808969,-0.014936383569802264,0.2118,0.676967756585,0.0281
chr2,60808970,-0.014936383580929687,0.2114,0.676967756585,0.027
chr2,60808971,-0.014936383591997924,0.21,0.676967756585,0.0266
chr2,60808972,-0.014936383603047798,0.2102,0.676967756585,0.0268
chr2,60808973,-0.014936383614119104,0.2048,0.676967756585,0.0269
chr2,60808974,-0.014936383625255255,0.203,0.675961137441,0.0269
chr2,60808975,-0.014936383636510075,0.2004,0.673431413813,0.0293
chr2,60808976,-0.014936383647954209,0.1998,0.672444337996,0.0313
chr2,60808977,-0.014936383659683266,0.1994,0.672444337996,0.033
chr2,60808978,-0.014936383671828294,0.199,0.672444337996,0.0363
chr2,60808979,-0.014936383684570226,0.1984,0.672444337996,0.0396
chr2,60808980,-0.014936383698161323,0.198,0.672444337996,0.0458
chr2,60808981,-0.014936383712959257,0.1974,0.672093622795,0.053
chr2,60808982,-0.014936383729484819,0.1974,0.672093622795,0.063
chr2,60808983,-0.014936383748525787,0.1978,0.672444337996,0.0756
chr2,60808984,-0.014936383771338203,0.1972,0.671803335919,0.093
chr2,60808985,-0.014936383800070948,0.1966,0.670279309006,0.1135
chr2,60808986,-0.014936383838767563,0.1952,0.667059922179,0.1401
chr2,60808987,-0.014936383896131961,0.1948,0.667059922179,0.1714
chr2,60808988,-0.014936383995179714,0.1946,0.666695728496,0.2004
chr2,60808989,-0.014936384223549279,0.1934,0.663749706917,0.2365
chr2,60808990,-0.014936385415647966,0.1938,0.664343676815,0.2725
chr2,60808991,-0.03347262851394443,0.0068,0.0902811791383,0.3432
chr2,60808992,-0.03347262889929349,0.0064,0.0864073789393,0.3807
chr2,60808993,-0.03347262901344507,0.0062,0.0856155660377,0.4133
chr2,60808994,-0.0334726290663208,0.0058,0.0835742411813,0.5431
chr2,60808995,-0.0334726290962134,0.0058,0.0835742411813,0.6898
chr2,60808996,-0.033472629115182354,0.0058,0.0835742411813,0.6682
chr2,60808997,-0.03347262912815918,0.0054,0.0811385799829,0.6271
chr2,60808998,-0.03347262913749537,0.005,0.0786962365591,0.5613
chr2,60808999,-0.0334726291444316,0.005,0.0786962365591,0.4859
chr2,60809000,-0.033472629149666,0.005,0.0786962365591,0.3985
chr2,60809001,-0.03347262915360361,0.005,0.0786962365591,0.3223
chr2,60809002,-0.0334726291564769,0.0052,0.0804031690141,0.2518
chr2,60809003,-0.033472629158407485,0.0054,0.0811385799829,0.1965
chr2,60809004,-0.033472629159438064,0.0054,0.0811385799829,0.1659
chr2,60809005,-0.03347262915954699,0.0052,0.0804031690141,0.1571
chr2,60809006,-0.033472629158650936,0.005,0.0786962365591,0.1651
chr2,60809007,-0.03347262915659578,0.005,0.0786962365591,0.1677
chr2,60809008,-0.03347262915313325,0.005,0.0786962365591,0.2001
chr2,60809009,-0.03347262914787422,0.0046,0.0758676056338,0.2251
chr2,60809010,-0.03347262914019808,0.0044,0.0758676056338,0.2567
chr2,60809011,-0.03347262912906986,0.004,0.0738025210084,0.2919
chr2,60809012,-0.011148098162021117,0.323,0.719594104308,0.3251
chr2,60809013,-0.011148098136099105,0.3222,0.719594104308,0.3554
chr2,60809014,-0.011148098109646225,0.3194,0.715777111508,0.3794
chr2,60809015,-0.011148098082749986,0.3182,0.714356367352,0.394
chr2,60809016,-0.011148098055517258,0.3192,0.715602807913,0.3992
chr2,60809017,-0.01114809802806207,0.3158,0.71271065142,0.3923
chr2,60809018,-0.011148098000490986,0.3172,0.713486746062,0.3781
chr2,60809019,-0.01114809797289381,0.317,0.713219546561,0.3443
chr2,60809020,-0.011148097945342234,0.3182,0.714356367352,0.2958
chr2,60809021,-0.01114809791789278,0.316,0.712795685116,0.2416
chr2,60809022,-0.011148097890590146,0.3146,0.711642471042,0.1827
chr2,60809023,-0.011148097863469514,0.3126,0.710877654065,0.139
chr2,60809024,-0.011148097836557938,0.312,0.710698873203,0.1189
chr2,60809025,-0.011148097809875492,0.31,0.710698873203,0.1016
chr2,60809026,-0.011148097783436216,0.3108,0.710698873203,0.0848
chr2,60809027,-0.01114809775724925,0.311,0.710698873203,0.0709
chr2,60809028,-0.011148097731319789,0.3116,0.710698873203,0.0609
chr2,60809029,-0.011148097705650114,0.3094,0.710698873203,0.0529
chr2,60809030,-0.011148097680240809,0.3098,0.710698873203,0.0487
chr2,60809031,-0.011148097655092653,0.3104,0.710698873203,0.0472
chr2,60809032,-0.011148097630209648,0.3112,0.710698873203,0.0442
chr2,60809033,-0.011148097605603266,0.3088,0.710698873203,0.0445
chr2,60809034,-0.011148097581297547,0.3034,0.708951608615,0.0492
chr2,60809035,-0.013385796679154799,0.2086,0.676967756585,0.0554
chr2,60809036,-0.013385796673439919,0.2066,0.676967756585,0.0707
chr2,60809037,-0.01338579666776885,0.2046,0.676967756585,0.0911
chr2,60809038,-0.013385796662127409,0.2036,0.676572859573,0.1137
chr2,60809039,-0.013385796656508386,0.2024,0.675371580547,0.1563
chr2,60809040,-0.013385796650910884,0.2022,0.675345693098,0.2453
chr2,60809041,-0.013385796645339891,0.2014,0.674726492466,0.4362
chr2,60809042,-0.013385796639805913,0.2018,0.675165142857,0.6663
chr2,60809043,-0.013385796634324317,0.2026,0.675525626424,0.8195
chr2,60809044,-0.013385796628914263,0.2028,0.675679438543,0.901
chr2,60809045,-0.013385796623597292,0.2006,0.673716826004,0.9388
chr2,60809046,-0.013385796618395366,0.2018,0.675165142857,0.9471
chr2,60809047,-0.013385796613328605,0.1996,0.672444337996,0.9379
chr2,60809048,-0.013385796608412982,0.2002,0.673274554854,0.9095
chr2,60809049,-0.013385796603658377,0.2022,0.675345693098,0.8326
chr2,60809050,-0.013385796599067284,0.2038,0.676572859573,0.6969
chr2,60809051,-0.013385796594634179,0.2048,0.676967756585,0.4961
chr2,60809052,-0.013385796590345805,0.2078,0.676967756585,0.3064
chr2,60809053,-0.013385796586182271,0.2096,0.676967756585,0.2216
chr2,60809054,-0.01338579658211886,0.2084,0.676967756585,0.1696
chr2,60809055,-0.013385796578128262,0.2088,0.676967756585,0.1336
chr2,60809056,-0.013385796574183163,0.2084,0.676967756585,0.1093
chr2,60809057,-0.01338579657025886,0.2074,0.676967756585,0.0945
chr2,60809058,-0.01338579656633565,0.2058,0.676967756585,0.0853
chr2,60809059,-0.013385796562400852,0.2062,0.676967756585,0.0844
chr2,60809060,-0.013385796558450106,0.2066,0.676967756585,0.0815
chr2,60809061,-0.013385796554487829,0.2068,0.676967756585,0.0769
chr2,60809062,-0.013385796550526753,0.2074,0.676967756585,0.0752
chr2,60809063,-0.013385796546586486,0.2056,0.676967756585,0.0747
chr2,60809064,-0.01338579654269131,0.2078,0.676967756585,0.0744
chr2,60809065,-0.013385796538867574,0.206,0.676967756585,0.0695
chr2,60809066,-0.01338579653514092,0.2054,0.676967756585,0.066
chr2,60809067,-0.013385796531533996,0.206,0.676967756585,0.0643
chr2,60809068,-0.013385796528064865,0.2042,0.676967756585,0.063
chr2,60809069,-0.013385796524746392,0.2054,0.676967756585,0.0595
chr2,60809070,-0.013385796521586479,0.2044,0.676967756585,0.0558
chr2,60809071,-0.013385796518589153,0.2062,0.676967756585,0.0523
chr2,60809072,-0.01338579651575635,0.2078,0.676967756585,0.0511
chr2,60809073,-0.01114809732262838,0.298,0.706202104695,0.0521
chr2,60809074,-0.011148097359160867,0.3002,0.707502079699,0.0552
chr2,60809075,-0.011148097423169771,0.3022,0.708594720704,0.0601
chr2,60809076,-0.011148097577456297,0.3058,0.710698873203,0.0672
chr2,60809077,-0.011148099233649322,0.3098,0.710698873203,0.0714
chr2,60809078,-0.01338579650258044,0.2192,0.676967756585,0.0861
chr2,60809079,-0.013385796501202033,0.2202,0.676967756585,0.1057
chr2,60809080,-0.013385796500156134,0.2214,0.676967756585,0.133
chr2,60809081,-0.013385796499499156,0.2204,0.676967756585,0.1774
chr2,60809082,-0.013385796499296393,0.2188,0.676967756585,0.2605
chr2,60809083,-0.013385796499622783,0.219,0.676967756585,0.3572
chr2,60809084,-0.013385796500564264,0.2196,0.676967756585,0.4581
chr2,60809085,-0.013385796502219783,0.2206,0.676967756585,0.5373
chr2,60809086,-0.013385796504703625,0.2208,0.676967756585,0.5951
chr2,60809087,-0.013385796508147543,0.2202,0.676967756585,0.6287
chr2,60809088,-0.013385796512701834,0.2214,0.676967756585,0.6386
chr2,60809089,-0.01338579651853426,0.2222,0.676967756585,0.6274
chr2,60809090,-0.013385796525825661,0.2214,0.676967756585,0.5916
chr2,60809091,-0.013385796534761482,0.2252,0.676967756585,0.5427
chr2,60809092,-0.013385796545519978,0.2252,0.676967756585,0.4179
chr2,60809093,-0.01338579655826071,0.2278,0.676967756585,0.3672
chr2,60809094,-0.013385796573118586,0.226,0.676967756585,0.3136
chr2,60809095,-0.013385796590216614,0.2246,0.676967756585,0.226
chr2,60809096,-0.013385796609699463,0.224,0.676967756585,0.1868
chr2,60809097,-0.01338579663179432,0.2242,0.676967756585,0.1726
chr2,60809098,-0.013385796656900728,0.2228,0.676967756585,0.159
chr2,60809099,-0.013385796685719967,0.2224,0.676967756585,0.1524
chr2,60809100,-0.013385796719460634,0.222,0.676967756585,0.143
chr2,60809101,-0.01338579676021751,0.2222,0.676967756585,0.1475
chr2,60809102,-0.013385796811777564,0.223,0.676967756585,0.1382
chr2,60809103,-0.01942978821884786,0.0758,0.434113791979,0.1293
chr2,60809104,-0.03292389893510847,0.0048,0.0775639374425,0.118
chr2,60809105,-0.032923899542218533,0.0046,0.0758676056338,0.1059
chr2,60809106,-0.03292389974790857,0.0044,0.0758676056338,0.094
chr2,60809107,-0.03292389985309448,0.0046,0.0758676056338,0.0828
chr2,60809108,-0.03292389991508102,0.005,0.0786962365591,0.0752
chr2,60809109,-0.03292389995422766,0.0056,0.0823129707113,0.0681
chr2,60809110,-0.03292389997987949,0.006,0.0844471153846,0.0601
chr2,60809111,-0.03292389999714237,0.0058,0.0835742411813,0.0559
chr2,60809112,-0.03292390000915992,0.006,0.0844471153846,0.0572
chr2,60809113,-0.03292390001803537,0.006,0.0844471153846,0.0558
chr2,60809114,-0.03292390002526229,0.0058,0.0835742411813,0.0574
chr2,60809115,-0.032923900031944495,0.006,0.0844471153846,0.0579
chr2,60809116,-0.032923900038916064,0.0062,0.0856155660377,0.0589
chr2,60809117,-0.032923900046809826,0.006,0.0844471153846,0.0588
chr2,60809118,-0.03292390005609837,0.0058,0.0835742411813,0.0616
chr2,60809119,-0.032923900067121245,0.006,0.0844471153846,0.0661
chr2,60809120,-0.0329239000801058,0.0058,0.0835742411813,0.0634
chr2,60809121,-0.03292390009518518,0.006,0.0844471153846,0.0645
chr2,60809122,-0.032923900112415354,0.0062,0.0856155660377,0.0616
chr2,60809123,-0.03292390013179173,0.006,0.0844471153846,0.0587
chr2,60809124,-0.032923900153264164,0.0064,0.0864073789393,0.0588
chr2,60809125,-0.032923900176750065,0.0064,0.0864073789393,0.0593
chr2,60809126,-0.03292390020214469,0.007,0.0923779113449,0.0591
chr2,60809127,-0.032923900229328645,0.007,0.0923779113449,0.0586
chr2,60809128,-0.032923900258172586,0.007,0.0923779113449,0.0567
chr2,60809129,-0.03292390028853989,0.0072,0.0946616766467,0.056
chr2,60809130,-0.032923900320288316,0.0074,0.0967840655249,0.0549
chr2,60809131,-0.03292390035327087,0.0072,0.0946616766467,0.0545
chr2,60809132,-0.03292390038733694,0.0074,0.0967840655249,0.0547
chr2,60809133,-0.03292390042233361,0.0074,0.0967840655249,0.0551
chr2,60809134,-0.032923900458107044,0.0072,0.0946616766467,0.0576
chr2,60809135,-0.032923900494503715,0.0064,0.0864073789393,0.0581
chr2,60809136,-0.0329239005313712,0.006,0.0844471153846,0.0698
chr2,60809137,-0.03292390056855821,0.006,0.0844471153846,0.0804
chr2,60809138,-0.03292390060591387,0.0062,0.0856155660377,0.0992
chr2,60809139,-0.03292390064328678,0.0058,0.0835742411813,0.1168
chr2,60809140,-0.03292390068052432,0.0058,0.0835742411813,0.15
chr2,60809141,-0.03292390071747341,0.0056,0.0823129707113,0.2115
chr2,60809142,-0.032923900753984284,0.0054,0.0811385799829,0.3479
chr2,60809143,-0.03292390078991808,0.0052,0.0804031690141,0.4713
chr2,60809144,-0.03292390082515877,0.0046,0.0758676056338,0.674
chr2,60809145,-0.032923900859627195,0.0048,0.0775639374425,0.8044
chr2,60809146,-0.03292390089329251,0.0048,0.0775639374425,0.8813
chr2,60809147,-0.03292390092617339,0.0048,0.0775639374425,0.9144
chr2,60809148,-0.03292390095832567,0.0048,0.0775639374425,0.9191
chr2,60809149,-0.03292390098981954,0.0052,0.0804031690141,0.9048
chr2,60809150,-0.03292390102071756,0.0048,0.0775639374425,0.8595
chr2,60809151,-0.03292390105106318,0.0052,0.0804031690141,0.7592
chr2,60809152,-0.03292390108088268,0.0054,0.0811385799829,0.6017
chr2,60809153,-0.03292390111019466,0.0056,0.0823129707113,0.4677
chr2,60809154,-0.03292390113902025,0.0056,0.0823129707113,0.3878
chr2,60809155,-0.03292390116738967,0.0058,0.0835742411813,0.2472
chr2,60809156,-0.032923901195344336,0.006,0.0844471153846,0.2018
chr2,60809157,-0.03292390122293509,0.0054,0.0811385799829,0.1366
chr2,60809158,-0.0329239012502189,0.0056,0.0823129707113,0.1018
chr2,60809159,-0.03292390127725507,0.0058,0.0835742411813,0.0823
chr2,60809160,-0.03292390130410223,0.0056,0.0823129707113,0.0706
chr2,60809161,-0.03292390133081613,0.006,0.0844471153846,0.0621
chr2,60809162,-0.032923901357448625,0.0064,0.0864073789393,0.0603
chr2,60809163,-0.03292390138404743,0.007,0.0923779113449,0.0602
chr2,60809164,-0.032923901410656486,0.007,0.0923779113449,0.0631
chr2,60809165,-0.032923901437316445,0.0064,0.0864073789393,0.0692
chr2,60809166,-0.03292390146406507,0.0064,0.0864073789393,0.0805
chr2,60809167,-0.03292390149093743,0.0064,0.0864073789393,0.0926
chr2,60809168,-0.03292390151796535,0.0062,0.0856155660377,0.1034
chr2,60809169,-0.032923901545176396,0.0062,0.0856155660377,0.1181
chr2,60809170,-0.0329239015725925,0.0058,0.0835742411813,0.1444
chr2,60809171,-0.03292390160022818,0.0058,0.0835742411813,0.1611
chr2,60809172,-0.03292390162808823,0.0058,0.0835742411813,0.1724
chr2,60809173,-0.03292390165616499,0.0062,0.0856155660377,0.1888
chr2,60809174,-0.03292390168443431,0.0064,0.0864073789393,0.19
chr2,60809175,-0.03292390171285076,0.0064,0.0864073789393,0.1859
chr2,60809176,-0.03292390174134183,0.0066,0.088630733945,0.1759
chr2,60809177,-0.032202573650960756,0.008,0.103399558499,0.1668
chr2,60809178,-0.03220257354019419,0.0082,0.105596041056,0.1604
chr2,60809179,-0.032202573508950956,0.009,0.114388567294,0.16
chr2,60809180,-0.03220257349256484,0.0104,0.131138549892,0.174
chr2,60809181,-0.03220257347973234,0.0114,0.143131522516,0.1615
chr2,60809182,-0.03220257346877166,0.0114,0.143131522516,0.1699
chr2,60809183,-0.03220257345909884,0.0128,0.159229461756,0.1948
chr2,60809184,-0.03220257345041783,0.0136,0.166353760446,0.2458
chr2,60809185,-0.03220257344257618,0.013,0.159793561931,0.3148
chr2,60809186,-0.03220257343549633,0.0134,0.164135983264,0.3851
chr2,60809187,-0.032202573429135566,0.0138,0.168448227936,0.4385
chr2,60809188,-0.03220257342346315,0.0138,0.168448227936,0.4522
chr2,60809189,-0.03220257341844793,0.0142,0.172491701245,0.4385
chr2,60809190,-0.0322025734140522,0.0146,0.176739490007,0.3941
chr2,60809191,-0.03220257341022971,0.0146,0.176739490007,0.3283
chr2,60809192,-0.032202573406926165,0.0154,0.185528806584,0.2514
chr2,60809193,-0.03220257340408138,0.0162,0.19265605958,0.1749
chr2,60809194,-0.032202573401632205,0.017,0.200675403226,0.1121
chr2,60809195,-0.032202573399515946,0.0174,0.204709310114,0.0992
chr2,60809196,-0.03220257339767317,0.0178,0.208716288385,0.0824
chr2,60809197,-0.01151049053978054,0.3692,0.765643211334,0.0702
chr2,60809198,-0.011510490370300578,0.3738,0.771539012926,0.0647
chr2,60809199,-0.011510490135979394,0.3794,0.774902630365,0.0598
chr2,60809200,-0.011510490021297287,0.3862,0.777668577324,0.0571
chr2,60809201,-0.01151048996391165,0.3992,0.78062323356,0.0554
chr2,60809202,-0.011510489932270418,0.4076,0.782333511263,0.0566
chr2,60809203,-0.011510489913989072,0.4128,0.782333511263,0.0624
chr2,60809204,-0.011510489903638909,0.4134,0.782333511263,0.0634
chr2,60809205,-0.011510489898474077,0.415,0.782333511263,0.0671
chr2,60809206,-0.011510489896934852,0.4172,0.782333511263,0.0686
chr2,60809207,-0.01151048989805279,0.4176,0.782498826541,0.0712
chr2,60809208,-0.011510489901184766,0.417,0.782333511263,0.0736
chr2,60809209,-0.011510489905881199,0.4182,0.782704635056,0.0754
chr2,60809210,-0.011510489911814609,0.4212,0.78539044586,0.0738
chr2,60809211,-0.01151048991873776,0.4242,0.785735404114,0.0727
chr2,60809212,-0.011510489926457902,0.4276,0.785735404114,0.0713
chr2,60809213,-0.011510489934820466,0.4308,0.785855436702,0.072
chr2,60809214,-0.0115104899436983,0.4346,0.788203304078,0.0716
chr2,60809215,-0.011510489952984884,0.4398,0.794762037037,0.0714
chr2,60809216,-0.011510489962589576,0.4442,0.799423463115,0.0707
chr2,60809217,-0.011510489972434146,0.4442,0.799423463115,0.0697
chr2,60809218,-0.011510489982449962,0.443,0.797917863002,0.0697
chr2,60809219,-0.011510489992575514,0.4428,0.797803056724,0.0691
chr2,60809220,-0.011510490002753945,0.443,0.797917863002,0.0677
chr2,60809221,-0.011510490012930632,0.4428,0.797803056724,0.067
chr2,60809222,-0.011510490023050839,0.4436,0.798589115507,0.0635
chr2,60809223,-0.011510490033057649,0.4436,0.798589115507,0.0673
chr2,60809224,-0.011510490042890415,0.445,0.799961621124,0.063
chr2,60809225,-0.011510490052483915,0.4488,0.804815926493,0.0713
chr2,60809226,-0.011510490061768505,0.4504,0.807026012445,0.081
chr2,60809227,-0.011510490070671404,0.451,0.807800224238,0.0806
chr2,60809228,-0.011510490079119074,0.4512,0.807800224238,0.08
chr2,60809229,-0.011510490087040614,0.4512,0.807800224238,0.0808
chr2,60809230,-0.01151049009437179,0.4512,0.807800224238,0.0808
chr2,60809231,-0.01151049010105931,0.4512,0.807800224238,0.08
chr2,60809232,-0.011510490107064722,0.4512,0.807800224238,0.0782
chr2,60809284,-0.009108004358055144,0.7768,0.897402573175,0.447
chr2,60809285,-0.009108004356014188,0.7768,0.897402573175,0.4886
chr2,60809286,-0.009108004353857096,0.7768,0.897402573175,0.5117
chr2,60809287,-0.00910800435163392,0.7768,0.897402573175,0.5206
chr2,60809288,-0.009108004349399502,0.7768,0.897402573175,0.5117
chr2,60809289,-0.009108004347209365,0.7768,0.897402573175,0.4886
chr2,60809290,-0.009108004345115587,0.7768,0.897402573175,0.447
chr2,60816294,0.006023006461141593,0.6642,0.897402573175,0.7265
chr2,60816295,0.006023006459172709,0.6642,0.897402573175,0.7841
chr2,60816296,0.0060230064569361955,0.6642,0.897402573175,0.819
chr2,60816297,0.0060230064544348535,0.6642,0.897402573175,0.8293
chr2,60816298,0.006023006451677895,0.6642,0.897402573175,0.8225
chr2,60816299,0.006023006448680306,0.6642,0.897402573175,0.7908
chr2,60816300,0.006023006445461862,0.6642,0.897402573175,0.7386
chr2,60816301,0.006023006442045843,0.6642,0.897402573175,0.6654
chr2,60816302,0.006023006438457575,0.6636,0.897402573175,0.558
chr2,60816303,0.006023006434722987,0.663,0.897402573175,0.4445
chr2,60816304,0.00602300643086728,0.6624,0.897402573175,0.3366
chr2,60816305,0.00602300642691385,0.6624,0.897402573175,0.2441
chr2,60816306,0.006023006422883534,0.6618,0.897402573175,0.1233
chr2,60816307,0.006023006418794194,0.6628,0.897402573175,0.0914
chr2,60816308,0.006023006414660617,0.663,0.897402573175,0.0666
chr2,60816309,0.006023006410494653,0.662,0.897402573175,0.0524
chr2,60816310,0.00602300640630552,0.661,0.897402573175,0.0444
chr2,60816311,0.006023006402100185,0.6618,0.897402573175,0.039
chr2,60816312,0.0060230063978837815,0.6612,0.897402573175,0.0352
chr2,60816313,0.006023006393660007,0.6618,0.897402573175,0.0321
chr2,60816314,0.0060230063894314515,0.662,0.897402573175,0.0301
chr2,60816315,0.006023006385199901,0.6624,0.897402573175,0.0279
chr2,60816316,0.006023006380966577,0.663,0.897402573175,0.0269
chr2,60816317,0.0060230063767323415,0.6622,0.897402573175,0.0266
chr2,60816318,0.006023006372497856,0.66,0.897402573175,0.0263
chr2,60816319,0.006023006368263726,0.6554,0.897402573175,0.0255
chr2,60816320,0.006023006364030641,0.6478,0.897402573175,0.0265
chr2,60816321,0.006023006359799513,0.6438,0.897402573175,0.0265
chr2,60816322,0.006023006355571622,0.6396,0.897402573175,0.0269
chr2,60816323,0.006023006351348809,0.6388,0.897402573175,0.0287
chr2,60816324,0.006023006347133681,0.6386,0.897402573175,0.03
chr2,60816325,0.006023006342929834,0.6378,0.897402573175,0.0317
chr2,60816326,0.00602300633874206,0.6384,0.897402573175,0.0338
chr2,60816327,0.006023006334576543,0.6378,0.897402573175,0.0372
chr2,60816328,0.0060230063304409906,0.6378,0.897402573175,0.0406
chr2,60816329,0.006023006326344657,0.6378,0.897402573175,0.0467
chr2,60816330,0.006023006322298225,0.6382,0.897402573175,0.0543
chr2,60816331,0.006023006318313522,0.6382,0.897402573175,0.0649
chr2,60816332,0.006023006314403066,0.6382,0.897402573175,0.078
chr2,60816333,0.006023006310579446,0.6382,0.897402573175,0.0904
chr2,60816334,0.006023006306854565,0.6386,0.897402573175,0.103
chr2,60816335,0.0060230063032388525,0.6382,0.897402573175,0.1137
chr2,60816336,0.006023006299740519,0.6376,0.897402573175,0.1217
chr2,60816337,0.006023006296364929,0.6372,0.897402573175,0.0963
chr2,60816338,0.0060230062931142005,0.6366,0.897402573175,0.0943
chr2,60816339,0.006023006289987101,0.6352,0.897402573175,0.0914
chr2,60816340,0.006023006286979229,0.6352,0.897402573175,0.0837
chr2,60816341,0.006023006284083517,0.6368,0.897402573175,0.075
chr2,60816342,0.006023006281290986,0.636,0.897402573175,0.0665
chr2,60816343,0.006023006278591661,0.6346,0.897402573175,0.0608
chr2,60816344,0.006023006275975594,0.6338,0.897402573175,0.0553
chr2,60816345,0.006023006273433849,0.6336,0.897402573175,0.0511
chr2,60816346,0.006023006270959411,0.6348,0.897402573175,0.0571
chr2,60816347,0.006023006268547913,0.6324,0.897402573175,0.055
chr2,60816348,0.006023006266198158,0.635,0.897402573175,0.0561
chr2,60816349,0.0060230062639123885,0.6344,0.897402573175,0.0618
chr2,60816350,0.006023006261696282,0.6338,0.897402573175,0.0891
chr2,60816351,0.006023006259558662,0.6318,0.897402573175,0.158
chr2,60816352,0.0060230062575109084,0.6304,0.897402573175,0.1878
chr2,60816353,0.006023006255566086,0.6294,0.897402573175,0.2301
chr2,60816354,0.006023006253737832,0.6282,0.897402573175,0.2662
chr2,60816355,0.006023006252039087,0.6292,0.897402573175,0.2954
chr2,60816356,0.006023006250480821,0.629,0.897402573175,0.314
chr2,60816357,0.00602300624907088,0.629,0.897402573175,0.3198
chr2,60816358,0.006023006247813129,0.6266,0.897402573175,0.3105
chr2,60816359,0.006023006246707012,0.6264,0.897402573175,0.2897
chr2,60816360,0.006023006245747523,0.6254,0.897402573175,0.2574
chr2,60816361,0.006023006244925654,0.6244,0.897402573175,0.2187
chr2,60816362,0.00602300624422916,0.6244,0.897402573175,0.1786
chr2,60816363,0.006023006243643547,0.6246,0.897402573175,0.1445
chr2,60816364,0.00602300624315317,0.6256,0.897402573175,0.1122
chr2,60816365,0.006023006242742256,0.6252,0.897402573175,0.0861
chr2,60816366,0.006023006242395766,0.6252,0.897402573175,0.0659
chr2,60816367,0.006023006242100065,0.6248,0.897402573175,0.0539
chr2,60816368,0.006023006241843342,0.6242,0.897402573175,0.0434
chr2,60816369,0.006023006241615818,0.6246,0.897402573175,0.0374
chr2,60816370,0.0060230062414097715,0.6246,0.897402573175,0.0335
chr2,60816371,0.00602300624121945,0.624,0.897402573175,0.0318
chr2,60816372,0.006023006241040913,0.621,0.897402573175,0.0305
chr2,60816373,0.00602300624087187,0.6168,0.897402573175,0.0307
chr2,60816374,0.0060230062407115505,0.6128,0.897402573175,0.0308
chr2,60816375,0.0060230062405606175,0.611,0.897402573175,0.0324
chr2,60816376,0.00602300624042115,0.6094,0.897402573175,0.038
chr2,60816377,0.006023006240296668,0.6094,0.897402573175,0.0444
chr2,60816378,0.00602300624019217,0.6086,0.897402573175,0.0544
chr2,60816379,0.006023006240114168,0.6078,0.897402573175,0.0537
chr2,60816380,0.006023006240070646,0.6086,0.897402573175,0.0647
chr2,60816381,0.006023006240070907,0.6086,0.897402573175,0.0801
chr2,60816382,0.00602300624012528,0.6088,0.897402573175,0.0981
chr2,60816383,0.0060230062402446315,0.6086,0.897402573175,0.1182
chr2,60816384,0.006023006240439698,0.6082,0.897402573175,0.1441
chr2,60816385,0.006023006240720304,0.6072,0.897402573175,0.1657
chr2,60816386,0.006023006241094463,0.6072,0.897402573175,0.1831
chr2,60816387,0.006023006241567542,0.607,0.897402573175,0.196
chr2,60816388,0.0060230062421415854,0.6072,0.897402573175,0.2012
chr2,60816389,0.006023006242814937,0.6074,0.897402573175,0.3161
chr2,60816390,0.006023006243582265,0.6072,0.897402573175,0.2969
chr2,60816391,0.006023006244434984,0.6074,0.897402573175,0.2664
chr2,60816392,0.006023006245362082,0.6074,0.897402573175,0.2253
chr2,60816393,0.0060230062463512,0.6074,0.897402573175,0.1827
chr2,60816394,0.006023006247389778,0.6074,0.897402573175,0.146
chr2,60816395,0.006023006248466099,0.6074,0.897402573175,0.1126
chr2,60816396,0.0060230062495700305,0.6072,0.897402573175,0.0648
chr2,60816397,0.006023006250693389,0.6072,0.897402573175,0.0463
chr2,60816398,0.006023006251829974,0.6072,0.897402573175,0.0398
chr2,60816399,0.006023006252975331,0.6066,0.897402573175,0.0349
chr2,60816400,0.006023006254126392,0.6068,0.897402573175,0.0317
chr2,60816401,0.00602300625528112,0.6074,0.897402573175,0.0295
chr2,60816402,0.006023006256438185,0.6062,0.897402573175,0.0281
chr2,60816403,0.006023006257596729,0.606,0.897402573175,0.0268
chr2,60816404,0.0060230062587562005,0.6058,0.897402573175,0.0263
chr2,60816405,0.006023006259916248,0.6052,0.897402573175,0.0258
chr2,60816406,0.006023006261076601,0.6054,0.897402573175,0.0258
chr2,60816407,0.006023006262237075,0.6054,0.897402573175,0.0256
chr2,60816408,0.006023006263397494,0.605,0.897402573175,0.0255
chr2,60816409,0.006023006264557648,0.6074,0.897402573175,0.0252
chr2,60816410,0.006023006265717225,0.609,0.897402573175,0.0255
chr2,60816411,0.006023006266875722,0.6044,0.897402573175,0.0254
chr2,60816412,0.006023006268032313,0.6016,0.897402573175,0.0254
chr2,60816413,0.00602300626918568,0.6014,0.897402573175,0.0258
chr2,60816414,0.00602300627033374,0.601,0.897402573175,0.0263
chr2,60816415,0.00602300627147332,0.601,0.897402573175,0.027
chr2,60816416,0.006023006272599728,0.6006,0.897402573175,0.0277
chr2,60816417,0.006023006273706215,0.6006,0.897402573175,0.0293
chr2,60816418,0.006023006274783366,0.6002,0.897402573175,0.0313
chr2,60816419,0.00602300627581843,0.6002,0.897402573175,0.0342
chr2,60816420,0.0060230062767945925,0.6002,0.897402573175,0.0398
chr2,60816421,0.0060230062776902675,0.6,0.897402573175,0.0449
chr2,60816422,0.006023006278478369,0.6,0.897402573175,0.0463
chr2,60816423,0.006023006279125625,0.6002,0.897402573175,0.0482
chr2,60816424,0.00602300627959159,0.6002,0.897402573175,0.0547
chr2,60816425,0.006023006279827255,0.5996,0.897402573175,0.0614
chr2,60816426,0.006023006279772624,0.5996,0.897402573175,0.0693
chr2,60816427,0.006023006279352087,0.5996,0.897402573175,0.0767
chr2,60816428,0.006023006278465317,0.599,0.897402573175,0.0833
chr2,60816429,0.006023006276968988,0.5994,0.897402573175,0.0879
chr2,60816430,0.006023006274638113,0.5992,0.897402573175,0.0901
chr2,60816431,0.0060230062710778754,0.5988,0.897402573175,0.0904
chr2,60816432,0.006023006265496579,0.6004,0.897402573175,0.0877
chr2,60816433,0.006023006256002164,0.6004,0.897402573175,0.0855
chr2,60816434,0.006023006236659928,0.6008,0.897402573175,0.0833
chr2,60816435,0.006023006174461805,0.601,0.897402573175,0.0807
chr2,60816436,-0.011357736981319946,0.458,0.814990375848,0.0793
chr2,60816437,-0.011357736994293424,0.459,0.816273666093,0.0801
chr2,60816438,-0.011357737007077021,0.4616,0.817503932244,0.0835
chr2,60816439,-0.011357737019708675,0.465,0.818573361395,0.0903
chr2,60816440,-0.011357737032222353,0.4672,0.820554744526,0.1267
chr2,60816441,-0.011357737044646482,0.4674,0.820823935213,0.1519
chr2,60816442,-0.01135773705700297,0.4678,0.821115918857,0.1815
chr2,60816443,-0.01135773706930682,0.4706,0.823479677227,0.2177
chr2,60816444,-0.011357737081566264,0.469,0.822318327011,0.2576
chr2,60816445,-0.01135773709378318,0.469,0.822318327011,0.2954
chr2,60816446,-0.011357737105953666,0.4722,0.823723536984,0.3267
chr2,60816447,-0.011357737118068523,0.4716,0.823723536984,0.3518
chr2,60816448,-0.011357737130113614,0.4726,0.823723536984,0.3662
chr2,60816449,-0.011357737142070052,0.4728,0.823723536984,0.3652
chr2,60816450,-0.011357737153914341,0.473,0.823723536984,0.3546
chr2,60816451,-0.011357737165618548,0.4734,0.823723536984,0.3352
chr2,60816452,-0.01135773717715068,0.4736,0.823723536984,0.3072
chr2,60816453,-0.011357737188475497,0.4728,0.823723536984,0.2781
chr2,60816454,-0.011357737199555767,0.4734,0.823723536984,0.2504
chr2,60816455,-0.011357737210354062,0.479,0.829665220392,0.2257
chr2,60816456,-0.011357737220834902,0.4824,0.834813399015,0.2041
chr2,60816457,-0.011357737230966935,0.484,0.837252314359,0.1881
chr2,60816458,-0.011357737240724797,0.4832,0.836033096927,0.1757
chr2,60816459,-0.01135773725009046,0.4864,0.839915060952,0.1622
chr2,60816460,-0.011357737259053712,0.4862,0.839652246583,0.1516
chr2,60816461,-0.011357737267611797,0.4888,0.843561799961,0.1426
chr2,60816462,-0.011357737275768127,0.4906,0.845754146629,0.1355
chr2,60816463,-0.01135773728353029,0.4952,0.850101509985,0.1312
chr2,60816464,-0.011357737290907619,0.4988,0.85277613393,0.1345
chr2,60816465,-0.011357737297908595,0.5016,0.856979282171,0.1389
chr2,60816466,-0.011357737304538564,0.5048,0.859187209302,0.1466
chr2,60816467,-0.011357737310798094,0.5062,0.860832833511,0.1641
chr2,60816468,-0.011357737316682215,0.5066,0.860832833511,0.186
chr2,60816469,-0.011357737322180766,0.5068,0.860922823985,0.2075
chr2,60816470,-0.011357737327279755,0.5066,0.860832833511,0.2313
chr2,60816471,-0.011357737331963547,0.5066,0.860832833511,0.2518
chr2,60816472,-0.011357737336217635,0.5066,0.860832833511,0.267
chr2,60816473,-0.011357737340031454,0.5066,0.860832833511,0.2728
chr2,60816474,-0.011357737343400917,0.5066,0.860832833511,0.2678
chr2,60816528,0.010476284409551381,0.5316,0.8823997354,0.1663
chr2,60816529,0.010476284400141783,0.5316,0.8823997354,0.1796
chr2,60816530,0.01047628438957186,0.5316,0.8823997354,0.1922
chr2,60816531,0.010476284377880493,0.5316,0.8823997354,0.1979
chr2,60816532,0.010476284365134097,0.5316,0.8823997354,0.1998
chr2,60816533,0.01047628435142295,0.5316,0.8823997354,0.1989
chr2,60816534,0.010476284336856486,0.5312,0.8823997354,0.1964
chr2,60816535,0.01047628432155817,0.5308,0.8823997354,0.1939
chr2,60816536,0.010476284305660501,0.5306,0.8823997354,0.1924
chr2,60816537,0.010476284289300539,0.5292,0.881163901792,0.194
chr2,60816538,0.010476284272616359,0.5268,0.879167537278,0.1989
chr2,60816539,0.010476284255744695,0.5278,0.879750142342,0.2188
chr2,60816540,0.010476284238819794,0.527,0.879167537278,0.25
chr2,60816541,0.010476284221973482,0.523,0.87598884333,0.2892
chr2,60816542,0.01047628420533602,0.5146,0.866879159873,0.3459
chr2,60816543,0.010476284189037175,0.5134,0.8660204552,0.4097
chr2,60816544,0.010476284173206818,0.512,0.865404157044,0.4818
chr2,60816545,0.010476284157974216,0.5132,0.865766231272,0.5506
chr2,60816546,0.010476284143465759,0.5128,0.865423904689,0.6085
chr2,60816547,0.010476284129800941,0.5126,0.865418973472,0.6522
chr2,60816548,0.010476284117087122,0.5126,0.865418973472,0.6769
chr2,60816549,0.010476284105413772,0.5126,0.865418973472,0.681
chr2,60816550,0.010476284094847133,0.5126,0.865418973472,0.6638
chr2,60816551,0.01047628408542607,0.5126,0.865418973472,0.6264
chr2,60816552,0.010476284077159765,0.5126,0.865418973472,0.568
chr2,60823560,0.016405924045290718,0.5606,0.897402573175,0.1987
chr2,60823561,0.016405924045789767,0.5606,0.897402573175,0.1966
chr2,60823562,0.016405924046362493,0.5606,0.897402573175,0.1863
chr2,60823563,0.016405924047007952,0.5606,0.897402573175,0.1715
chr2,60823564,0.01640592404772321,0.5606,0.897402573175,0.1542
chr2,60823565,0.01640592404850365,0.5606,0.897402573175,0.1383
chr2,60823566,0.016405924049343254,0.5606,0.897402573175,0.1243
chr2,60823567,0.01640592405023499,0.5606,0.897402573175,0.1113
chr2,60823568,0.016405924051171163,0.5606,0.897402573175,0.1039
chr2,60823569,0.016405924052143615,0.5606,0.897402573175,0.102
chr2,60823570,0.016405924053143853,0.559,0.896861070515,0.1027
chr2,60823571,0.016405924054163027,0.559,0.896861070515,0.1102
chr2,60823572,0.01640592405519185,0.559,0.896861070515,0.1222
chr2,60823573,0.016405924056220444,0.559,0.896861070515,0.1371
chr2,60823574,0.0164059240572383,0.559,0.896861070515,0.1528
chr2,60823575,0.01640592405823431,0.559,0.896861070515,0.169
chr2,60823576,0.01640592405919695,0.559,0.896861070515,0.1836
chr2,60823577,0.016405924060114728,0.559,0.896861070515,0.1939
chr2,60823578,0.01640592406097666,0.559,0.896861070515,0.1961
chr2,60823661,-0.008253761911501399,0.5842,0.897402573175,0.2992
chr2,60823662,-0.008253761889963096,0.5842,0.897402573175,0.3179
chr2,60823663,-0.008253761865611149,0.5842,0.897402573175,0.3294
chr2,60823664,-0.008253761838474632,0.5842,0.897402573175,0.3332
chr2,60823665,-0.008253761808625366,0.5842,0.897402573175,0.3332
chr2,60823666,-0.008253761776163493,0.5842,0.897402573175,0.3326
chr2,60823667,-0.008253761741201337,0.5844,0.897402573175,0.3344
chr2,60823668,-0.00825376170384795,0.5826,0.897402573175,0.3496
chr2,60823669,-0.008253761664196904,0.5764,0.897402573175,0.3636
chr2,60823670,-0.008253761622319184,0.5678,0.897402573175,0.4085
chr2,60823671,-0.008253761578262511,0.561,0.897402573175,0.4566
chr2,60823672,-0.008253761532056465,0.556,0.89368045388,0.4909
chr2,60823673,-0.008253761483722732,0.552,0.893206464018,0.5179
chr2,60823674,-0.008253761433287996,0.5498,0.893206464018,0.4479
chr2,60823675,-0.008253761380797097,0.5488,0.893206464018,0.4584
chr2,60823676,-0.008253761326324473,0.5472,0.893206464018,0.4609
chr2,60823677,-0.008253761269981586,0.5484,0.893206464018,0.4551
chr2,60823678,-0.008253761211920431,0.5472,0.893206464018,0.4338
chr2,60823679,-0.008253761152332728,0.5442,0.893206464018,0.4105
chr2,60823680,-0.008253761091445842,0.5408,0.890517671323,0.3732
chr2,60823681,-0.008253761029516903,0.5392,0.88871614901,0.3269
chr2,60823682,-0.008253760966826847,0.5402,0.889779913728,0.278
chr2,60823683,-0.00825376090367631,0.5388,0.888306926976,0.2379
chr2,60823684,-0.008253760840385024,0.537,0.886504229323,0.202
chr2,60823685,-0.008253760777296377,0.535,0.885282618935,0.1793
chr2,60823686,-0.008253760714788486,0.5366,0.886343708858,0.1559
chr2,60823687,-0.008253760653293054,0.5358,0.885771952941,0.1414
chr2,60823688,-0.00825376059332269,0.534,0.884458761429,0.1384
chr2,60823689,-0.008253760535505581,0.5326,0.883223103058,0.1423
chr2,60823690,-0.008253760480617899,0.5322,0.882811691378,0.1472
chr2,60823691,-0.008253760429583356,0.5278,0.879750142342,0.1666
chr2,60823692,-0.00825376038335854,0.5258,0.878584189498,0.1872
chr2,60823693,-0.00825376034257313,0.524,0.876994759409,0.2091
chr2,60823694,-0.00825376030689141,0.5212,0.873890607102,0.2303
chr2,60823695,-0.008253760274487754,0.5206,0.873051269811,0.2472
chr2,60823696,-0.00825376024240642,0.5198,0.872209304547,0.259
chr2,60823697,-0.008253760208049622,0.5196,0.87204032104,0.2647
chr2,60823698,-0.008253760170573254,0.5184,0.870442213937,0.2632
chr2,60823699,-0.008253760130711994,0.5162,0.867411556491,0.208
chr2,60823700,-0.008253760089677332,0.5146,0.866879159873,0.1658
chr2,60823701,-0.008253760048454963,0.5152,0.867058350101,0.1467
chr2,60823702,-0.00825376000766601,0.5146,0.866879159873,0.1269
chr2,60823703,-0.008253759967645179,0.5132,0.865766231272,0.1071
chr2,60823704,-0.008253759928537496,0.513,0.865595100865,0.0908
chr2,60823705,-0.00825375989036783,0.5122,0.865418973472,0.076
chr2,60823706,-0.008253759853087789,0.512,0.865404157044,0.0587
chr2,60823707,-0.008253759816608837,0.5104,0.863780325658,0.0484
chr2,60823708,-0.00825375978082669,0.5098,0.863263954497,0.0429
chr2,60823709,-0.00825375974563973,0.5096,0.863258173401,0.0382
chr2,60823710,-0.008253759710962918,0.5122,0.865418973472,0.0349
chr2,60823711,-0.008253759676738215,0.5126,0.865418973472,0.0333
chr2,60823712,-0.008253759642942348,0.5118,0.865399210628,0.0324
chr2,60823713,-0.008253759609592647,0.5128,0.865423904689,0.0318
chr2,60823714,-0.008253759576751318,0.5092,0.86307999614,0.0326
chr2,60823715,-0.00825375954452829,0.5084,0.862473053892,0.0339
chr2,60823716,-0.00825375951308244,0.5042,0.858581968008,0.0375
chr2,60823717,-0.008253759482620724,0.5042,0.858581968008,0.0421
chr2,60823718,-0.008253759453394759,0.5052,0.859534870205,0.0457
chr2,60823719,-0.00825375942569445,0.5052,0.859534870205,0.0506
chr2,60823720,-0.00825375939983868,0.504,0.858574338086,0.0533
chr2,60823721,-0.008253759376163636,0.5042,0.858581968008,0.0592
chr2,60823722,-0.008253759355009884,0.5046,0.859096539692,0.0637
chr2,60823723,-0.00825375933671051,0.504,0.858574338086,0.0671
chr2,60823724,-0.008253759321582087,0.5038,0.858574338086,0.0694
chr2,60823725,-0.00825375930992178,0.5034,0.858468058252,0.0706
chr2,60823726,-0.008253759302013728,0.5036,0.858475737578,0.076
chr2,60823727,-0.008253759298147716,0.5032,0.858293649252,0.0804
chr2,60823728,-0.008253759298660577,0.504,0.858574338086,0.0745
chr2,60823729,-0.00825375930402088,0.5046,0.859096539692,0.0684
chr2,60823730,-0.008253759315039392,0.503,0.85803583568,0.0621
chr2,60823731,-0.008253759333498945,0.5036,0.858475737578,0.0559
chr2,60823732,-0.008253759364276988,0.5048,0.859187209302,0.0495
chr2,60823733,-0.00825375942289811,0.504,0.858574338086,0.0471
chr2,60823734,-0.008253759564356724,0.504,0.858574338086,0.0431
chr2,60823735,-0.0191035356093801,0.1058,0.524328358209,0.0409
chr2,60823736,-0.019103535322162038,0.1074,0.528574110395,0.0386
chr2,60823737,-0.01980822184770414,0.0932,0.487945752608,0.0383
chr2,60823738,-0.019808222718164185,0.0934,0.488265178571,0.0397
chr2,60823739,-0.019808222961978428,0.0934,0.488265178571,0.0455
chr2,60823740,-0.019808223035477603,0.0934,0.488265178571,0.0501
chr2,60823741,-0.019808223069790406,0.093,0.487479856759,0.0606
chr2,60823742,-0.019808223092208855,0.0918,0.484369780715,0.0745
chr2,60823743,-0.019808223108631878,0.0914,0.483420957543,0.0962
chr2,60823744,-0.019808223120845885,0.092,0.484551724138,0.1294
chr2,60823745,-0.019808223129804986,0.0914,0.483420957543,0.1703
chr2,60823746,-0.019808223136159354,0.0908,0.482758985201,0.2252
chr2,60823747,-0.01980822314035509,0.0914,0.483420957543,0.3563
chr2,60823748,-0.01980822314268443,0.091,0.482758985201,0.4439
chr2,60823749,-0.019808223143328273,0.0908,0.482758985201,0.5287
chr2,60823750,-0.019808223142388923,0.0908,0.482758985201,0.6083
chr2,60823751,-0.0198082231399128,0.092,0.484551724138,0.6744
chr2,60823752,-0.019808223135903035,0.0924,0.485493867783,0.8329
chr2,60823753,-0.019808223130322874,0.091,0.482758985201,0.8605
chr2,60823754,-0.019808223123086582,0.0916,0.484041516245,0.8733
chr2,60823755,-0.01980822311403483,0.0912,0.482944829665,0.7928
chr2,60823756,-0.019808223102885297,0.092,0.484551724138,0.69
chr2,60823757,-0.019808223089139067,0.0924,0.485493867783,0.5812
chr2,60823758,-0.019808223071898928,0.092,0.484551724138,0.5553
chr2,60823759,-0.019808223049504855,0.0936,0.488438502674,0.5284
chr2,60823760,-0.01980822301886597,0.0958,0.494192951542,0.5015
chr2,60823761,-0.019808222973970953,0.0966,0.496424517262,0.4674
chr2,60823762,-0.01980822287795811,0.0974,0.49922118471,0.4286
chr2,60823763,-0.008484695822884082,0.503,0.85803583568,0.3822
chr2,60823764,-0.008484695820877906,0.5048,0.859187209302,0.3363
chr2,60823765,-0.008484695818946697,0.5086,0.86264571263,0.3004
chr2,60823766,-0.00848469581692561,0.5064,0.860832833511,0.2689
chr2,60823767,-0.008484695814644339,0.5078,0.861954677232,0.2344
chr2,60823768,-0.008484695811923742,0.5082,0.86221703854,0.2068
chr2,60823769,-0.008484695808570477,0.5096,0.863258173401,0.1586
chr2,60823770,-0.008484695804368706,0.5108,0.864124241549,0.1385
chr2,60823771,-0.008484695799067502,0.5104,0.863780325658,0.1196
chr2,60823772,-0.008484695792362103,0.5096,0.863258173401,0.1044
chr2,60823773,-0.008484695783866084,0.5092,0.86307999614,0.0894
chr2,60823774,-0.008484695773069775,0.5118,0.865399210628,0.0775
chr2,60823775,-0.00848469575927736,0.5122,0.865418973472,0.0685
chr2,60823776,-0.008484695741509816,0.512,0.865404157044,0.0593
chr2,60823777,-0.008484695718352699,0.5136,0.866191454633,0.0554
chr2,60823778,-0.00848469568771035,0.5146,0.866879159873,0.0486
chr2,60823779,-0.008484695646414735,0.5152,0.867058350101,0.0431
chr2,60823780,-0.008484695589569071,0.515,0.866970960322,0.0386
chr2,60823781,-0.008484695509359678,0.515,0.866970960322,0.035
chr2,60823782,-0.008484695392588065,0.5154,0.867145689655,0.0323
chr2,60823783,-0.008484695214036149,0.5154,0.867145689655,0.0304
chr2,60823784,-0.008484694916511106,0.5158,0.86715419219,0.0287
chr2,60823785,-0.008484694328277174,0.5146,0.866879159873,0.0282
chr2,60823786,-0.00848469257742166,0.5148,0.866966634708,0.0272
chr2,60823787,-0.008484683492222412,0.5148,0.866966634708,0.0271
chr2,60823788,0.0016144190382934396,0.8156,0.907038716605,0.0262
chr2,60823789,0.001614425342213359,0.8174,0.907038716605,0.026
chr2,60823790,0.0016144264495968391,0.8206,0.909620030292,0.0272
chr2,60823791,0.0016144268588395552,0.8238,0.912418626647,0.027
chr2,60823792,0.0016144270682079407,0.8264,0.912708501006,0.0286
chr2,60823793,0.0016144271910923762,0.828,0.913327053504,0.0302
chr2,60823794,0.00161442726793811,0.8274,0.9129518814,0.0337
chr2,60823795,0.0016144273175434578,0.8264,0.912708501006,0.0374
chr2,60823796,0.0016144273502360401,0.8264,0.912708501006,0.0422
chr2,60823797,0.0016144273720755567,0.8274,0.9129518814,0.0513
chr2,60823798,0.0016144273867048557,0.827,0.912903242021,0.063
chr2,60823799,0.0016144273963496507,0.8268,0.912903242021,0.0768
chr2,60823800,0.0016144274023943697,0.827,0.912903242021,0.0973
chr2,60823801,0.001614427405712415,0.8282,0.913366769192,0.1244
chr2,60823802,0.0016144274068565522,0.8294,0.913953011292,0.1582
chr2,60823803,0.001614427406173756,0.8288,0.913521084337,0.2286
chr2,60823804,0.0016144274038786945,0.8288,0.913521084337,0.2723
chr2,60823805,0.0016144274001029702,0.8256,0.912668428005,0.3123
chr2,60823806,0.0016144273949288373,0.8272,0.912903242021,0.3404
chr2,60823807,0.0016144273884122083,0.827,0.912903242021,0.3538
chr2,60823808,0.0016144273805978305,0.8246,0.912668428005,0.3506
chr2,60823809,0.001614427371528522,0.826,0.912668428005,0.3997
chr2,60823810,0.001614427361249873,0.8272,0.912903242021,0.4531
chr2,60823811,0.0016144273498116363,0.8274,0.9129518814,0.4026
chr2,60823812,0.001614427337266638,0.8282,0.913366769192,0.3434
chr2,60823813,0.0016144273236684597,0.8294,0.913953011292,0.2927
chr2,60823814,0.0016144273090686844,0.8364,0.91700680357,0.2359
chr2,60823815,0.0016144272935147037,0.837,0.917435569423,0.2005
chr2,60823816,0.0016144272770489295,0.8394,0.918919351823,0.2205
chr2,60823817,0.001614427259710019,0.8394,0.918919351823,0.1918
chr2,60823818,0.001614427241536219,0.8358,0.916520601823,0.168
chr2,60823819,0.0016144272225703735,0.8366,0.91711158959,0.151
chr2,60823820,0.0016144272028656003,0.834,0.915804576144,0.1339
chr2,60823821,0.001614427182490338,0.8332,0.915670274667,0.1182
chr2,60823822,0.0016144271615313194,0.8332,0.915670274667,0.1075
chr2,60823823,0.0016144271400929937,0.8344,0.915957502656,0.1224
chr2,60823824,0.0016144271182920956,0.8352,0.916415709291,0.1118
chr2,60823825,0.0016144270962467268,0.8358,0.916520601823,0.1049
chr2,60823826,0.0016144270740612741,0.8378,0.918140566509,0.0975
chr2,60823827,0.0016144270518120448,0.8382,0.918407023891,0.093
chr2,60823828,0.0016144270295416882,0.8384,0.918568862275,0.0916
chr2,60823829,0.0016144270072685806,0.8394,0.918919351823,0.0913
chr2,60823830,0.0016144269850077672,0.8422,0.920894111056,0.0931
chr2,60823831,0.0016144269627909598,0.8416,0.920409937115,0.0941
chr2,60823832,0.001614426940674347,0.8404,0.919441046403,0.098
chr2,60823833,0.0016144269187327882,0.8392,0.918919351823,0.0984
chr2,60823834,0.0016144268970467832,0.8402,0.919279494207,0.0995
chr2,60823835,0.001614426875689872,0.84,0.919117921884,0.0992
chr2,60823836,0.0016144268547198654,0.8398,0.918956329429,0.096
chr2,60823837,0.0016144268341751822,0.8394,0.918919351823,0.0923
chr2,60823838,0.0016144268140753108,0.8386,0.918616089804,0.0833
chr2,60823839,0.001614426794424395,0.8396,0.918956329429,0.0759
chr2,60823840,0.0016144267752168512,0.8406,0.919602578475,0.0701
chr2,60823841,0.0016144267564440322,0.8416,0.920409937115,0.0643
chr2,60823842,0.0016144267381010835,0.841,0.919925582264,0.0597
chr2,60823843,0.001614426720193224,0.8396,0.918956329429,0.0571
chr2,60823844,0.0016144267027407963,0.8438,0.922586181139,0.0537
chr2,60823845,0.001614426685782554,0.8458,0.924485189795,0.0549
chr2,60823846,0.0016144266693767988,0.8472,0.925554670979,0.0561
chr2,60823847,0.0016144266536001982,0.847,0.925393730174,0.0599
chr2,60823848,0.0016144266385440715,0.847,0.925393730174,0.0653
chr2,60823849,0.0016144266243087345,0.847,0.925393730174,0.0702
chr2,60823850,0.0016144266109961065,0.847,0.925393730174,0.0752
chr2,60823851,0.0016144265987013805,0.847,0.925393730174,0.0796
chr2,60823852,0.0016144265875046532,0.847,0.925393730174,0.0827
chr2,60823853,0.0016144265774634574,0.847,0.925393730174,0.083
chr2,60823935,0.0012232391280507667,0.938,0.965256898471,0.4781
chr2,60823936,0.0012232391228322627,0.938,0.965256898471,0.4961
chr2,60823937,0.0012232391170695987,0.938,0.965256898471,0.499
chr2,60823938,0.0012232391108307763,0.938,0.965256898471,0.487
chr2,60823939,0.0012232391042067909,0.938,0.965256898471,0.4643
chr2,60823940,0.0012232390973078672,0.938,0.965256898471,0.4356
chr2,60823941,0.0012232390902582734,0.938,0.965256898471,0.4014
chr2,60823942,0.0012232390831900877,0.9376,0.965256898471,0.3683
chr2,60823943,0.0012232390762363886,0.9388,0.965514491481,0.3366
chr2,60823944,0.0012232390695243631,0.9388,0.965514491481,0.3043
chr2,60823945,0.0012232390631688433,0.9388,0.965514491481,0.2708
chr2,60823946,0.0012232390572667587,0.9388,0.965514491481,0.2412
chr2,60823947,0.0012232390518929117,0.9388,0.965514491481,0.2138
chr2,60855147,-0.029049045112651682,0.0632,0.405980498375,0.2219
chr2,60855148,-0.029049045111980715,0.0632,0.405980498375,0.222
chr2,60855149,-0.029049045111222013,0.0632,0.405980498375,0.1868
chr2,60855150,-0.029049045110378223,0.0632,0.405980498375,0.1297
chr2,60855151,-0.0290490451094539,0.0632,0.405980498375,0.0997
chr2,60855152,-0.029049045108454994,0.0632,0.405980498375,0.09
chr2,60855153,-0.02904904510738825,0.0632,0.405980498375,0.0812
chr2,60855154,-0.029049045106260548,0.0632,0.405980498375,0.0725
chr2,60855155,-0.029049045105078348,0.0632,0.405980498375,0.0662
chr2,60855156,-0.029049045103847353,0.0632,0.405980498375,0.0632
chr2,60855157,-0.029049045102572304,0.063,0.405980498375,0.0624
chr2,60855158,-0.029049045101257106,0.0574,0.396941338583,0.067
chr2,60855159,-0.029049045099905173,0.0534,0.374738713544,0.08
chr2,60855160,-0.02904904509851996,0.0492,0.357593648208,0.0916
chr2,60855161,-0.02904904509710559,0.0464,0.351752900731,0.1155
chr2,60855162,-0.029049045095667518,0.044,0.343951935915,0.1503
chr2,60855163,-0.02904904509421297,0.0426,0.337666516245,0.2008
chr2,60855164,-0.029049045092751066,0.0426,0.337666516245,0.2713
chr2,60855165,-0.02904904509129274,0.0422,0.335859990938,0.3487
chr2,60855166,-0.029049045089850078,0.0412,0.329543715847,0.4368
chr2,60855167,-0.02904904508843547,0.0394,0.319069156293,0.5181
chr2,60855168,-0.02904904508706067,0.0384,0.312991183295,0.5145
chr2,60855169,-0.029049045085735786,0.0382,0.311940027894,0.578
chr2,60855170,-0.02904904508446864,0.0374,0.306977102804,0.6299
chr2,60855171,-0.029049045083264325,0.0384,0.312991183295,0.665
chr2,60855172,-0.029049045082125247,0.0368,0.303612963833,0.6833
chr2,60855173,-0.029049045081051435,0.0356,0.3001987518,0.6873
chr2,60855174,-0.029049045080041302,0.0356,0.3001987518,0.6743
chr2,60855175,-0.029049045079092426,0.0364,0.301587735849,0.6501
chr2,60855176,-0.029049045078202627,0.0366,0.302816297692,0.6114
chr2,60855177,-0.02904904507737076,0.0364,0.301587735849,0.561
chr2,60855178,-0.02904904507659744,0.0366,0.302816297692,0.5033
chr2,60855179,-0.029049045075885255,0.0374,0.306977102804,0.4407
chr2,60855180,-0.029049045075238842,0.0388,0.315665585919,0.3778
chr2,60855181,-0.029049045074664513,0.0398,0.321567157314,0.3224
chr2,60855182,-0.02904904507416989,0.041,0.328392612859,0.276
chr2,60855183,-0.02904904507376339,0.0426,0.337666516245,0.236
chr2,60855184,-0.029049045073453832,0.044,0.343951935915,0.2014
chr2,60855185,-0.0290490450732501,0.0448,0.346962962963,0.1739
chr2,60855186,-0.029049045073160862,0.0466,0.351752900731,0.1512
chr2,60855187,-0.02904904507319441,0.0488,0.357006247397,0.1334
chr2,60855188,-0.029049045073358405,0.05,0.357593648208,0.1187
chr2,60855189,-0.029049045073659626,0.052,0.368298387097,0.1042
chr2,60855190,-0.02904904507410364,0.054,0.377892430279,0.0973
chr2,60855191,-0.02904904507469435,0.0556,0.387391511305,0.0852
chr2,60855192,-0.029049045075433527,0.0562,0.389870853081,0.0775
chr2,60855193,-0.029049045076320393,0.0566,0.392181065089,0.072
chr2,60855194,-0.02904904507735122,0.0576,0.397698113208,0.0589
chr2,60855195,-0.029049045078519086,0.0586,0.402073828125,0.0537
chr2,60855196,-0.02904904507981414,0.059,0.402106728538,0.0478
chr2,60855197,-0.029049045081223836,0.059,0.402106728538,0.0423
chr2,60855198,-0.02904904508273361,0.0596,0.402953810624,0.0384
chr2,60855199,-0.029049045084327565,0.0596,0.402953810624,0.0371
chr2,60855200,-0.029049045085989135,0.0604,0.405397783722,0.0347
chr2,60855201,-0.02904904508770155,0.0604,0.405397783722,0.0323
chr2,60855202,-0.029049045089447795,0.0604,0.405397783722,0.0305
chr2,60855203,-0.02904904509121036,0.061,0.405980498375,0.0296
chr2,60855204,-0.02904904509297044,0.0622,0.405980498375,0.029
chr2,60855205,-0.029049045094706825,0.067,0.408063453537,0.0284
chr2,60855206,-0.029049045096394797,0.0712,0.421370619946,0.0287
chr2,60855207,-0.029049045098005224,0.075,0.433632323897,0.0287
chr2,60855208,-0.029049045099504414,0.0766,0.436418747973,0.0303
chr2,60855209,-0.029049045100855122,0.0782,0.442235350934,0.0315
chr2,60855210,-0.029049045102018802,0.0786,0.442928777671,0.0338
chr2,60855211,-0.02904904510295879,0.0794,0.446148752399,0.0364
chr2,60855212,-0.029049045103643534,0.0798,0.447394510054,0.0386
chr2,60855213,-0.029049045104048835,0.08,0.447658489965,0.0429
chr2,60855214,-0.029049045104158015,0.0798,0.447394510054,0.0461
chr2,60855215,-0.02904904510396011,0.08,0.447658489965,0.0506
chr2,60855216,-0.02904904510344603,0.08,0.447658489965,0.0536
chr2,60855217,-0.029049045102603574,0.0806,0.450012396694,0.0561
chr2,60855218,-0.029049045101411756,0.0808,0.450556190476,0.0637
chr2,60855219,-0.029049045099834202,0.0808,0.450556190476,0.064
chr2,60855220,-0.029049045097811303,0.081,0.451241674596,0.063
chr2,60855221,-0.029049045095249717,0.0812,0.451639645345,0.0598
chr2,60855222,-0.029049045092006873,0.0812,0.451639645345,0.0621
chr2,60855223,-0.02904904508786663,0.0818,0.454114096081,0.0647
chr2,60855224,-0.02904904508249889,0.0822,0.455327341533,0.0657
chr2,60855225,-0.02904904507538845,0.0822,0.455327341533,0.0582
chr2,60855226,-0.029049045065702786,0.0824,0.456003780718,0.0587
chr2,60855227,-0.029049045052026268,0.083,0.457450580483,0.0518
chr2,60855228,-0.029049045031770707,0.0834,0.459078972109,0.0453
chr2,60855229,-0.029049044999679696,0.0838,0.459839737582,0.0404
chr2,60855230,-0.029049044943217188,0.085,0.461665120594,0.0406
chr2,60855231,-0.0170258888181065,0.3038,0.709324338695,0.0384
chr2,60855232,-0.017025886589585204,0.3062,0.710698873203,0.0356
chr2,60855233,-0.01702588601902884,0.3132,0.711321179209,0.0364
chr2,60855234,-0.017025885804710702,0.3148,0.711642471042,0.0448
chr2,60855235,-0.017025885677792597,0.3148,0.711642471042,0.0514
chr2,60855236,-0.017025885590037246,0.3148,0.711642471042,0.0601
chr2,60855237,-0.0170258855260765,0.3148,0.711642471042,0.0719
chr2,60855238,-0.017025885477860037,0.3148,0.711642471042,0.0896
chr2,60855239,-0.017025885440444068,0.3148,0.711642471042,0.1133
chr2,60855240,-0.017025885410684484,0.3148,0.711642471042,0.1396
chr2,60855241,-0.017025885386540724,0.3148,0.711642471042,0.1681
chr2,60855242,-0.017025885366659135,0.3148,0.711642471042,0.1994
chr2,60855243,-0.017025885350121357,0.3148,0.711642471042,0.4691
chr2,60855244,-0.01702588533628939,0.3148,0.711642471042,0.5039
chr2,60855245,-0.017025885324707068,0.3148,0.711642471042,0.5145
chr2,60855303,0.013755727993848986,0.2778,0.694991670137,0.71
chr2,60855304,0.01375572798949971,0.2778,0.694991670137,0.7311
chr2,60855305,0.013755727984568172,0.2778,0.694991670137,0.71
chr2,60855306,0.013755727979066826,0.2778,0.694991670137,0.6406
chr2,60855307,0.013755727973022694,0.2778,0.694991670137,0.5172
chr2,60855308,0.013755727966475433,0.2778,0.694991670137,0.3533
chr2,60855309,0.013755727959474558,0.2778,0.694991670137,0.1972
chr2,60855310,0.013755727952076064,0.2778,0.694991670137,0.1172
chr2,60855311,0.013755727944338825,0.2778,0.694991670137,0.0916
chr2,60855312,0.01375572793632119,0.2778,0.694991670137,0.0742
chr2,60855313,0.01375572792807813,0.2778,0.694991670137,0.059
chr2,60855314,0.013755727919659039,0.2778,0.694991670137,0.0482
chr2,60855315,0.01375572791110649,0.2776,0.694991670137,0.041
chr2,60855316,0.013755727902455765,0.277,0.694991670137,0.0349
chr2,60855317,0.013755727893735128,0.2776,0.694991670137,0.0311
chr2,60855318,0.013755727884966568,0.2778,0.694991670137,0.0291
chr2,60855319,0.013755727876166884,0.2778,0.694991670137,0.0279
chr2,60855320,0.013755727867348952,0.276,0.694991670137,0.0267
chr2,60855321,0.013755727858522996,0.2732,0.694991670137,0.0269
chr2,60855322,0.013755727849697832,0.2606,0.682690380313,0.0268
chr2,60855323,0.013755727840882102,0.2502,0.676967756585,0.0272
chr2,60855324,0.01375572783208537,0.246,0.676967756585,0.0281
chr2,60855325,0.013755727823319084,0.2432,0.676967756585,0.0297
chr2,60855326,0.013755727814597404,0.2426,0.676967756585,0.0312
chr2,60855327,0.013755727805937777,0.2422,0.676967756585,0.0333
chr2,60855328,0.01375572779736115,0.2416,0.676967756585,0.0371
chr2,60855329,0.013755727788891838,0.2408,0.676967756585,0.0421
chr2,60855330,0.013755727780556795,0.2404,0.676967756585,0.0458
chr2,60855331,0.013755727772384407,0.2398,0.676967756585,0.0527
chr2,60855332,0.013755727764402956,0.2398,0.676967756585,0.056
chr2,60855333,0.013755727756638848,0.2384,0.676967756585,0.0591
chr2,60855334,0.013755727749114866,0.2382,0.676967756585,0.067
chr2,60855335,0.0137557277418486,0.2364,0.676967756585,0.0754
chr2,60855336,0.01375572773485138,0.2338,0.676967756585,0.0837
chr2,60855337,0.013755727728127718,0.2326,0.676967756585,0.0974
chr2,60855338,0.013755727721675319,0.23,0.676967756585,0.112
chr2,60855339,0.013755727715485744,0.2286,0.676967756585,0.1311
chr2,60855340,0.013755727709545681,0.2252,0.676967756585,0.1509
chr2,60855341,0.013755727703838726,0.223,0.676967756585,0.1797
chr2,60855342,0.013755727698347582,0.217,0.676967756585,0.1892
chr2,60855343,0.01375572769305634,0.215,0.676967756585,0.2192
chr2,60855344,0.013755727687952607,0.2104,0.676967756585,0.2557
chr2,60855345,0.01375572768302929,0.208,0.676967756585,0.2626
chr2,60855346,0.013755727678285723,0.2044,0.676967756585,0.3061
chr2,60855347,0.013755727673727984,0.2032,0.676242516105,0.3433
chr2,60855348,0.013755727669368155,0.2022,0.675345693098,0.3771
chr2,60855349,0.013755727665222102,0.2016,0.675138989514,0.4043
chr2,60855350,0.013755727661305926,0.199,0.672444337996,0.4263
chr2,60855351,0.013755727657631278,0.1986,0.672444337996,0.4383
chr2,60855352,-0.015823229421571154,0.1942,0.665455130706,0.4416
chr2,60855353,-0.0158232294487505,0.1936,0.6641765625,0.4361
chr2,60855354,-0.015823229475939917,0.1926,0.663322517592,0.4244
chr2,60855355,-0.015823229502808765,0.1908,0.660244680851,0.4507
chr2,60855356,-0.015823229529059984,0.1904,0.659900552486,0.46
chr2,60855357,-0.015823229554442146,0.1894,0.659035459588,0.505
chr2,60855358,-0.015823229578756478,0.185,0.650685822988,0.4349
chr2,60855359,-0.01582322960186048,0.1834,0.649611010284,0.3568
chr2,60855360,-0.015823229623668167,0.1846,0.650633794348,0.3137
chr2,60855361,-0.015823229644148493,0.1844,0.650633794348,0.2681
chr2,60855362,-0.015823229663320358,0.1834,0.649611010284,0.1898
chr2,60855363,-0.015823229681245374,0.183,0.64924156736,0.1407
chr2,60855364,-0.015823229698018405,0.183,0.64924156736,0.1074
chr2,60855365,-0.01582322971375733,0.1828,0.648925222312,0.0864
chr2,60855366,-0.01582322972859137,0.1818,0.646682260024,0.0724
chr2,60855367,-0.015823229742649943,0.1826,0.648739684466,0.0611
chr2,60855368,-0.015823229756052305,0.1828,0.648925222312,0.0519
chr2,60855369,-0.015823229768898585,0.1838,0.650633794348,0.0463
chr2,60855370,-0.015823229781261883,0.1832,0.649611010284,0.0423
chr2,60855371,-0.01582322979318207,0.1848,0.650633794348,0.0404
chr2,60855372,-0.015823229804660773,0.1826,0.648739684466,0.0403
chr2,60855373,-0.015823229815657303,0.1836,0.650057246523,0.042
chr2,60855374,-0.01582322982608539,0.1798,0.64256093591,0.0439
chr2,60855375,-0.015823229835810373,0.1786,0.641929404543,0.0484
chr2,60855376,-0.015823229844646357,0.1786,0.641929404543,0.0548
chr2,60855377,-0.015823229852352114,0.1764,0.641735818145,0.0622
chr2,60855378,-0.01582322985862337,0.1754,0.641735818145,0.0725
chr2,60855379,-0.01582322986307638,0.1744,0.641735818145,0.0835
chr2,60855380,-0.015823229865211477,0.1734,0.641735818145,0.0966
chr2,60855381,-0.01582322986433159,0.173,0.641735818145,0.1094
chr2,60855382,-0.015823229859351914,0.1718,0.641439490446,0.1206
chr2,60855383,-0.015823229848318413,0.1714,0.641439490446,0.1316
chr2,60855384,-0.01582322982699098,0.171,0.641439490446,0.139
chr2,60855385,-0.015823229783490527,0.1722,0.641640432754,0.1452
chr2,60855386,-0.015823229665415328,0.17,0.641439490446,0.1496
chr2,60855387,-0.01582322832841224,0.1692,0.641439490446,0.1399
chr2,60855388,7.606540560896144e-05,0.9284,0.965256898471,0.1293
chr2,60855389,7.60655553046113e-05,0.927,0.965256898471,0.1364
chr2,60855390,7.606560453382225e-05,0.9236,0.965256898471,0.1362
chr2,60855391,7.606563261641181e-05,0.9242,0.965256898471,0.1344
chr2,60855392,7.606565210049997e-05,0.926,0.965256898471,0.1339
chr2,60855393,7.606566750012524e-05,0.9208,0.965256898471,0.1323
chr2,60855394,7.606568070931056e-05,0.9166,0.965256898471,0.1174
chr2,60855395,-0.013800127118311821,0.23,0.676967756585,0.1042
chr2,60855396,-0.01380012894171973,0.2294,0.676967756585,0.1008
chr2,60855397,-0.013800129775337096,0.2304,0.676967756585,0.098
chr2,60855398,-0.013800130140989788,0.2312,0.676967756585,0.1008
chr2,60855399,-0.013800130355777443,0.2314,0.676967756585,0.0966
chr2,60855400,-0.01380013050296495,0.23,0.676967756585,0.1004
chr2,60855401,-0.013800130608343366,0.2314,0.676967756585,0.1009
chr2,60855402,-0.013800130684646134,0.2324,0.676967756585,0.1019
chr2,60855403,-0.013800130740465391,0.231,0.676967756585,0.112
chr2,60855404,-0.013800130781879942,0.2328,0.676967756585,0.1217
chr2,60855405,-0.013800130813088793,0.2322,0.676967756585,0.1452
chr2,60855406,-0.013800130836949875,0.2364,0.676967756585,0.1589
chr2,60855407,-0.013800130855408868,0.2356,0.676967756585,0.1734
chr2,60855408,-0.013800130869801516,0.2326,0.676967756585,0.1991
chr2,60855409,-0.013800130881056184,0.232,0.676967756585,0.222
chr2,60855410,-0.013800130889827846,0.2336,0.676967756585,0.245
chr2,60855411,-0.01380013089658672,0.233,0.676967756585,0.2991
chr2,60855412,-0.013800130901678078,0.2324,0.676967756585,0.3617
chr2,60855413,-0.013800130905361882,0.2332,0.676967756585,0.3714
chr2,60855414,-0.013800130907839953,0.2346,0.676967756585,0.3659
chr2,60855415,-0.013800130909274492,0.2348,0.676967756585,0.35
chr2,60855416,-0.013800130909800486,0.235,0.676967756585,0.3232
chr2,60855417,-0.013800130909533977,0.2344,0.676967756585,0.2955
chr2,60855418,-0.013800130908577225,0.2342,0.676967756585,0.2611
chr2,60855419,-0.01380013090702171,0.235,0.676967756585,0.2302
chr2,60855420,-0.013800130904949724,0.2382,0.676967756585,0.2001
chr2,60855421,-0.013800130902434954,0.2378,0.676967756585,0.173
chr2,60855422,-0.013800130899542696,0.2396,0.676967756585,0.1509
chr2,60855423,-0.013800130896330153,0.2434,0.676967756585,0.1355
chr2,60855424,-0.01380013089284696,0.2464,0.676967756585,0.1168
chr2,60855425,-0.013800130889136184,0.2446,0.676967756585,0.108
chr2,60855426,-0.013800130885235769,0.2446,0.676967756585,0.0967
chr2,60855427,-0.01380013088118043,0.247,0.676967756585,0.0922
chr2,60855428,-0.013800130877003642,0.2492,0.676967756585,0.0906
chr2,60855429,-0.013800130872739538,0.2514,0.676967756585,0.09
chr2,60855430,-0.01380013086842434,0.2526,0.676967756585,0.0933
chr2,60855431,-0.013800130864097027,0.2558,0.677287760024,0.0986
chr2,60855432,-0.013800130859799134,0.2604,0.682675522388,0.1053
chr2,60855433,-0.01380013085557364,0.264,0.687088457549,0.1201
chr2,60855434,-0.013800130851463146,0.2644,0.687562804428,0.121
chr2,60855435,-0.013800130847507579,0.27,0.692444152431,0.1559
chr2,60855436,-0.013800130843741832,0.2698,0.69213334307,0.2094
chr2,60855437,-0.013800130840193678,0.2718,0.694991670137,0.2634
chr2,60855438,-0.013800130836882033,0.2726,0.694991670137,0.3488
chr2,60855439,-0.01380013083381581,0.2748,0.694991670137,0.4377
chr2,60855440,-0.01380013083099347,0.2758,0.694991670137,0.4975
chr2,60855441,-0.013800130828403034,0.276,0.694991670137,0.5358
chr2,60855442,-0.013800130826022767,0.2782,0.694991670137,0.5471
chr2,60855443,-0.013800130823822232,0.279,0.694991670137,0.5281
chr2,60855444,-0.013800130821763838,0.2826,0.694991670137,0.4918
chr2,60855445,-0.01380013081980462,0.285,0.694991670137,0.4193
chr2,60855446,-0.013800130817898265,0.2844,0.694991670137,0.3287
chr2,60855447,-0.013800130815997418,0.2888,0.698536491325,0.237
chr2,60855448,-0.013800130814056129,0.2896,0.699700687758,0.2219
chr2,60855449,-0.013800130812032364,0.2918,0.700200409836,0.1752
chr2,60855450,-0.013800130809890516,0.292,0.700393281442,0.1352
chr2,60855451,-0.013800130807603568,0.2924,0.700778550962,0.0928
chr2,60855452,-0.013800130805154598,0.2942,0.702504486134,0.0757
chr2,60855453,-0.013800130802537317,0.2944,0.702790975809,0.0614
chr2,60855454,-0.01380013079975551,0.2964,0.70459683313,0.051
chr2,60855455,-0.013800130796821374,0.2972,0.705734486954,0.0418
chr2,60855456,-0.01380013079375307,0.298,0.706202104695,0.0366
chr2,60855457,-0.01380013079057199,0.2984,0.706575373838,0.0334
chr2,60855458,-0.013800130787300184,0.2988,0.70675739645,0.0308
chr2,60855459,-0.013800130783958338,0.2992,0.70675739645,0.0289
chr2,60855460,-0.013800130780564492,0.3,0.707315436242,0.0276
chr2,60855461,-0.013800130777133556,0.2996,0.707226716839,0.0263
chr2,60855462,-0.01380013077367715,0.3004,0.707773092369,0.0257
chr2,60855463,-0.01380013077020403,0.301,0.707773092369,0.0255
chr2,60855464,-0.013800130766720674,0.3026,0.708594720704,0.0253
chr2,60855465,-0.013800130763231933,0.3084,0.710698873203,0.0254
chr2,60855466,-0.013800130759741793,0.3208,0.718089970689,0.0253
chr2,60855467,-0.013800130756254081,0.328,0.721879463726,0.0253
chr2,60855468,-0.013800130752773258,0.3312,0.726283146067,0.0257
chr2,60855469,-0.013800130749305263,0.3336,0.727656082071,0.0257
chr2,60855470,-0.013800130745858513,0.3346,0.727656082071,0.026
chr2,60855471,-0.013800130742445004,0.3348,0.727656082071,0.0268
chr2,60855472,-0.013800130739081451,0.3346,0.727656082071,0.0275
chr2,60855473,-0.013800130735790691,0.3346,0.727656082071,0.0286
chr2,60855474,-0.013800130732602304,0.3346,0.727656082071,0.0301
chr2,60855475,-0.01380013072955318,0.3346,0.727656082071,0.0325
chr2,60855476,-0.013800130726687152,0.3346,0.727656082071,0.0361
chr2,60855477,-0.013800130724053556,0.3348,0.727656082071,0.0435
chr2,60855478,-0.013800130721704657,0.335,0.727656082071,0.0492
chr2,60855479,-0.013800130719692277,0.335,0.727656082071,0.0563
chr2,60855480,-0.01380013071806394,0.3348,0.727656082071,0.0653
chr2,60855481,-0.013800130716859269,0.335,0.727656082071,0.0753
chr2,60855482,-0.013800130716107244,0.3354,0.727656082071,0.0839
chr2,60855483,-0.013800130715824598,0.3362,0.727656082071,0.0905
chr2,60855484,-0.013800130716015477,0.3368,0.727656082071,0.096
chr2,60855485,-0.013800130716672023,0.339,0.727656082071,0.0975
chr2,60855486,-0.013800130717775536,0.3392,0.727656082071,0.0981
chr2,60855487,-0.013800130719297962,0.3388,0.727656082071,0.0944
chr2,60855488,-0.013800130721203329,0.3398,0.728231698389,0.0875
chr2,60855489,-0.013800130723449164,0.3418,0.73037919708,0.0818
chr2,60855490,-0.013800130725987833,0.3436,0.730404695631,0.0937
chr2,60855491,-0.013800130728767809,0.3468,0.732596752856,0.115
chr2,60855492,-0.013800130731734967,0.3466,0.732350415013,0.1066
chr2,60855493,-0.013800130734833814,0.3498,0.735640780184,0.1018
chr2,60855494,-0.013800130738008714,0.3556,0.745715616046,0.1014
chr2,60855495,-0.013800130741205032,0.3602,0.752129457917,0.1039
chr2,60855496,-0.013800130744370235,0.36,0.751890606421,0.1099
chr2,60855497,-0.013800130747454956,0.36,0.751890606421,0.1879
chr2,60855498,-0.013800130750414067,0.36,0.751890606421,0.4572
chr2,60855499,-0.013800130753207752,0.36,0.751890606421,0.5125
chr2,60855500,-0.013800130755802558,0.36,0.751890606421,0.5529
chr2,60855501,-0.013800130758172382,0.36,0.751890606421,0.5811
chr2,60855502,-0.013800130760299217,0.36,0.751890606421,0.5855
chr2,60869479,0.004463700321246232,0.76,0.897402573175,0.3862
chr2,60869480,0.004463700321319027,0.76,0.897402573175,0.3772
chr2,60869481,0.004463700321396011,0.76,0.897402573175,0.3497
chr2,60869482,0.004463700321476277,0.76,0.897402573175,0.3062
chr2,60869483,0.004463700321558932,0.76,0.897402573175,0.2576
chr2,60869484,0.004463700321643168,0.76,0.897402573175,0.2059
chr2,60869485,0.004463700321728284,0.76,0.897402573175,0.1605
chr2,60869486,0.004463700321813725,0.76,0.897402573175,0.1195
chr2,60869487,0.004463700321899084,0.76,0.897402573175,0.0907
chr2,60869488,0.004463700321984086,0.76,0.897402573175,0.0697
chr2,60869489,0.0044637003220685655,0.76,0.897402573175,0.0543
chr2,60869490,0.004463700322152434,0.76,0.897402573175,0.0364
chr2,60869491,0.004463700322235637,0.76,0.897402573175,0.0304
chr2,60869492,0.004463700322318113,0.76,0.897402573175,0.0283
chr2,60869493,0.004463700322399755,0.76,0.897402573175,0.0265
chr2,60869494,0.004463700322480357,0.76,0.897402573175,0.0265
chr2,60869495,0.004463700322559578,0.7618,0.897402573175,0.0269
chr2,60869496,0.004463700322636885,0.7606,0.897402573175,0.0294
chr2,60869497,0.004463700322711511,0.7594,0.897402573175,0.0296
chr2,60869498,0.0044637003227824025,0.7568,0.897402573175,0.0315
chr2,60869499,0.004463700322848191,0.7562,0.897402573175,0.0334
chr2,60869500,0.004463700322907169,0.7552,0.897402573175,0.0363
chr2,60869501,0.0044637003229572965,0.755,0.897402573175,0.0402
chr2,60869502,0.0044637003229962445,0.7548,0.897402573175,0.0447
chr2,60869503,0.004463700323021466,0.754,0.897402573175,0.0503
chr2,60869504,0.004463700323030309,0.754,0.897402573175,0.0574
chr2,60869505,0.004463700323020156,0.7538,0.897402573175,0.064
chr2,60869506,0.004463700322988572,0.752,0.897402573175,0.0716
chr2,60869507,0.004463700322933452,0.752,0.897402573175,0.0768
chr2,60869508,0.004463700322853162,0.7518,0.897402573175,0.0806
chr2,60869509,0.004463700322746638,0.7518,0.897402573175,0.0813
chr2,60869510,0.004463700322613452,0.7518,0.897402573175,0.0801
chr2,60869511,0.00446370032245385,0.7516,0.897402573175,0.0768
chr2,60869512,0.004463700322268728,0.7518,0.897402573175,0.0722
chr2,60869513,0.004463700322059575,0.7516,0.897402573175,0.0656
chr2,60869514,0.004463700321828389,0.7512,0.897402573175,0.0583
chr2,60869515,0.004463700321577537,0.7512,0.897402573175,0.0524
chr2,60869516,0.004463700321309624,0.752,0.897402573175,0.0446
chr2,60869517,0.004463700321027339,0.7502,0.897402573175,0.0403
chr2,60869518,0.004463700320733293,0.7508,0.897402573175,0.036
chr2,60869519,0.00446370032042992,0.751,0.897402573175,0.0334
chr2,60869520,0.004463700320119379,0.7506,0.897402573175,0.0307
chr2,60869521,0.004463700319803524,0.7508,0.897402573175,0.0295
chr2,60869522,0.004463700319483887,0.7512,0.897402573175,0.0285
chr2,60869523,0.004463700319161714,0.751,0.897402573175,0.0279
chr2,60869524,0.0044637003188380195,0.7504,0.897402573175,0.0276
chr2,60869525,0.004463700318513647,0.7486,0.897402573175,0.0275
chr2,60869526,0.004463700318189342,0.7468,0.897402573175,0.029
chr2,60869527,0.004463700317865824,0.7468,0.897402573175,0.03
chr2,60869528,0.004463700317543845,0.7446,0.897402573175,0.0328
chr2,60869529,0.004463700317224231,0.7452,0.897402573175,0.0362
chr2,60869530,0.004463700316907916,0.746,0.897402573175,0.043
chr2,60869531,0.004463700316595928,0.7454,0.897402573175,0.0618
chr2,60869532,0.004463700316289367,0.7452,0.897402573175,0.0809
chr2,60869533,0.0044637003159893425,0.7464,0.897402573175,0.1104
chr2,60869534,0.0044637003156968915,0.7464,0.897402573175,0.152
chr2,60869535,0.004463700315412884,0.7468,0.897402573175,0.2094
chr2,60869536,0.00446370031513793,0.7464,0.897402573175,0.2877
chr2,60869537,0.004463700314872307,0.7478,0.897402573175,0.3833
chr2,60869538,0.004463700314615941,0.7476,0.897402573175,0.4883
chr2,60869539,0.004463700314368423,0.7482,0.897402573175,0.585
chr2,60869540,0.00446370031412911,0.7476,0.897402573175,0.6733
chr2,60869541,0.004463700313897271,0.7486,0.897402573175,0.7357
chr2,60869542,0.004463700313672264,0.7486,0.897402573175,0.7774
chr2,60869543,0.004463700313453727,0.7486,0.897402573175,0.7966
chr2,60869544,0.004463700313241742,0.7478,0.897402573175,0.7976
chr2,60869545,0.004463700313036916,0.7476,0.897402573175,0.7797
chr2,60869546,0.0044637003128403996,0.7476,0.897402573175,0.7414
chr2,60869547,0.004463700312653777,0.7476,0.897402573175,0.6854
chr2,60869548,0.0044637003124789005,0.7476,0.897402573175,0.604
chr2,60869626,-0.0021394994305997616,0.96,0.976036631944,0.9935
chr2,60869627,-0.0021394994303763487,0.96,0.976036631944,0.9954
chr2,60869628,-0.0021394994300876265,0.96,0.976036631944,0.9954
chr2,60869629,-0.002139499429715473,0.96,0.976036631944,0.9513
chr2,60869630,-0.002139499429235604,0.96,0.976036631944,0.9295
chr2,60869631,-0.002139499428614668,0.96,0.976036631944,0.8828
chr2,60869632,-0.0021394994278057166,0.96,0.976036631944,0.8062
chr2,60869633,-0.0021394994267411073,0.96,0.976036631944,0.6822
chr2,60869634,-0.0021394994253212236,0.9598,0.976036631944,0.5305
chr2,60869635,-0.0021394994233962703,0.9602,0.976036631944,0.3826
chr2,60869636,-0.002139499420736363,0.9596,0.976036631944,0.2549
chr2,60869637,-0.0021394994169814992,0.9592,0.976036631944,0.1635
chr2,60869638,-0.0021394994115567475,0.958,0.975833333333,0.1108
chr2,60869639,-0.0021394994035273556,0.9594,0.976036631944,0.0779
chr2,60869640,-0.0021394993913490135,0.9584,0.976036631944,0.0583
chr2,60869641,-0.002139499372426537,0.9596,0.976036631944,0.0398
chr2,60869642,-0.0021394993422995624,0.9588,0.976036631944,0.0348
chr2,60869643,-0.0021394992930940946,0.9592,0.976036631944,0.0312
chr2,60869644,-0.002139499210602322,0.9598,0.976036631944,0.0293
chr2,60869645,-0.002139499068797624,0.9602,0.976036631944,0.0278
chr2,60869646,-0.002139498818667858,0.9608,0.976251055707,0.0269
chr2,60869647,-0.002139498362839127,0.9606,0.976217252951,0.0259
chr2,60869648,-0.002139497500381295,0.9604,0.976070473876,0.0256
chr2,60869649,-0.00213949582048026,0.9582,0.975980458104,0.0254
chr2,60869650,-0.00213949235682637,0.958,0.975833333333,0.0252
chr2,60869651,-0.0021394831917494134,0.9586,0.976036631944,0.0252
chr2,60869652,-0.0021394395530834965,0.9588,0.976036631944,0.0251
chr2,60869653,-0.002139252733492092,0.9566,0.975029246214,0.0251
chr2,60869654,3.5020609748984777e-05,0.9092,0.963272694372,0.0251
chr2,60869655,3.502061129412414e-05,0.9128,0.965256898471,0.0251
chr2,60869656,3.502061283933585e-05,0.9246,0.965256898471,0.0251
chr2,60869657,3.502061438469225e-05,0.9246,0.965256898471,0.0251
chr2,60869658,3.502061593032997e-05,0.9246,0.965256898471,0.0252
chr2,60869659,3.502061747649937e-05,0.9246,0.965256898471,0.0252
chr2,60869660,3.502061902364552e-05,0.9246,0.965256898471,0.0252
chr2,60869661,3.502062057253606e-05,0.9246,0.965256898471,0.0253
chr2,60869662,3.502062212445476e-05,0.9246,0.965256898471,0.0254
chr2,60869663,3.502062368148309e-05,0.9246,0.965256898471,0.0255
chr2,60869664,3.50206252468916e-05,0.9246,0.965256898471,0.0256
chr2,60869665,3.502062682565788e-05,0.9246,0.965256898471,0.0261
chr2,60869666,3.5020628425115656e-05,0.9246,0.965256898471,0.0267
chr2,60869667,3.502063005571765e-05,0.9246,0.965256898471,0.0277
chr2,60869668,3.502063173174329e-05,0.9242,0.965256898471,0.0295
chr2,60869669,3.502063347223301e-05,0.924,0.965256898471,0.0315
chr2,60869670,3.502063530156314e-05,0.9242,0.965256898471,0.0329
chr2,60869671,3.5020637249791245e-05,0.924,0.965256898471,0.0348
chr2,60869672,3.5020639352591865e-05,0.9236,0.965256898471,0.0378
chr2,60869673,3.5020641650720736e-05,0.9238,0.965256898471,0.0401
chr2,60869674,3.5020644189035136e-05,0.924,0.965256898471,0.0447
chr2,60869675,3.502064701517582e-05,0.9254,0.965256898471,0.0508
chr2,60869676,3.5020650178026374e-05,0.925,0.965256898471,0.0559
chr2,60869677,3.502065372594481e-05,0.9248,0.965256898471,0.0608
chr2,60869678,3.5020657704494674e-05,0.9244,0.965256898471,0.0738
chr2,60869679,3.502066215302799e-05,0.9242,0.965256898471,0.0769
chr2,60869680,3.50206670991322e-05,0.925,0.965256898471,0.0911
chr2,60869681,3.502067254993661e-05,0.927,0.965256898471,0.0964
chr2,60869682,3.502067848007097e-05,0.9248,0.965256898471,0.1023
chr2,60869683,3.502068481823048e-05,0.9268,0.965256898471,0.1034
chr2,60869684,3.502069143769417e-05,0.9258,0.965256898471,0.1037
chr2,60869685,3.502069815865582e-05,0.9256,0.965256898471,0.1042
chr2,60869686,3.50207047677996e-05,0.9248,0.965256898471,0.1067
chr2,60869687,3.5020711051439354e-05,0.9238,0.965256898471,0.1084
chr2,60869688,3.502071682882765e-05,0.9222,0.965256898471,0.1096
chr2,60869689,3.5020721971289095e-05,0.9244,0.965256898471,0.11
chr2,60869690,3.5020726402602735e-05,0.9252,0.965256898471,0.1098
chr2,60869691,3.502073008614075e-05,0.9212,0.965256898471,0.1085
chr2,60869692,3.502073300786206e-05,0.9244,0.965256898471,0.105
chr2,60869693,3.5020735161774535e-05,0.9236,0.965256898471,0.1015
chr2,60869694,3.5020736540639683e-05,0.9222,0.965256898471,0.0948
chr2,60869695,3.5020737132215984e-05,0.9244,0.965256898471,0.0882
chr2,60869696,3.502073692039531e-05,0.9236,0.965256898471,0.0823
chr2,60869697,3.5020735890361905e-05,0.9236,0.965256898471,0.0761
chr2,60869698,3.5020734036696864e-05,0.9244,0.965256898471,0.0706
chr2,60869699,3.5020731372710014e-05,0.9244,0.965256898471,0.0671
chr2,60869700,3.502072793884087e-05,0.925,0.965256898471,0.0661
chr2,60869701,3.502072380673731e-05,0.9202,0.965256898471,0.0698
chr2,60869702,3.5020719077887194e-05,0.9258,0.965256898471,0.0753
chr2,60869703,3.502071387634471e-05,0.9278,0.965256898471,0.0842
chr2,60869704,3.50207083377406e-05,0.9266,0.965256898471,0.0959
chr2,60869705,3.50207025977995e-05,0.9258,0.965256898471,0.1152
chr2,60869706,3.502069678298236e-05,0.9262,0.965256898471,0.1389
chr2,60869707,3.502069100512531e-05,0.926,0.965256898471,0.1665
chr2,60869708,3.502068535967533e-05,0.926,0.965256898471,0.2023
chr2,60869709,3.5020679926375666e-05,0.9266,0.965256898471,0.2391
chr2,60869710,3.50206747715687e-05,0.9256,0.965256898471,0.2744
chr2,60869711,3.502066995106516e-05,0.9264,0.965256898471,0.3055
chr2,60869712,3.502066551282494e-05,0.927,0.965256898471,0.3318
chr2,60869713,3.502066149895195e-05,0.9298,0.965256898471,0.3495
chr2,60869714,3.5020657946710576e-05,0.9302,0.965256898471,0.367
chr2,60869715,3.502065488850533e-05,0.9304,0.965256898471,0.3717
chr2,60869716,3.502065235105623e-05,0.9312,0.965256898471,0.3835
chr2,60869717,3.5020650354280216e-05,0.9314,0.965256898471,0.3867
chr2,60869718,3.50206489105178e-05,0.9304,0.965256898471,0.3892
chr2,60869719,3.502064802468235e-05,0.931,0.965256898471,0.3879
chr2,60869720,3.502064769512411e-05,0.9336,0.965256898471,0.3949
chr2,60869721,3.502064791537317e-05,0.9406,0.965906135291,0.4109
chr2,60869722,3.5020648675422384e-05,0.9456,0.967410099598,0.4276
chr2,60869723,3.5020649961626987e-05,0.9452,0.967113531776,0.439
chr2,60869724,3.502065175422694e-05,0.9468,0.968468553459,0.4492
chr2,60869725,3.502065402205185e-05,0.948,0.969357317499,0.4515
chr2,60869726,3.502065671512553e-05,0.9492,0.9699632323,0.4456
chr2,60869727,3.502065975761952e-05,0.948,0.969357317499,0.4433
chr2,60869728,3.502066304514489e-05,0.949,0.969928139183,0.429
chr2,60869729,3.5020666450125236e-05,0.9482,0.96944895227,0.4093
chr2,60869730,3.50206698357835e-05,0.948,0.969357317499,0.3788
chr2,60869731,3.5020673074495295e-05,0.948,0.969357317499,0.3398
chr2,60869732,3.5020676063665974e-05,0.948,0.969357317499,0.3831
chr2,60869822,0.01454403725411159,0.6966,0.897402573175,0.3381
chr2,60901690,-0.015518518398628724,0.233,0.676967756585,0.5062
chr2,60901691,-0.015518518396691855,0.233,0.676967756585,0.6351
chr2,60901692,-0.01551851839417875,0.233,0.676967756585,0.7144
chr2,60901693,-0.01551851839082099,0.233,0.676967756585,0.764
chr2,60901694,-0.015518518386148821,0.2328,0.676967756585,0.7861
chr2,60901695,-0.015518518379283332,0.2328,0.676967756585,0.7976
chr2,60901696,-0.015518518368440105,0.2318,0.676967756585,0.7948
chr2,60901697,-0.015518518349648115,0.2302,0.676967756585,0.7858
chr2,60901698,-0.015518518312938708,0.2272,0.676967756585,0.7682
chr2,60901699,-0.015518518225257972,0.2238,0.676967756585,0.729
chr2,60901700,-0.015518517890900231,0.2192,0.676967756585,0.6957
chr2,60901701,-0.010506143857028426,0.4128,0.782333511263,0.6527
chr2,60901702,-0.0092281005345617,0.469,0.822318327011,0.6054
chr2,60901703,-0.009228100538604489,0.4628,0.817815090543,0.5464
chr2,60901704,-0.009228100543669739,0.4544,0.81030822335,0.4884
chr2,60901705,-0.009228100549850881,0.4502,0.80674994899,0.4327
chr2,60901706,-0.009228100557190413,0.4472,0.802602227445,0.3643
chr2,60901707,-0.009228100565595502,0.4448,0.799847665848,0.3112
chr2,60901708,-0.0092281005747704,0.445,0.799961621124,0.2654
chr2,60901709,-0.00922810058427076,0.4436,0.798589115507,0.2087
chr2,60901710,-0.009228100593682,0.442,0.796852098943,0.1883
chr2,60901711,-0.009228100602756303,0.4386,0.793083075973,0.1639
chr2,60901712,-0.009228100611413357,0.4362,0.790207611386,0.1434
chr2,60901713,-0.00922810061967076,0.4344,0.788203304078,0.1112
chr2,60901714,-0.009228100627583207,0.4318,0.786454479469,0.0951
chr2,60901715,-0.00922810063521053,0.4308,0.785855436702,0.0825
chr2,60901716,-0.009228100642605867,0.43,0.785735404114,0.0732
chr2,60901717,-0.009228100649813406,0.4262,0.785735404114,0.065
chr2,60901718,-0.009228100656869121,0.4272,0.785735404114,0.0585
chr2,60901719,-0.00922810066380277,0.4272,0.785735404114,0.0539
chr2,60901720,-0.009228100670639295,0.4258,0.785735404114,0.0533
chr2,60901721,-0.00922810067739992,0.4266,0.785735404114,0.0543
chr2,60901722,-0.009228100684102914,0.4266,0.785735404114,0.0585
chr2,60901723,-0.009228100690764128,0.4276,0.785735404114,0.0645
chr2,60901724,-0.009228100697397582,0.426,0.785735404114,0.0778
chr2,60901725,-0.009228100704015925,0.4244,0.785735404114,0.0978
chr2,60901726,-0.00922810071063112,0.425,0.785735404114,0.1232
chr2,60901727,-0.009228100717255163,0.4238,0.785735404114,0.1646
chr2,60901728,-0.009228100723900977,0.4242,0.785735404114,0.2368
chr2,60901729,-0.009228100730583583,0.425,0.785735404114,0.3662
chr2,60901730,-0.009228100737321446,0.4274,0.785735404114,0.513
chr2,60901731,-0.009228100744138185,0.4274,0.785735404114,0.6368
chr2,60901732,-0.009228100751064835,0.4278,0.785735404114,0.7265
chr2,60901733,-0.009228100758142732,0.4274,0.785735404114,0.6918
chr2,60901734,-0.009228100765427596,0.4274,0.785735404114,0.7229
chr2,60901735,-0.00922810077299536,0.4268,0.785735404114,0.6908
chr2,60901736,-0.009228100780950741,0.4274,0.785735404114,0.6273
chr2,60901737,-0.009228100789441404,0.4282,0.785735404114,0.5447
chr2,60901738,-0.009228100798680887,0.4268,0.785735404114,0.4433
chr2,60901739,-0.009228100808989033,0.4282,0.785735404114,0.3232
chr2,60901740,-0.0092281008208676,0.4282,0.785735404114,0.2258
chr2,60901741,-0.009228100835152528,0.428,0.785735404114,0.1498
chr2,60901742,-0.009228100853354163,0.4286,0.785735404114,0.1191
chr2,60901743,-0.009228100878525913,0.4288,0.785735404114,0.0966
chr2,60901744,-0.009228100917963758,0.4282,0.785735404114,0.0839
chr2,60901745,-0.009228100994685684,0.427,0.785735404114,0.0729
chr2,60901746,-0.009228101237180418,0.4316,0.786253266957,0.0663
chr2,60901747,-0.015143840370731685,0.1854,0.651440488098,0.0638
chr2,60901748,-0.015143840872956846,0.1834,0.649611010284,0.0658
chr2,60901749,-0.01514384096855084,0.179,0.642053297938,0.0668
chr2,60901750,-0.01514384100776224,0.1796,0.642499796334,0.074
chr2,60901751,-0.015143841029031326,0.1792,0.64211505508,0.0843
chr2,60901752,-0.015143841042302469,0.1776,0.641735818145,0.0905
chr2,60901753,-0.015143841051222467,0.18,0.643014032947,0.0897
chr2,60901754,-0.01514384105740016,0.1806,0.644109441624,0.0963
chr2,60901755,-0.01514384106162551,0.1782,0.641735818145,0.1026
chr2,60901756,-0.015143841064310475,0.1784,0.641735818145,0.1186
chr2,60901757,-0.015143841065675631,0.1794,0.64243853211,0.1233
chr2,60901758,-0.015143841065839216,0.1766,0.641735818145,0.1295
chr2,60901759,-0.015143841064864032,0.1772,0.641735818145,0.1456
chr2,60901760,-0.015143841062784179,0.1776,0.641735818145,0.1476
chr2,60901761,-0.015143841059621112,0.1778,0.641735818145,0.1473
chr2,60901762,-0.015143841055393587,0.1778,0.641735818145,0.1432
chr2,60901763,-0.015143841050123574,0.179,0.642053297938,0.1347
chr2,60901764,-0.015143841043839557,0.1784,0.641735818145,0.1133
chr2,60901765,-0.015143841036578046,0.179,0.642053297938,0.1112
chr2,60901766,-0.015143841028384362,0.1792,0.64211505508,0.0977
chr2,60901767,-0.015143841019313342,0.18,0.643014032947,0.085
chr2,60901768,0.004448609657751881,0.5818,0.897402573175,0.0736
chr2,60901769,0.004448674740901853,0.5822,0.897402573175,0.0617
chr2,60901770,0.004448675724450195,0.5838,0.897402573175,0.0542
chr2,60901771,0.004448676025579378,0.5846,0.897402573175,0.0476
chr2,60901772,0.004448676171655303,0.584,0.897402573175,0.0429
chr2,60901773,0.004448676256894503,0.5818,0.897402573175,0.0408
chr2,60901774,0.004448676312317791,0.5822,0.897402573175,0.0397
chr2,60901775,0.0044486763509514905,0.5848,0.897402573175,0.0391
chr2,60901776,0.004448676379225677,0.5864,0.897402573175,0.0396
chr2,60901777,0.00444867640069435,0.5872,0.897402573175,0.0422
chr2,60901778,0.004448676417479777,0.5874,0.897402573175,0.0456
chr2,60901779,0.004448676430918975,0.5872,0.897402573175,0.0513
chr2,60901780,0.0044486764418852215,0.5898,0.897402573175,0.0587
chr2,60901781,0.004448676450960843,0.5904,0.897402573175,0.0655
chr2,60901782,0.004448676458536781,0.5906,0.897402573175,0.0741
chr2,60901783,0.00444867646487288,0.5898,0.897402573175,0.0881
chr2,60901784,0.004448676470135785,0.5896,0.897402573175,0.1147
chr2,60901785,0.0044486764744231435,0.5896,0.897402573175,0.1494
chr2,60901786,0.004448676477778923,0.5888,0.897402573175,0.1808
chr2,60901787,0.004448676480202342,0.5886,0.897402573175,0.2381
chr2,60901788,0.004448676481652018,0.59,0.897402573175,0.3153
chr2,60901789,0.004448676482045125,0.5902,0.897402573175,0.3547
chr2,60901790,0.0044486764812511174,0.5936,0.897402573175,0.3878
chr2,60901791,0.0044486764790777145,0.5958,0.897402573175,0.3582
chr2,60901792,0.004448676475244549,0.5972,0.897402573175,0.3706
chr2,60901793,0.004448676469334955,0.5974,0.897402573175,0.3723
chr2,60901794,0.0044486764607061975,0.598,0.897402573175,0.3604
chr2,60901795,0.004448676448314702,0.599,0.897402573175,0.2988
chr2,60901796,0.004448676430356599,0.5972,0.897402573175,0.2728
chr2,60901797,0.004448676403469832,0.5974,0.897402573175,0.2489
chr2,60901798,0.004448676360757735,0.5986,0.897402573175,0.2245
chr2,60901799,0.00444867628591375,0.5982,0.897402573175,0.1969
chr2,60901800,0.00444867612987499,0.596,0.897402573175,0.1727
chr2,60901801,0.004448675659921902,0.5954,0.897402573175,0.1512
chr2,60901802,-0.0074351457419612535,0.542,0.891574264844,0.1342
chr2,60901803,-0.007435149758081556,0.5392,0.88871614901,0.1215
chr2,60901804,-0.007435150153366475,0.5384,0.887897474416,0.125
chr2,60901805,-0.007435150324490542,0.5356,0.885691395217,0.1145
chr2,60901806,-0.007435150425061874,0.5338,0.884380022637,0.1076
chr2,60901807,-0.007435150493892861,0.5318,0.882564909297,0.0935
chr2,60901808,-0.007435150545498716,0.5314,0.8823997354,0.085
chr2,60901809,-0.007435150586531353,0.5328,0.883223103058,0.0865
chr2,60901810,-0.007435150620434298,0.5314,0.8823997354,0.0888
chr2,60901811,-0.007435150649121243,0.5342,0.884458761429,0.0947
chr2,60901812,-0.007435150673700949,0.5352,0.885446736366,0.1118
chr2,60901813,-0.007435150694824768,0.5338,0.884380022637,0.1207
chr2,60901814,-0.007435150712883026,0.534,0.884458761429,0.1313
chr2,60901815,-0.0074351507281251155,0.532,0.882730020782,0.1391
chr2,60901816,-0.007435150740734611,0.5328,0.883223103058,0.1675
chr2,60901817,-0.007435150750873202,0.532,0.882730020782,0.1783
chr2,60901818,-0.007435150758701861,0.5312,0.8823997354,0.1846
chr2,60901819,-0.007435150764386497,0.5304,0.8823997354,0.1887
chr2,60901820,-0.007435150768096524,0.5288,0.880831863442,0.1902
chr2,60901821,-0.007435150769999806,0.527,0.879167537278,0.1886
chr2,60901822,-0.00743515077025915,0.5266,0.879167537278,0.1852
chr2,60901823,-0.007435150769030319,0.5278,0.879750142342,0.1778
chr2,60901824,-0.007435150766461595,0.5282,0.880082811611,0.1694
chr2,60901825,-0.007435150762694506,0.5266,0.879167537278,0.162
chr2,60901826,-0.0074351507578650005,0.528,0.879916508539,0.1495
chr2,60901827,-0.007435150752104556,0.5276,0.879750142342,0.1433
chr2,60901828,-0.007435150745540885,0.5256,0.878417126546,0.1341
chr2,60901829,-0.00743515073829808,0.5236,0.876492328219,0.1259
chr2,60901830,-0.00743515073049616,0.5204,0.872965905835,0.124
chr2,60901831,-0.007435150722250083,0.5184,0.870442213937,0.1118
chr2,60901832,-0.007435150713668145,0.518,0.869936896453,0.1041
chr2,60901833,-0.007435150704850068,0.5202,0.872797115293,0.1069
chr2,60901834,-0.007435150695884542,0.519,0.871199827982,0.1137
chr2,60901835,-0.007435150686846666,0.516,0.867158438576,0.1245
chr2,60901836,-0.007435150677795019,0.5144,0.866879159873,0.1509
chr2,60901837,-0.0074351506687691145,0.515,0.866970960322,0.1618
chr2,60901838,-0.007435150659787864,0.5126,0.865418973472,0.1758
chr2,60901839,-0.007435150650849961,0.5114,0.864972652865,0.1909
chr2,60901840,-0.007435150641937019,0.5098,0.863263954497,0.2024
chr2,60901841,-0.0074351506330196165,0.5104,0.863780325658,0.2156
chr2,60901842,-0.007435150624065264,0.5108,0.864124241549,0.1896
chr2,60901843,-0.007435150615046309,0.5112,0.864717642527,0.1866
chr2,60901844,-0.00743515060594586,0.5068,0.860922823985,0.201
chr2,60901845,-0.007435150596760473,0.5082,0.86221703854,0.2173
chr2,60901846,-0.007435150587499804,0.5088,0.862901612436,0.2321
chr2,60901847,-0.007435150578184394,0.5076,0.861781751402,0.2205
chr2,60901848,-0.00743515056884274,0.5096,0.863258173401,0.1848
chr2,60901849,-0.007435150559508863,0.515,0.866970960322,0.1692
chr2,60901850,-0.007435150550220445,0.5144,0.866879159873,0.1606
chr2,60901851,-0.007435150541017497,0.5198,0.872209304547,0.1538
chr2,60901852,-0.007435150531941121,0.523,0.87598884333,0.1494
chr2,60901853,-0.0074351505230320775,0.5244,0.877413412078,0.1551
chr2,60901854,-0.0074351505143286836,0.5256,0.878417126546,0.1613
chr2,60901855,-0.0074351505058643,0.5226,0.875736405266,0.1511
chr2,60901856,-0.007435150497664376,0.5222,0.875233110687,0.1549
chr2,60901857,-0.007435150489743547,0.5256,0.878417126546,0.1577
chr2,60901858,-0.02416693544492274,0.0312,0.279119939271,0.1557
chr2,60901859,-0.03436370204046358,0.0042,0.0752785714286,0.1516
chr2,60901860,-0.03436370283851284,0.0042,0.0752785714286,0.1396
chr2,60901861,-0.0343637031487875,0.0044,0.0758676056338,0.1273
chr2,60901862,-0.03436370332200153,0.0046,0.0758676056338,0.1119
chr2,60901863,-0.03436370343656391,0.0046,0.0758676056338,0.0973
chr2,60901864,-0.034363703520118735,0.0046,0.0758676056338,0.0851
chr2,60901865,-0.03436370358494094,0.0046,0.0758676056338,0.0675
chr2,60901866,-0.034363703637244745,0.0048,0.0775639374425,0.0577
chr2,60901867,-0.034363703680417024,0.005,0.0786962365591,0.0528
chr2,60901868,-0.034363703716381755,0.005,0.0786962365591,0.0472
chr2,60901869,-0.034363703746289595,0.0052,0.0804031690141,0.0449
chr2,60901870,-0.03436370377090771,0.005,0.0786962365591,0.0432
chr2,60901871,-0.0343637037908677,0.005,0.0786962365591,0.043
chr2,60901872,-0.0343637038067904,0.0054,0.0811385799829,0.0457
chr2,60901873,-0.03436370381931358,0.0052,0.0804031690141,0.0495
chr2,60901874,-0.034363703829062474,0.0052,0.0804031690141,0.0554
chr2,60901875,-0.015851015228269958,0.1534,0.623575792641,0.0646
chr2,60901876,-0.015851014808195892,0.1532,0.623195460862,0.0725
chr2,60901877,-0.01585101465970813,0.1542,0.625814001848,0.0856
chr2,60901878,-0.01585101458066654,0.1544,0.626191641653,0.1067
chr2,60901879,-0.015851014530511617,0.1546,0.626858033241,0.125
chr2,60901880,-0.015851014495612943,0.1542,0.625814001848,0.1438
chr2,60901881,-0.015851014470058083,0.1544,0.626191641653,0.1436
chr2,60901882,-0.01585101445083618,0.155,0.628189893862,0.1498
chr2,60901883,-0.01585101443621603,0.1562,0.632049402574,0.158
chr2,60901884,-0.01585101442509445,0.1584,0.635397552131,0.1601
chr2,60901885,-0.01585101441669722,0.1604,0.635700812274,0.159
chr2,60901886,-0.015851014410420403,0.1622,0.640869215292,0.1422
chr2,60901887,-0.015851014405753632,0.1628,0.640869215292,0.138
chr2,60901888,-0.01585101440223089,0.164,0.641439490446,0.1362
chr2,60901889,-0.015851014399397827,0.1656,0.641439490446,0.1449
chr2,60901890,-0.01585101439678457,0.1682,0.641439490446,0.1442
chr2,60901891,-0.015851014393875325,0.1694,0.641439490446,0.1297
chr2,60901892,-0.015851014390066063,0.169,0.641439490446,0.1253
chr2,60901893,-0.01585101438459794,0.1668,0.641439490446,0.1266
chr2,60901894,-0.015851014376444244,0.166,0.641439490446,0.1451
chr2,60901895,-0.015851014364107997,0.166,0.641439490446,0.1505
chr2,60901896,-0.015851014345240146,0.1678,0.641439490446,0.155
chr2,60901897,-0.015851014315888017,0.1696,0.641439490446,0.1609
chr2,60901898,-0.015851014269017156,0.1706,0.641439490446,0.1878
chr2,60901899,-0.015851014192073645,0.1726,0.641735818145,0.195
chr2,60901900,-0.015851014066818835,0.176,0.641735818145,0.2003
chr2,60901901,-0.01585101388861742,0.1772,0.641735818145,0.2117
chr2,60901902,-0.015851013698129024,0.1768,0.641735818145,0.2179
chr2,60901903,-0.01585101354774453,0.1778,0.641735818145,0.224
chr2,60901904,-0.01585101344753956,0.181,0.644750557696,0.2248
chr2,60901905,-0.015851013381448075,0.1842,0.650633794348,0.2255
chr2,60901906,-0.01585101333541732,0.1854,0.651440488098,0.2225
chr2,60901907,-0.015851013301097713,0.1852,0.650998198919,0.2134
chr2,60901908,-0.01585101327374,0.1864,0.65377715655,0.202
chr2,60901909,-0.015851013250545862,0.1864,0.65377715655,0.1892
chr2,60901910,-0.015851013229783016,0.1882,0.657988256369,0.2025
chr2,60901911,-0.01585101321031677,0.1888,0.658774731824,0.2206
chr2,60901912,-0.015851013191358267,0.1898,0.659382318038,0.1957
chr2,60901913,-0.01585101317231898,0.192,0.662309505106,0.1747
chr2,60901914,-0.015851013152718883,0.1966,0.670279309006,0.1562
chr2,60901915,-0.01585101313211977,0.1986,0.672444337996,0.1427
chr2,60901916,-0.01585101311006584,0.2006,0.673716826004,0.1326
chr2,60901917,-0.015851013086016233,0.2042,0.676967756585,0.1228
chr2,60901918,-0.01585101305925406,0.2064,0.676967756585,0.117
chr2,60901919,-0.01585101302872447,0.2094,0.676967756585,0.1122
chr2,60901920,-0.01585101299274088,0.2128,0.676967756585,0.1112
chr2,60901921,-0.015851012948357536,0.2156,0.676967756585,0.1131
chr2,60901922,-0.015851012889854778,0.2166,0.676967756585,0.1142
chr2,60901923,-0.015851012804346025,0.2198,0.676967756585,0.1173
chr2,60901924,-0.01305097662352576,0.3158,0.71271065142,0.1239
chr2,60901925,-0.013050976442602618,0.3182,0.714356367352,0.1363
chr2,60901926,-0.01305097640879199,0.3192,0.715602807913,0.1475
chr2,60901927,0.00311020722329845,0.7412,0.897402573175,0.161
chr2,60901928,0.0031102072545360496,0.7416,0.897402573175,0.1762
chr2,60901929,0.0031102072815827383,0.7426,0.897402573175,0.1891
chr2,60901930,0.003110207305203606,0.7436,0.897402573175,0.2344
chr2,60901931,0.0031102073259639653,0.7444,0.897402573175,0.1839
chr2,60901932,0.003110207344288371,0.7444,0.897402573175,0.1622
chr2,60901933,0.0031102073604978167,0.746,0.897402573175,0.1652
chr2,60901934,0.003110207374833338,0.7482,0.897402573175,0.1899
chr2,60901935,0.0031102073874754725,0.7502,0.897402573175,0.2197
chr2,60901936,0.0031102073985571567,0.7506,0.897402573175,0.2154
chr2,60901937,0.0031102074081764217,0.7514,0.897402573175,0.2034
chr2,60901938,0.0031102074164084045,0.7506,0.897402573175,0.1911
chr2,60901939,0.003110207423316644,0.7522,0.897402573175,0.1772
chr2,60901940,0.003110207428962932,0.7538,0.897402573175,0.1588
chr2,60901941,0.0031102074334147193,0.7518,0.897402573175,0.1415
chr2,60901942,0.003110207436749397,0.7542,0.897402573175,0.1256
chr2,60901943,0.0031102074390554017,0.7556,0.897402573175,0.1103
chr2,60901944,0.0031102074404306293,0.7586,0.897402573175,0.0949
chr2,60901945,0.00311020744097927,0.759,0.897402573175,0.089
chr2,60901946,0.003110207440807874,0.7588,0.897402573175,0.0746
chr2,60901947,0.0031102074400214553,0.7598,0.897402573175,0.0632
chr2,60901948,0.003110207438720087,0.7612,0.897402573175,0.0541
chr2,60901949,0.0031102074369962545,0.7602,0.897402573175,0.0469
chr2,60901950,0.0031102074349330065,0.7608,0.897402573175,0.0402
chr2,60901951,0.0031102074326028926,0.7614,0.897402573175,0.0372
chr2,60901952,0.0031102074300675938,0.7618,0.897402573175,0.0331
chr2,60901953,0.0031102074273781518,0.761,0.897402573175,0.0305
chr2,60901954,0.0031102074245756717,0.7616,0.897402573175,0.0284
chr2,60901955,0.003110207421692316,0.7624,0.897402573175,0.0272
chr2,60901956,0.003110207418752556,0.7626,0.897402573175,0.0262
chr2,60901957,0.0031102074157744754,0.7632,0.897402573175,0.0257
chr2,60901958,0.0031102074127709305,0.7638,0.897402573175,0.0256
chr2,60901959,0.0031102074097509036,0.764,0.897402573175,0.0255
chr2,60901960,0.003110207406720332,0.7648,0.897402573175,0.0256
chr2,60901961,0.0031102074036829103,0.7674,0.897402573175,0.0253
chr2,60901962,0.00311020740064066,0.7718,0.897402573175,0.0253
chr2,60901963,0.0031102073975942737,0.7778,0.897402573175,0.0253
chr2,60901964,0.0031102073945432616,0.7852,0.897402573175,0.0258
chr2,60901965,0.0031102073914859164,0.7844,0.897402573175,0.0261
chr2,60901966,0.003110207388419111,0.7844,0.897402573175,0.0261
chr2,60901967,0.0031102073853379727,0.7844,0.897402573175,0.0267
chr2,60901968,0.003110207382235514,0.7844,0.897402573175,0.0283
chr2,60901969,0.0031102073791023613,0.7844,0.897402573175,0.0303
chr2,60901970,0.003110207375926592,0.7844,0.897402573175,0.0323
chr2,60901971,0.0031102073726942568,0.7844,0.897402573175,0.0354
chr2,60901972,0.0031102073693905826,0.7844,0.897402573175,0.0427
chr2,60901973,0.003110207366002149,0.7844,0.897402573175,0.0506
chr2,60901974,0.003110207362519991,0.7844,0.897402573175,0.0651
chr2,60901975,0.003110207358943252,0.7844,0.897402573175,0.0827
chr2,60901976,0.0031102073552826417,0.7844,0.897402573175,0.107
chr2,60901977,0.003110207351562731,0.7844,0.897402573175,0.1344
chr2,60901978,0.0031102073478222712,0.7844,0.897402573175,0.1672
chr2,60901979,0.0031102073441121717,0.7844,0.897402573175,0.284
chr2,60901980,0.0031102073404913693,0.7844,0.897402573175,0.3357
chr2,60901981,0.003110207337021366,0.7844,0.897402573175,0.3742
chr2,60901982,0.003110207333760421,0.7844,0.897402573175,0.3938
chr2,60901983,0.0031102073307583554,0.7844,0.897402573175,0.3938
chr2,60902054,-0.004285502041463516,0.9482,0.96944895227,0.3443
chr2,60904229,-0.015250050395422933,0.3026,0.708594720704,0.221
chr2,60904230,-0.015250050397963458,0.3026,0.708594720704,0.266
chr2,60904231,-0.015250050400987028,0.3026,0.708594720704,0.29
chr2,60904232,-0.015250050404547414,0.3026,0.708594720704,0.3737
chr2,60904233,-0.015250050408699447,0.3026,0.708594720704,0.4355
chr2,60904234,-0.015250050413500003,0.3024,0.708594720704,0.4782
chr2,60904235,-0.015250050419009896,0.3022,0.708594720704,0.4925
chr2,60904236,-0.015250050425297134,0.3014,0.708232064128,0.4836
chr2,60904237,-0.015250050432441884,0.2996,0.707226716839,0.45
chr2,60904238,-0.015250050440543679,0.298,0.706202104695,0.4072
chr2,60904239,-0.015250050449731626,0.2952,0.703171296924,0.3459
chr2,60904240,-0.015250050460178863,0.292,0.700393281442,0.2657
chr2,60904241,-0.015250050472123565,0.2928,0.701163190184,0.1884
chr2,60904242,-0.015250050485899945,0.2924,0.700778550962,0.1458
chr2,60904243,-0.01525005050198578,0.2912,0.700200409836,0.1299
chr2,60904244,-0.015250050521077635,0.2876,0.697362506902,0.1128
chr2,60904245,-0.015250050544214244,0.2862,0.695889119601,0.0982
chr2,60904246,-0.015250050572987409,0.2832,0.694991670137,0.0881
chr2,60904247,-0.015250050609919838,0.2806,0.694991670137,0.0825
chr2,60904248,-0.015250050659182847,0.2784,0.694991670137,0.0811
chr2,60904249,-0.015250050728064653,0.2744,0.694991670137,0.0824
chr2,60904250,-0.015250050830262993,0.2692,0.691300877193,0.0873
chr2,60904251,-0.01525005099408775,0.2624,0.684750557124,0.0938
chr2,60904252,-0.015250051285137465,0.2556,0.677287760024,0.1058
chr2,60904253,-0.015250051874451056,0.2522,0.676967756585,0.1161
chr2,60904254,-0.015250053242838417,0.2474,0.676967756585,0.1274
chr2,60904255,-0.015250057202546574,0.2464,0.676967756585,0.1234
chr2,60904256,-0.01647229392774614,0.2076,0.676967756585,0.1293
chr2,60904257,-0.016472293930884497,0.2078,0.676967756585,0.1316
chr2,60904258,-0.016472293933702822,0.2074,0.676967756585,0.1307
chr2,60904259,-0.01647229393621974,0.208,0.676967756585,0.127
chr2,60904260,-0.016472293938456135,0.2072,0.676967756585,0.1188
chr2,60904261,-0.016472293940434195,0.2072,0.676967756585,0.1079
chr2,60904262,-0.01647229394217659,0.206,0.676967756585,0.0954
chr2,60904263,-0.016472293943705293,0.2054,0.676967756585,0.0834
chr2,60904264,-0.016472293945040253,0.2054,0.676967756585,0.0724
chr2,60904265,-0.016472293946197623,0.2046,0.676967756585,0.067
chr2,60904266,-0.016472293947187786,0.2028,0.675679438543,0.0633
chr2,60904267,-0.01647229394801341,0.2028,0.675679438543,0.0626
chr2,60904268,-0.016472293948667643,0.1984,0.672444337996,0.0587
chr2,60904269,-0.016472293949132598,0.1958,0.668200310861,0.0594
chr2,60904270,-0.016472293949378027,0.187,0.655227408737,0.0663
chr2,60904271,-0.016472293949360006,0.1848,0.650633794348,0.0785
chr2,60904272,-0.01647229394901907,0.1814,0.645782529388,0.0938
chr2,60904273,-0.016472293948276925,0.1812,0.645201297385,0.1039
chr2,60904274,-0.01647229394703038,0.1804,0.643657525899,0.1211
chr2,60904275,-0.016472293945139927,0.1802,0.643205242837,0.1439
chr2,60904276,-0.016472293942408484,0.1792,0.64211505508,0.1651
chr2,60904277,-0.0164722939385407,0.1778,0.641735818145,0.1861
chr2,60904278,-0.01647229393306145,0.1772,0.641735818145,0.2049
chr2,60904279,-0.016472293925139835,0.177,0.641735818145,0.2206
chr2,60904280,-0.01647229391316609,0.1762,0.641735818145,0.2319
chr2,60904281,-0.016472293893578523,0.1746,0.641735818145,0.2599
chr2,60904282,-0.016472293856905035,0.1738,0.641735818145,0.2627
chr2,60904283,-0.016472293768446836,0.1736,0.641735818145,0.2607
chr2,60904284,-0.0164722933014116,0.1752,0.641735818145,0.2561
chr2,60904285,0.00252314881167258,0.7512,0.897402573175,0.2232
chr2,60904286,0.002523148811819716,0.751,0.897402573175,0.1953
chr2,60904287,0.0025231488119659778,0.7534,0.897402573175,0.2037
chr2,60904288,0.002523148812108638,0.7522,0.897402573175,0.2165
chr2,60904289,0.0025231488122453446,0.753,0.897402573175,0.1982
chr2,60904290,0.0025231488123742185,0.7544,0.897402573175,0.1802
chr2,60904291,0.002523148812493949,0.7556,0.897402573175,0.1594
chr2,60904292,0.0025231488126038672,0.7542,0.897402573175,0.1375
chr2,60904293,0.0025231488127040133,0.7556,0.897402573175,0.1172
chr2,60904294,0.0025231488127951777,0.7544,0.897402573175,0.1126
chr2,60904295,0.0025231488128789146,0.754,0.897402573175,0.096
chr2,60904296,0.0025231488129574906,0.7524,0.897402573175,0.0843
chr2,60904297,0.0025231488130337786,0.754,0.897402573175,0.0745
chr2,60904298,0.0025231488131110527,0.7582,0.897402573175,0.0672
chr2,60904299,0.0025231488131927343,0.7572,0.897402573175,0.0646
chr2,60904300,0.002523148813282103,0.757,0.897402573175,0.0636
chr2,60904301,0.002523148813382041,0.759,0.897402573175,0.0626
chr2,60904302,0.0025231488134948537,0.76,0.897402573175,0.0634
chr2,60904303,0.002523148813622174,0.7618,0.897402573175,0.0647
chr2,60904304,0.002523148813764952,0.7644,0.897402573175,0.0614
chr2,60904305,0.002523148813923493,0.7642,0.897402573175,0.0635
chr2,60904306,0.002523148814097518,0.7642,0.897402573175,0.0682
chr2,60904307,0.002523148814286202,0.764,0.897402573175,0.0719
chr2,60904308,0.002523148814488211,0.7648,0.897402573175,0.0747
chr2,60904309,0.0025231488147017126,0.7636,0.897402573175,0.0832
chr2,60904310,0.002523148814924389,0.7654,0.897402573175,0.0946
chr2,60904311,0.002523148815153468,0.7634,0.897402573175,0.0998
chr2,60904312,0.0025231488153857878,0.7602,0.897402573175,0.1109
chr2,60904313,0.002523148815617907,0.7582,0.897402573175,0.1269
chr2,60904314,0.0025231488158462545,0.7594,0.897402573175,0.1483
chr2,60904315,0.002523148816067303,0.7572,0.897402573175,0.1721
chr2,60904316,0.002523148816277735,0.7546,0.897402573175,0.1994
chr2,60904317,0.0025231488164745774,0.755,0.897402573175,0.2277
chr2,60904318,0.0025231488166553083,0.756,0.897402573175,0.2515
chr2,60904319,0.0025231488168179243,0.7576,0.897402573175,0.2739
chr2,60904320,0.002523148816960983,0.7576,0.897402573175,0.2856
chr2,60904321,0.002523148817083647,0.755,0.897402573175,0.2962
chr2,60904322,0.002523148817185716,0.7572,0.897402573175,0.2511
chr2,60904323,0.002523148817267653,0.7562,0.897402573175,0.2398
chr2,60904324,0.002523148817330591,0.7564,0.897402573175,0.2288
chr2,60904325,0.0025231488173762897,0.757,0.897402573175,0.2065
chr2,60904326,0.002523148817407039,0.7562,0.897402573175,0.1872
chr2,60904327,0.002523148817425492,0.758,0.897402573175,0.1718
chr2,60904328,0.0025231488174344615,0.7576,0.897402573175,0.164
chr2,60904329,0.0025231488174367075,0.7572,0.897402573175,0.1715
chr2,60904330,0.002523148817434755,0.7524,0.897402573175,0.1982
chr2,60904331,0.0025231488174307748,0.7528,0.897402573175,0.1997
chr2,60904332,0.0025231488174265256,0.7558,0.897402573175,0.1677
chr2,60904333,0.002523148817423348,0.7552,0.897402573175,0.1746
chr2,60904334,0.0025231488174222013,0.7538,0.897402573175,0.2117
chr2,60904335,0.0025231488174237136,0.7542,0.897402573175,0.1788
chr2,60904336,0.0025231488174282373,0.752,0.897402573175,0.1781
chr2,60904337,0.002523148817435908,0.7518,0.897402573175,0.1705
chr2,60904338,0.002523148817446692,0.7524,0.897402573175,0.1603
chr2,60904339,0.002523148817460441,0.7532,0.897402573175,0.1296
chr2,60904340,0.0025231488174769267,0.754,0.897402573175,0.1141
chr2,60904341,0.0025231488174958815,0.7546,0.897402573175,0.1111
chr2,60904342,0.0025231488175170356,0.7526,0.897402573175,0.1063
chr2,60904343,0.002523148817540142,0.752,0.897402573175,0.0921
chr2,60904344,0.002523148817565006,0.7498,0.897402573175,0.0729
chr2,60904345,0.0025231488175914973,0.75,0.897402573175,0.0631
chr2,60904346,0.0025231488176195673,0.7532,0.897402573175,0.0541
chr2,60904347,0.0025231488176492485,0.756,0.897402573175,0.0523
chr2,60904348,0.0025231488176806495,0.755,0.897402573175,0.05
chr2,60904349,0.002523148817713944,0.7512,0.897402573175,0.0503
chr2,60904350,0.002523148817749353,0.751,0.897402573175,0.052
chr2,60904351,0.0025231488177871212,0.7518,0.897402573175,0.0544
chr2,60904352,0.002523148817827491,0.7522,0.897402573175,0.0567
chr2,60904353,0.002523148817870666,0.7532,0.897402573175,0.0579
chr2,60904354,0.002523148817916791,0.7536,0.897402573175,0.061
chr2,60904355,0.0025231488179659175,0.7544,0.897402573175,0.0608
chr2,60904356,0.0025231488180179826,0.7544,0.897402573175,0.0602
chr2,60904357,0.0025231488180727864,0.7552,0.897402573175,0.0567
chr2,60904358,0.002523148818129973,0.7552,0.897402573175,0.0586
chr2,60904359,0.0025231488181890163,0.757,0.897402573175,0.0542
chr2,60904360,0.002523148818249201,0.7576,0.897402573175,0.0513
chr2,60904361,0.0025231488183095952,0.7576,0.897402573175,0.0476
chr2,60904362,0.002523148818369034,0.7584,0.897402573175,0.0454
chr2,60904363,0.0025231488184260928,0.7598,0.897402573175,0.0442
chr2,60904364,0.002523148818479061,0.7584,0.897402573175,0.0445
chr2,60904365,0.0025231488185259183,0.7516,0.897402573175,0.0448
chr2,60904366,0.002523148818564316,0.7546,0.897402573175,0.0472
chr2,60904367,0.002523148818591575,0.7556,0.897402573175,0.0504
chr2,60904368,0.002523148818604698,0.7552,0.897402573175,0.0544
chr2,60904369,0.0025231488186004294,0.7558,0.897402573175,0.0615
chr2,60904370,0.0025231488185753796,0.7564,0.897402573175,0.0679
chr2,60904371,0.002523148818526304,0.758,0.897402573175,0.0814
chr2,60904372,0.002523148818450622,0.7556,0.897402573175,0.1029
chr2,60904373,0.002523148818347317,0.7544,0.897402573175,0.1137
chr2,60904374,0.002523148818218215,0.7546,0.897402573175,0.1287
chr2,60904375,0.002523148818069317,0.7554,0.897402573175,0.1214
chr2,60904376,0.0025231488179112355,0.7576,0.897402573175,0.1571
chr2,60904377,0.002523148817757689,0.7578,0.897402573175,0.1496
chr2,60904378,0.0025231488176221525,0.7576,0.897402573175,0.1676
chr2,60904379,0.002523148817514514,0.7584,0.897402573175,0.1886
chr2,60904380,0.0025231488174397077,0.7624,0.897402573175,0.2158
chr2,60904381,0.00252314881739845,0.7604,0.897402573175,0.2109
chr2,60904382,0.0025231488173888704,0.7584,0.897402573175,0.2397
chr2,60904383,0.002523148817407932,0.7596,0.897402573175,0.2678
chr2,60904384,0.0025231488174522767,0.7612,0.897402573175,0.2972
chr2,60904385,0.0025231488175186004,0.758,0.897402573175,0.3229
chr2,60904386,0.0025231488176037323,0.7596,0.897402573175,0.3444
chr2,60904387,0.002523148817704601,0.7594,0.897402573175,0.3648
chr2,60904388,0.002523148817818176,0.7632,0.897402573175,0.4466
chr2,60904389,0.0025231488179414422,0.7632,0.897402573175,0.5317
chr2,60904390,0.0025231488180714324,0.7618,0.897402573175,0.5358
chr2,60904391,0.0025231488182053128,0.7614,0.897402573175,0.5317
chr2,60904392,0.0025231488183405015,0.7626,0.897402573175,0.5269
chr2,60904393,0.0025231488184747847,0.7622,0.897402573175,0.5054
chr2,60904394,0.0025231488186064,0.7604,0.897402573175,0.4796
chr2,60904395,0.0025231488187340725,0.7618,0.897402573175,0.4415
chr2,60904396,0.0025231488188569955,0.7632,0.897402573175,0.3951
chr2,60904397,0.0025231488189747806,0.7634,0.897402573175,0.3432
chr2,60904398,0.002523148819087381,0.7618,0.897402573175,0.2954
chr2,60904399,0.0025231488191950063,0.7626,0.897402573175,0.2405
chr2,60904400,0.002523148819298046,0.7624,0.897402573175,0.1911
chr2,60904401,0.0025231488193969906,0.762,0.897402573175,0.1513
chr2,60904402,0.0025231488194923874,0.7614,0.897402573175,0.1172
chr2,60904403,0.0025231488195847853,0.7614,0.897402573175,0.0815
chr2,60904404,0.0025231488196747107,0.7614,0.897402573175,0.0646
chr2,60904405,0.002523148819762647,0.7598,0.897402573175,0.0535
chr2,60904406,0.00252314881984902,0.7588,0.897402573175,0.0456
chr2,60904407,0.0025231488199341993,0.7594,0.897402573175,0.0413
chr2,60904408,0.0025231488200184947,0.759,0.897402573175,0.0367
chr2,60904409,0.002523148820102166,0.759,0.897402573175,0.0335
chr2,60904410,0.002523148820185427,0.7588,0.897402573175,0.0319
chr2,60904411,0.00252314882026846,0.7594,0.897402573175,0.0309
chr2,60904412,0.0025231488203514285,0.7616,0.897402573175,0.0306
chr2,60904413,0.002523148820434483,0.7586,0.897402573175,0.0321
chr2,60904414,0.0025231488205177764,0.7544,0.897402573175,0.035
chr2,60904415,0.0025231488206014703,0.7556,0.897402573175,0.0371
chr2,60904416,0.0025231488206857414,0.7564,0.897402573175,0.0413
chr2,60904417,0.002523148820770785,0.7558,0.897402573175,0.0455
chr2,60904418,0.002523148820856811,0.7558,0.897402573175,0.0529
chr2,60904419,0.0025231488209440447,0.7574,0.897402573175,0.0633
chr2,60904420,0.0025231488210327143,0.7572,0.897402573175,0.0797
chr2,60904421,0.0025231488211230465,0.7554,0.897402573175,0.1015
chr2,60904422,0.002523148821215257,0.7544,0.897402573175,0.128
chr2,60904423,0.0025231488213095336,0.7552,0.897402573175,0.1589
chr2,60904424,0.002523148821406023,0.7538,0.897402573175,0.1862
chr2,60904425,0.0025231488215048097,0.7544,0.897402573175,0.2575
chr2,60904426,0.0001596199439621349,0.922,0.965256898471,0.2486
chr2,60904427,0.00015961994205515234,0.9218,0.965256898471,0.2724
chr2,60904428,0.00015961993989979854,0.922,0.965256898471,0.2826
chr2,60904429,0.00015961993748592966,0.9232,0.965256898471,0.2866
chr2,60904430,0.0001596199347878509,0.9228,0.965256898471,0.274
chr2,60904431,0.0001596199317546385,0.922,0.965256898471,0.2526
chr2,60904432,0.000159619928300019,0.9206,0.965256898471,0.2266
chr2,60904433,0.0001596199242903748,0.9216,0.965256898471,0.1922
chr2,60904434,0.0001596199195282646,0.9208,0.965256898471,0.1577
chr2,60904435,0.00015961991372722382,0.9206,0.965256898471,0.1465
chr2,60904436,0.00015961990647085015,0.9204,0.965256898471,0.119
chr2,60904437,0.0001596198971439313,0.9178,0.965256898471,0.0941
chr2,60904438,0.00015961988481274624,0.9164,0.965256898471,0.0732
chr2,60904439,0.0001596198680085671,0.9156,0.965256898471,0.0603
chr2,60904440,0.00015961984431247852,0.9164,0.965256898471,0.0532
chr2,60904441,0.00015961980948512488,0.9168,0.965256898471,0.0477
chr2,60904442,0.00015961975540423925,0.9142,0.965256898471,0.0456
chr2,60904443,0.00015961966445053935,0.9162,0.965256898471,0.0426
chr2,60904444,0.0001596194922457487,0.9218,0.965256898471,0.0426
chr2,60904445,0.00015961909811883595,0.9186,0.965256898471,0.043
chr2,60904446,0.0001596173218860843,0.918,0.965256898471,0.0459
chr2,60904447,-0.013990078213514051,0.2758,0.694991670137,0.0522
chr2,60904448,-0.013990079919682865,0.2766,0.694991670137,0.0588
chr2,60904449,-0.013990080395895511,0.2782,0.694991670137,0.0744
chr2,60904450,-0.013990080632284498,0.2778,0.694991670137,0.0854
chr2,60904451,-0.01399008077600674,0.2784,0.694991670137,0.0983
chr2,60904452,-0.013990080873893708,0.2788,0.694991670137,0.0911
chr2,60904453,-0.013990080945765072,0.2792,0.694991670137,0.0864
chr2,60904454,-0.013990081001412278,0.2808,0.694991670137,0.0903
chr2,60904455,-0.013990081046219897,0.2814,0.694991670137,0.0913
chr2,60904456,-0.013990081083394815,0.2828,0.694991670137,0.0937
chr2,60904457,-0.013990081114963023,0.2844,0.694991670137,0.0957
chr2,60904458,-0.013990081142265793,0.2856,0.695392847241,0.0944
chr2,60904459,-0.013990081166224428,0.2876,0.697362506902,0.0951
chr2,60904460,-0.01399008118749658,0.2906,0.700200409836,0.0961
chr2,60904461,-0.013990081206566071,0.2934,0.701643430905,0.0948
chr2,60904462,-0.01399008122380222,0.2968,0.705356785279,0.0956
chr2,60904463,-0.013990081239498403,0.2992,0.70675739645,0.0977
chr2,60904464,-0.013990081253897245,0.299,0.70675739645,0.0994
chr2,60904465,-0.013990081267207266,0.2992,0.70675739645,0.1014
chr2,60904466,-0.013990081279613334,0.2998,0.707315436242,0.102
chr2,60904467,-0.01399008129128372,0.2984,0.706575373838,0.1037
chr2,60904468,-0.013990081302374719,0.298,0.706202104695,0.1046
chr2,60904469,-0.013990081313034017,0.2994,0.707039661199,0.1028
chr2,60904470,-0.013990081323403396,0.3028,0.708685143238,0.1038
chr2,60904471,-0.01399008133362118,0.3056,0.710698873203,0.1035
chr2,60904472,-0.013990081343824613,0.3082,0.710698873203,0.1002
chr2,60904473,-0.013990081354152384,0.3122,0.710698873203,0.0983
chr2,60904474,-0.013990081364747426,0.3136,0.711642471042,0.0973
chr2,60904475,-0.013990081375760043,0.318,0.71418872267,0.0948
chr2,60904476,-0.013990081387351872,0.322,0.719594104308,0.0932
chr2,60904477,-0.0139900813997009,0.3222,0.719594104308,0.0918
chr2,60904478,-0.01399008141300842,0.3228,0.719594104308,0.1045
chr2,60904479,-0.013990081427508464,0.323,0.719594104308,0.1031
chr2,60904480,-0.013990081443483694,0.3236,0.719594104308,0.1226
chr2,60904481,-0.013990081461289577,0.3264,0.720343761779,0.1197
chr2,60904482,-0.013990081481393482,0.3296,0.723768471059,0.1171
chr2,60904483,-0.013990081504441167,0.3332,0.727656082071,0.1154
chr2,60904484,-0.013990081531372937,0.337,0.727656082071,0.1395
chr2,60904485,-0.01399008156363772,0.3416,0.730129471891,0.1361
chr2,60904486,-0.013990081603618051,0.3446,0.731026449275,0.1349
chr2,60904487,-0.013990081655562047,0.3472,0.733000961538,0.1357
chr2,60904488,-0.013990081727932126,0.3476,0.733580920341,0.1343
chr2,60904489,-0.013990081840644519,0.3496,0.735640780184,0.1341
chr2,60904490,-0.013990082055498202,0.3512,0.737633385149,0.1346
chr2,60904491,-0.01399008267967404,0.3528,0.740639655791,0.1337
chr2,60904492,-0.013990103775378038,0.3544,0.74355422838,0.1319
chr2,60904493,-0.014236436713446392,0.3468,0.732596752856,0.1344
chr2,60904494,-0.01423643728675118,0.3502,0.735885034095,0.1383
chr2,60904495,-0.01423643745037183,0.3554,0.745474205875,0.1449
chr2,60904496,-0.014236437525495084,0.3586,0.750662495531,0.1497
chr2,60904497,-0.014236437568178217,0.3616,0.75469391635,0.1619
chr2,60904498,-0.014236437595406055,0.3642,0.759038087328,0.1795
chr2,60904499,-0.014236437614090986,0.3648,0.759410204806,0.2052
chr2,60904500,-0.014236437627568866,0.3648,0.759410204806,0.2305
chr2,60904501,-0.014236437637640327,0.3648,0.759410204806,0.2521
chr2,60904502,-0.014236437645357678,0.3648,0.759410204806,0.2682
chr2,60904503,-0.014236437651373751,0.3648,0.759410204806,0.2748
chr2,60904504,-0.014236437656113628,0.3648,0.759410204806,0.2697
chr2,60934844,-0.010134763707886532,0.613,0.897402573175,0.2583
chr2,60934845,-0.010134763708986137,0.613,0.897402573175,0.2829
chr2,60934846,-0.010134763710227587,0.613,0.897402573175,0.3037
chr2,60934847,-0.010134763711609426,0.613,0.897402573175,0.3173
chr2,60934848,-0.010134763713127647,0.613,0.897402573175,0.3212
chr2,60934849,-0.010134763714776084,0.613,0.897402573175,0.3173
chr2,60934850,-0.010134763716546844,0.6126,0.897402573175,0.3048
chr2,60934851,-0.010134763718430808,0.6128,0.897402573175,0.2842
chr2,60934852,-0.010134763720418043,0.613,0.897402573175,0.2595
chr2,60934853,-0.010134763722498195,0.6128,0.897402573175,0.2286
chr2,60934854,-0.01013476372466082,0.6112,0.897402573175,0.1963
chr2,60934855,-0.010134763726895616,0.6116,0.897402573175,0.1647
chr2,60934856,-0.010134763729192644,0.6108,0.897402573175,0.1362
chr2,60934857,-0.010134763731542503,0.6106,0.897402573175,0.1102
chr2,60934858,-0.010134763733936448,0.6104,0.897402573175,0.0896
chr2,60934859,-0.010134763736366532,0.6104,0.897402573175,0.0723
chr2,60934860,-0.010134763738825698,0.6102,0.897402573175,0.0593
chr2,60934861,-0.01013476374130784,0.6092,0.897402573175,0.0497
chr2,60934862,-0.010134763743807838,0.6094,0.897402573175,0.0436
chr2,60934863,-0.010134763746321572,0.6096,0.897402573175,0.0394
chr2,60934864,-0.010134763748845888,0.608,0.897402573175,0.0377
chr2,60934865,-0.010134763751378556,0.6074,0.897402573175,0.0361
chr2,60934866,0.006588697573836887,0.6694,0.897402573175,0.0369
chr2,60934867,0.006588697576924412,0.667,0.897402573175,0.0357
chr2,60934868,0.006588697580058483,0.6686,0.897402573175,0.0375
chr2,60934869,0.0065886975832367784,0.6666,0.897402573175,0.0432
chr2,60934870,0.006588697586460821,0.6654,0.897402573175,0.0494
chr2,60934871,0.006588697589734769,0.664,0.897402573175,0.0576
chr2,60934872,0.006588697593064172,0.6618,0.897402573175,0.0671
chr2,60934873,0.00658869759645463,0.663,0.897402573175,0.079
chr2,60934874,0.006588697599910375,0.6626,0.897402573175,0.079
chr2,60934875,0.0065886976034328585,0.6622,0.897402573175,0.0899
chr2,60934876,0.0065886976070194244,0.6622,0.897402573175,0.1015
chr2,60934877,0.006588697610662264,0.6628,0.897402573175,0.1144
chr2,60934878,0.006588697614347756,0.6634,0.897402573175,0.1268
chr2,60934879,0.006588697618056328,0.6616,0.897402573175,0.1373
chr2,60934880,0.006588697621763115,0.6632,0.897402573175,0.1446
chr2,60934881,0.006588697625439076,0.665,0.897402573175,0.1504
chr2,60934882,0.006588697629052729,0.664,0.897402573175,0.1524
chr2,60934883,0.006588697632572302,0.664,0.897402573175,0.1483
chr2,60934884,0.00658869763596795,0.6636,0.897402573175,0.1442
chr2,60934885,0.006588697639213896,0.6634,0.897402573175,0.1365
chr2,60934886,0.006588697642290154,0.664,0.897402573175,0.1257
chr2,60934887,0.006588697645183704,0.6634,0.897402573175,0.113
chr2,60934888,0.006588697647889027,0.6636,0.897402573175,0.1008
chr2,60934889,0.006588697650407921,0.6632,0.897402573175,0.0889
chr2,60934890,0.006588697652748746,0.663,0.897402573175,0.0775
chr2,60934891,0.0065886976549252,0.6628,0.897402573175,0.0673
chr2,60934892,0.006588697656954786,0.6622,0.897402573175,0.0588
chr2,60934893,0.006588697658857218,0.6622,0.897402573175,0.0495
chr2,60934894,0.006588697660652868,0.663,0.897402573175,0.0436
chr2,60934895,0.006588697662361475,0.6646,0.897402573175,0.039
chr2,60934896,0.006588697664001164,0.6646,0.897402573175,0.0371
chr2,60934897,0.006588697665587772,0.6652,0.897402573175,0.0344
chr2,60934898,0.006588697667134495,0.6648,0.897402573175,0.0321
chr2,60934899,0.006588697668651789,0.6648,0.897402573175,0.0303
chr2,60934900,0.00658869767014743,0.6638,0.897402573175,0.0291
chr2,60934901,0.0065886976716266815,0.6646,0.897402573175,0.0287
chr2,60934902,0.006588697673092432,0.6636,0.897402573175,0.0286
chr2,60934903,0.006588697674545258,0.6644,0.897402573175,0.0287
chr2,60934904,0.0065886976759834065,0.6616,0.897402573175,0.0313
chr2,60934905,0.006588697677402627,0.6644,0.897402573175,0.0336
chr2,60934906,0.006588697678795943,0.6658,0.897402573175,0.0369
chr2,60934907,0.00658869768015332,0.665,0.897402573175,0.0437
chr2,60934908,0.0065886976814613935,0.6638,0.897402573175,0.0535
chr2,60934909,0.006588697682703312,0.6638,0.897402573175,0.0686
chr2,60934910,0.006588697683858868,0.6632,0.897402573175,0.0874
chr2,60934911,0.006588697684904956,0.6638,0.897402573175,0.1156
chr2,60934912,0.006588697685816527,0.6628,0.897402573175,0.1553
chr2,60934913,0.006588697686568004,0.6646,0.897402573175,0.2023
chr2,60934914,0.006588697687135076,0.6648,0.897402573175,0.2634
chr2,60934915,0.006588697687496868,0.664,0.897402573175,0.3325
chr2,60934916,0.006588697687638121,0.6634,0.897402573175,0.3952
chr2,60934917,0.006588697687551251,0.6632,0.897402573175,0.4497
chr2,60934918,0.006588697687237908,0.665,0.897402573175,0.498
chr2,60934919,0.006588697686709839,0.6662,0.897402573175,0.5298
chr2,60934920,0.006588697685988891,0.6662,0.897402573175,0.5427
chr2,60934921,0.006588697685106018,0.6666,0.897402573175,0.54
chr2,60934922,0.006588697684099379,0.6668,0.897402573175,0.5179
chr2,60934923,0.006588697683011695,0.667,0.897402573175,0.4829
chr2,60934924,0.00658869768188718,0.667,0.897402573175,0.4344
chr2,60934925,0.006588697680768351,0.667,0.897402573175,0.3794
chr2,60934983,0.014545622341921123,0.379,0.774902630365,0.1861
chr2,60934984,0.014545622339689177,0.379,0.774902630365,0.2227
chr2,60934985,0.014545622337212493,0.379,0.774902630365,0.2684
chr2,60934986,0.014545622334505863,0.379,0.774902630365,0.321
chr2,60934987,0.014545622331589536,0.379,0.774902630365,0.3887
chr2,60934988,0.014545622328488028,0.379,0.774902630365,0.4622
chr2,60934989,0.014545622325228692,0.3784,0.774902630365,0.5388
chr2,60934990,0.014545622321840217,0.3782,0.774902630365,0.6136
chr2,60934991,0.014545622318351117,0.3792,0.774902630365,0.6743
chr2,60934992,0.014545622314788361,0.3788,0.774902630365,0.7196
chr2,60934993,0.014545622311176268,0.3776,0.774902630365,0.7476
chr2,60934994,0.014545622307535682,0.3774,0.774902630365,0.7565
chr2,60934995,0.014545622303883652,0.3758,0.774574865055,0.7468
chr2,60934996,0.014545622300233462,0.3766,0.774902630365,0.7191
chr2,60934997,0.014545622296595066,0.3768,0.774902630365,0.6688
chr2,60934998,0.014545622292975827,0.3778,0.774902630365,0.603
chr2,60934999,0.01454562228938144,0.3786,0.774902630365,0.5127
chr2,60935000,0.01454562228581693,0.3796,0.774902630365,0.4161
chr2,60935001,0.014545622282287675,0.3814,0.774902630365,0.3266
chr2,60935002,0.014545622278800343,0.38,0.774902630365,0.2538
chr2,60935003,0.014545622275363676,0.3806,0.774902630365,0.1975
chr2,60935004,0.014545622271989106,0.3828,0.774908608966,0.1564
chr2,60935005,0.014545622268691062,0.3874,0.778924107143,0.1265
chr2,60935006,0.014545622265486986,0.3912,0.780578255946,0.1117
chr2,60935007,0.014545622262396954,0.3916,0.780578255946,0.103
chr2,60935008,0.014545622259442939,0.3916,0.780578255946,0.0993
chr2,60935009,0.014545622256647694,0.3916,0.780578255946,0.0988
chr2,60935010,0.014545622254033372,0.3916,0.780578255946,0.0993
chr2,60935011,0.014545622251619966,0.3916,0.780578255946,0.1004
chr2,60935012,0.014545622249423858,0.3916,0.780578255946,0.1008
chr2,60935013,0.014545622247456477,0.3916,0.780578255946,0.1
chr2,60935074,-0.02049932689555761,0.2476,0.676967756585,0.4203
chr2,60935075,-0.020499326896299165,0.2476,0.676967756585,0.4831
chr2,60935076,-0.02049932689705844,0.2476,0.676967756585,0.5272
chr2,60935077,-0.020499326897813298,0.2476,0.676967756585,0.554
chr2,60935078,-0.020499326898541167,0.2476,0.676967756585,0.567
chr2,60935079,-0.02049932689922083,0.2476,0.676967756585,0.5619
chr2,60935080,-0.02049932689983407,0.2478,0.676967756585,0.5429
chr2,60935081,-0.020499326900366925,0.248,0.676967756585,0.51
chr2,60935082,-0.020499326900810362,0.2476,0.676967756585,0.4715
chr2,60935083,-0.0204993269011604,0.2474,0.676967756585,0.4216
chr2,60935084,-0.020499326901417685,0.2462,0.676967756585,0.3811
chr2,60935085,-0.020499326901586755,0.2462,0.676967756585,0.3461
chr2,60935086,-0.020499326901675014,0.2478,0.676967756585,0.3232
chr2,60935087,-0.020499326901691785,0.243,0.676967756585,0.3192
chr2,60935088,-0.020499326901647408,0.2414,0.676967756585,0.3239
chr2,60935089,-0.020499326901552487,0.2368,0.676967756585,0.3312
chr2,60935090,-0.02049932690141741,0.237,0.676967756585,0.3432
chr2,60935091,-0.020499326901252054,0.237,0.676967756585,0.3589
chr2,60935092,-0.02049932690106554,0.237,0.676967756585,0.3721
chr2,60935093,-0.020499326900866276,0.237,0.676967756585,0.3843
chr2,60935094,-0.0204993269006618,0.237,0.676967756585,0.3848
chr2,60935095,-0.020499326900458782,0.237,0.676967756585,0.3715
chr2,60935149,-0.049997482028519606,0.013,0.159793561931,0.7105
chr2,60935150,-0.04999748202818211,0.013,0.159793561931,0.7271
chr2,60935151,-0.04999748202731806,0.013,0.159793561931,0.725
chr2,60935152,-0.04999748202579138,0.013,0.159793561931,0.7006
chr2,60935153,-0.04999748202343941,0.013,0.159793561931,0.6532
chr2,60935154,-0.049997482020056966,0.013,0.159793561931,0.5828
chr2,60935155,-0.04999748201537491,0.013,0.159793561931,0.499
chr2,60935156,-0.0499974820090349,0.013,0.159793561931,0.408
chr2,60935157,-0.049997482000564156,0.013,0.159793561931,0.3249
chr2,60935158,-0.04999748198936466,0.013,0.159793561931,0.2503
chr2,60935159,-0.049997481974756515,0.0132,0.162025157233,0.194
chr2,60935160,-0.049997481956154714,0.0126,0.157186789773,0.1585
chr2,60935161,-0.012852867537841648,0.5464,0.893206464018,0.1323
chr2,60935162,-0.012852867538326922,0.5494,0.893206464018,0.1136
chr2,60935163,-0.012852867538804455,0.5492,0.893206464018,0.1078
chr2,60935164,-0.012852867539274417,0.5492,0.893206464018,0.1078
chr2,60935165,-0.012852867539736251,0.5492,0.893206464018,0.1124
chr2,60935166,-0.01285286754018848,0.5492,0.893206464018,0.1175
chr2,60935167,-0.01285286754062867,0.5492,0.893206464018,0.1263
chr2,60935168,-0.012852867541053524,0.5492,0.893206464018,0.1338
chr2,60935169,-0.012852867541459118,0.5492,0.893206464018,0.1385
chr2,60935170,-0.012852867541841234,0.5492,0.893206464018,0.1391
